pretend 1,1,1
Western 1
wreck 1
sake 1,1,1,1,1,1,1
2 1,1,1,1,1
amusing 1
clamped 1
F 1,1,1,1,1,1,1,1,1,1
Nowadays 1,1,1,1
matchbox 1
after 1,1,1,1,1,1,1,1,1,1,1,1,1,1,1,1,1,1,1,1,1,1,1,1,1,1,1,1,1,1,1,1,1,1,1,1,1,1,1,1,1,1,1,1,1,1,1,1,1,1,1,1,1,1,1,1,1,1,1,1,1,1,1,1,1,1,1,1
d 1,1,1,1,1
suffered 1,1,1,1,1,1,1
myriad 1,1,1
quickening 1,1
Montaigne 1
thieves 1,1
colouring 1
better 1,1,1,1,1,1,1,1,1,1,1,1,1,1,1,1,1,1,1,1,1,1,1,1,1,1,1,1,1,1,1,1,1,1,1,1,1,1,1,1,1,1,1,1,1,1,1,1,1,1,1,1,1
embroideries 1
conjecture 1
cores 1
gained 1
flow 1
reminds 1
order 1,1,1,1,1
Ain 1
women 1,1,1,1,1,1,1,1,1,1,1,1,1,1,1,1,1,1,1,1,1,1,1,1,1,1,1,1,1,1,1,1,1,1,1,1,1,1,1,1,1,1,1,1,1,1,1,1,1,1,1
have 1,1,1,1,1,1,1,1,1,1,1,1,1,1,1,1,1,1,1,1,1,1,1,1,1,1,1,1,1,1,1,1,1,1,1,1,1,1,1,1,1,1,1,1,1,1,1,1,1,1,1,1,1,1,1,1,1,1,1,1,1,1,1,1,1,1,1,1,1,1,1,1,1,1,1,1,1,1,1,1,1,1,1,1,1,1,1,1,1,1,1,1,1,1,1,1,1,1,1,1,1,1,1,1,1,1,1,1,1,1,1,1,1,1,1,1,1,1,1,1,1,1,1,1,1,1,1,1,1,1,1,1,1,1,1,1,1,1,1,1,1,1,1,1,1,1,1,1,1,1,1,1,1,1,1,1,1,1,1,1,1,1,1,1,1,1,1,1,1,1,1,1,1,1,1,1,1,1,1,1,1,1,1,1,1,1,1,1,1,1,1,1,1,1,1,1,1,1,1,1,1,1,1,1,1,1,1,1,1,1,1,1,1,1,1,1,1,1,1,1,1,1,1,1,1,1,1,1,1,1,1,1,1,1,1,1,1,1,1,1,1,1,1,1,1,1,1,1,1,1,1,1,1,1,1,1,1,1,1,1,1,1,1,1,1,1,1,1,1,1,1,1,1,1,1,1,1,1,1,1,1,1,1,1,1,1,1,1,1,1,1,1,1,1,1,1,1,1,1,1,1,1,1,1,1,1,1,1,1,1,1,1,1,1,1,1,1,1,1,1,1,1,1,1,1,1,1,1,1,1,1,1,1,1,1,1,1,1,1,1,1,1,1,1,1,1,1,1,1,1,1,1,1,1,1,1,1,1,1,1,1,1,1,1,1,1,1,1,1,1,1,1,1,1,1,1,1,1,1,1,1,1,1,1,1,1,1,1,1,1,1,1,1,1,1,1,1,1,1,1,1,1,1,1,1,1,1,1,1,1,1,1,1,1,1,1,1,1,1,1,1,1,1,1,1,1,1,1,1,1,1,1,1,1,1,1,1,1,1,1,1,1,1,1,1,1,1,1,1,1,1,1,1,1,1,1,1,1,1,1,1,1,1,1,1,1,1,1,1,1,1,1,1,1,1,1,1,1,1,1,1,1,1,1,1,1,1,1,1,1,1,1,1,1,1,1,1,1,1,1,1,1,1,1,1,1,1,1,1,1,1,1,1,1,1,1,1,1,1,1,1,1,1,1,1,1,1,1,1,1,1,1,1,1,1,1,1,1,1,1,1,1,1,1,1,1,1,1,1,1,1,1,1,1,1,1,1
picture 1,1,1,1,1,1,1,1,1,1,1,1,1,1,1,1,1,1,1,1,1,1,1,1,1,1,1,1,1,1,1,1,1,1,1,1,1,1,1,1,1,1,1,1,1,1,1,1,1,1,1,1,1,1,1,1,1,1,1,1,1,1,1,1,1,1,1,1,1
thousand 1,1,1,1,1
alder 1
pipe 1,1,1
aphorisms 1
caught 1,1,1,1,1,1,1,1,1,1,1,1
Are 1,1,1,1,1,1
offering 1
Formosus 1
moment 1,1,1,1,1,1,1,1,1,1,1,1,1,1,1,1,1,1,1,1,1,1,1,1,1,1,1,1,1,1,1,1,1,1,1,1,1,1,1,1,1,1,1,1,1,1,1,1,1,1,1,1,1,1,1,1,1,1,1,1,1,1,1,1,1,1,1,1
desired 1,1,1
Rue 1
They 1,1,1,1,1,1,1,1,1,1,1,1,1,1,1,1,1,1,1,1,1,1,1,1,1,1,1,1,1,1,1,1,1,1,1,1,1,1,1,1,1,1,1,1,1,1,1,1,1,1,1,1,1,1,1,1,1,1,1,1,1,1,1,1,1,1,1,1,1,1,1,1,1,1,1,1,1,1,1,1,1,1,1,1,1,1,1,1,1,1,1,1,1,1,1,1,1,1,1,1,1,1,1,1,1,1,1,1,1,1,1,1,1,1,1,1,1,1,1,1,1,1,1,1,1,1,1,1,1
cabinet 1,1,1
jacket 1
District 1
Italian 1,1,1,1,1
mellow 1,1,1
fallen 1,1,1,1,1
short 1,1,1,1,1,1,1,1
_Fin 1,1
facade 1,1
consistency 1
gallery 1,1,1,1,1,1,1
redistribute 1
consult 1,1
hanging 1,1,1,1,1
possession 1,1,1
audible 1
slashed 1
Bournemouth 1
San 1,1
guarded 1
carbuncles 1,1,1,1
subscribe 1
actuality 1
shouted 1
Thus 1
dew 1,1,1,1
preacher 1
prejudices 1,1,1,1,1
Atalanta 1
Set 1
returning 1
whispering 1,1
fuming 1
yielded 1,1
inorganic 1
Neronian 1
contents 1
status 1,1,1,1
overheard 1
Colonies 1
widest 1,1
insincere 1,1,1
maim 1
concentrated 1,1
smoking 1,1,1,1,1,1,1
tiled 1
dug 1
invention 1
13 1
Sun 1,1
experiments 1,1
inspire 1
woodland 1,1,1
bare 1,1
Valentinois 1
84116 1
apple 1,1,1
themselves 1,1,1,1,1,1,1,1,1,1,1,1,1,1,1,1,1,1
Late 1
apply 1
politician 1
Beckenham 1
lost 1,1,1,1,1,1,1,1,1,1,1,1,1,1,1,1,1
mannerism 1
secret 1,1,1,1,1,1,1,1,1,1,1,1,1,1,1,1,1,1,1,1,1,1,1,1,1,1,1,1,1,1,1,1,1,1,1,1,1,1,1,1,1
opinion 1,1,1,1,1
lots 1
devotion 1,1
stir 1,1,1,1,1,1,1,1,1
existence 1,1,1,1,1,1
dreamless 1
arabesques 1
degrade 1,1
attacking 1
AK 1
As 1,1,1,1,1,1,1,1,1,1,1,1,1,1,1,1,1,1,1,1,1,1,1,1,1,1,1,1,1,1,1,1,1,1,1,1,1,1,1,1,1,1,1,1,1,1,1,1,1,1,1,1,1,1,1,1,1,1,1,1,1,1,1,1,1,1,1,1,1,1,1,1,1,1,1,1,1,1,1,1
computers 1,1
agreed 1
learn 1,1,1,1,1
Somehow 1
errand 1
faint 1,1,1,1,1,1,1,1,1
vexed 1
often 1,1,1,1,1,1,1,1,1,1,1,1,1,1,1,1,1,1,1,1,1,1,1,1,1,1,1,1,1,1,1,1,1,1,1,1,1
companion 1,1,1,1,1,1,1
packed 1
chased 1,1,1
bushrangers 1,1
slightly 1,1,1,1
wanting 1,1
stitched 1
valet 1,1,1,1,1,1,1,1,1,1,1,1,1
asked 1,1,1,1,1,1,1,1,1,1,1,1,1,1,1,1,1,1,1,1,1,1,1,1,1,1,1,1,1,1,1,1,1,1,1,1,1,1,1,1,1,1,1,1,1,1,1,1,1,1,1,1,1,1,1,1,1,1,1,1,1
vibrating 1,1
ambergris 1
FITNESS 1
degradation 1,1,1,1,1
ancestors 1
sofas 1
dreams 1,1,1,1,1,1,1,1
tapestries 1,1,1,1
eve 1
chose 1
appetite 1
couch 1,1,1,1
attractions 1
waves 1,1,1,1
remain 1,1,1,1,1,1,1,1,1
Ugliness 1,1,1,1
Details 1
_grande 1
Faithfulness 1,1
incomplete 1,1,1
wonders 1,1,1
refreshed 1
decide 1,1
receiving 1
prowling 1,1
meanings 1,1
pleased 1,1,1,1
wondered 1,1,1,1,1,1,1,1,1,1,1,1
Culture 1
inner 1
game 1
Polo 1
wit 1,1
matters 1,1,1,1
trembles 1
nocturne 1,1
excited 1,1,1
EIN 1
admire 1,1,1
leprosies 1
foot 1,1,1,1,1,1,1
Farm 1,1,1
won 1,1,1,1,1,1,1,1,1,1,1,1,1,1,1,1,1,1,1,1,1,1,1,1,1,1,1,1,1,1,1,1
rash 1,1
501 1,1
is 1,1,1,1,1,1,1,1,1,1,1,1,1,1,1,1,1,1,1,1,1,1,1,1,1,1,1,1,1,1,1,1,1,1,1,1,1,1,1,1,1,1,1,1,1,1,1,1,1,1,1,1,1,1,1,1,1,1,1,1,1,1,1,1,1,1,1,1,1,1,1,1,1,1,1,1,1,1,1,1,1,1,1,1,1,1,1,1,1,1,1,1,1,1,1,1,1,1,1,1,1,1,1,1,1,1,1,1,1,1,1,1,1,1,1,1,1,1,1,1,1,1,1,1,1,1,1,1,1,1,1,1,1,1,1,1,1,1,1,1,1,1,1,1,1,1,1,1,1,1,1,1,1,1,1,1,1,1,1,1,1,1,1,1,1,1,1,1,1,1,1,1,1,1,1,1,1,1,1,1,1,1,1,1,1,1,1,1,1,1,1,1,1,1,1,1,1,1,1,1,1,1,1,1,1,1,1,1,1,1,1,1,1,1,1,1,1,1,1,1,1,1,1,1,1,1,1,1,1,1,1,1,1,1,1,1,1,1,1,1,1,1,1,1,1,1,1,1,1,1,1,1,1,1,1,1,1,1,1,1,1,1,1,1,1,1,1,1,1,1,1,1,1,1,1,1,1,1,1,1,1,1,1,1,1,1,1,1,1,1,1,1,1,1,1,1,1,1,1,1,1,1,1,1,1,1,1,1,1,1,1,1,1,1,1,1,1,1,1,1,1,1,1,1,1,1,1,1,1,1,1,1,1,1,1,1,1,1,1,1,1,1,1,1,1,1,1,1,1,1,1,1,1,1,1,1,1,1,1,1,1,1,1,1,1,1,1,1,1,1,1,1,1,1,1,1,1,1,1,1,1,1,1,1,1,1,1,1,1,1,1,1,1,1,1,1,1,1,1,1,1,1,1,1,1,1,1,1,1,1,1,1,1,1,1,1,1,1,1,1,1,1,1,1,1,1,1,1,1,1,1,1,1,1,1,1,1,1,1,1,1,1,1,1,1,1,1,1,1,1,1,1,1,1,1,1,1,1,1,1,1,1,1,1,1,1,1,1,1,1,1,1,1,1,1,1,1,1,1,1,1,1,1,1,1,1,1,1,1,1,1,1,1,1,1,1,1,1,1,1,1,1,1,1,1,1,1,1,1,1,1,1,1,1,1,1,1,1,1,1,1,1,1,1,1,1,1,1,1,1,1,1,1,1,1,1,1,1,1,1,1,1,1,1,1,1,1,1,1,1,1,1,1,1,1,1,1,1,1,1,1,1,1,1,1,1,1,1,1,1,1,1,1,1,1,1,1,1,1,1,1,1,1,1,1,1,1,1,1,1,1,1,1,1,1,1,1,1,1,1,1,1,1,1,1,1,1,1,1,1,1,1,1,1,1,1,1,1,1,1,1,1,1,1,1,1,1,1,1,1,1,1,1,1,1,1,1,1,1,1,1,1,1,1,1,1,1,1,1,1,1,1,1,1,1,1,1,1,1,1,1,1,1,1,1,1,1,1,1,1,1,1,1,1,1,1,1,1,1,1,1,1,1,1,1,1,1,1,1,1,1,1,1,1,1,1,1,1,1,1,1,1,1,1,1,1,1,1,1,1,1,1,1,1,1,1,1,1,1,1,1,1,1,1,1,1,1,1,1,1,1,1,1,1,1,1,1,1,1,1,1,1,1,1,1,1,1,1,1,1,1,1,1,1,1,1,1,1,1,1,1,1,1,1,1,1,1,1,1,1,1,1,1,1,1,1,1,1,1,1,1,1,1,1,1,1,1,1,1,1,1,1,1,1,1,1,1,1,1,1,1,1,1,1,1,1,1,1,1,1,1,1,1,1,1,1,1,1,1,1,1,1,1,1,1,1,1,1,1,1,1,1,1,1,1,1,1,1,1,1,1,1,1,1,1,1,1,1,1,1,1,1,1,1,1,1,1,1,1,1,1,1,1,1,1,1,1,1,1,1,1,1,1,1,1,1,1,1,1,1,1,1,1,1,1,1,1,1,1,1,1,1,1,1,1,1,1,1,1,1,1,1,1,1,1,1,1,1,1,1,1,1,1,1,1,1,1,1,1,1
Yellow 1
contrast 1,1
affinity 1,1
sending 1
encore 1
second 1,1,1,1,1,1,1,1,1,1,1,1
me 1,1,1,1,1,1,1,1,1,1,1,1,1,1,1,1,1,1,1,1,1,1,1,1,1,1,1,1,1,1,1,1,1,1,1,1,1,1,1,1,1,1,1,1,1,1,1,1,1,1,1,1,1,1,1,1,1,1,1,1,1,1,1,1,1,1,1,1,1,1,1,1,1,1,1,1,1,1,1,1,1,1,1,1,1,1,1,1,1,1,1,1,1,1,1,1,1,1,1,1,1,1,1,1,1,1,1,1,1,1,1,1,1,1,1,1,1,1,1,1,1,1,1,1,1,1,1,1,1,1,1,1,1,1,1,1,1,1,1,1,1,1,1,1,1,1,1,1,1,1,1,1,1,1,1,1,1,1,1,1,1,1,1,1,1,1,1,1,1,1,1,1,1,1,1,1,1,1,1,1,1,1,1,1,1,1,1,1,1,1,1,1,1,1,1,1,1,1,1,1,1,1,1,1,1,1,1,1,1,1,1,1,1,1,1,1,1,1,1,1,1,1,1,1,1,1,1,1,1,1,1,1,1,1,1,1,1,1,1,1,1,1,1,1,1,1,1,1,1,1,1,1,1,1,1,1,1,1,1,1,1,1,1,1,1,1,1,1,1,1,1,1,1,1,1,1,1,1,1,1,1,1,1,1,1,1,1,1,1,1,1,1,1,1,1,1,1,1,1,1,1,1,1,1,1,1,1,1,1,1,1,1,1,1,1,1,1,1,1,1,1,1,1,1,1,1,1,1,1,1,1,1,1,1,1,1,1,1,1,1,1,1,1,1,1,1,1,1,1,1,1,1,1,1,1,1,1,1,1,1,1,1,1,1,1,1,1,1,1,1,1,1,1,1,1,1,1,1,1,1,1,1,1,1,1,1,1,1,1,1,1,1,1,1,1,1,1,1,1,1,1,1,1,1,1,1,1,1,1,1,1,1,1,1,1,1,1,1,1,1,1,1,1,1,1,1,1,1,1,1,1,1,1,1,1,1,1,1,1,1,1,1,1,1,1,1,1,1,1,1,1,1,1,1,1,1,1,1,1,1,1,1,1,1,1,1,1,1,1,1,1,1,1,1,1,1,1,1,1,1,1,1,1,1,1,1,1,1,1,1,1,1,1,1,1,1,1,1,1,1,1,1,1,1,1,1,1,1,1,1,1,1,1,1,1,1,1,1,1,1,1,1,1
locked 1,1,1,1,1,1,1,1,1
turmoil 1
Marlow 1
my 1,1,1,1,1,1,1,1,1,1,1,1,1,1,1,1,1,1,1,1,1,1,1,1,1,1,1,1,1,1,1,1,1,1,1,1,1,1,1,1,1,1,1,1,1,1,1,1,1,1,1,1,1,1,1,1,1,1,1,1,1,1,1,1,1,1,1,1,1,1,1,1,1,1,1,1,1,1,1,1,1,1,1,1,1,1,1,1,1,1,1,1,1,1,1,1,1,1,1,1,1,1,1,1,1,1,1,1,1,1,1,1,1,1,1,1,1,1,1,1,1,1,1,1,1,1,1,1,1,1,1,1,1,1,1,1,1,1,1,1,1,1,1,1,1,1,1,1,1,1,1,1,1,1,1,1,1,1,1,1,1,1,1,1,1,1,1,1,1,1,1,1,1,1,1,1,1,1,1,1,1,1,1,1,1,1,1,1,1,1,1,1,1,1,1,1,1,1,1,1,1,1,1,1,1,1,1,1,1,1,1,1,1,1,1,1,1,1,1,1,1,1,1,1,1,1,1,1,1,1,1,1,1,1,1,1,1,1,1,1
CONTRACT 1
Arden 1,1
reserve 1
somehow 1,1
oratory 1
bathed 1
them 1,1,1,1,1,1,1,1,1,1,1,1,1,1,1,1,1,1,1,1,1,1,1,1,1,1,1,1,1,1,1,1,1,1,1,1,1,1,1,1,1,1,1,1,1,1,1,1,1,1,1,1,1,1,1,1,1,1,1,1,1,1,1,1,1,1,1,1,1,1,1,1,1,1,1,1,1,1,1,1,1,1,1,1,1,1,1,1,1,1,1,1,1,1,1,1,1,1,1,1,1,1,1,1,1,1,1,1,1,1,1,1,1,1,1,1,1,1,1,1,1,1,1,1,1,1,1,1,1,1,1,1,1,1,1,1,1,1,1,1,1,1,1,1,1,1,1,1,1,1,1,1,1,1,1,1,1,1,1,1,1,1,1,1,1,1,1,1,1,1,1,1,1,1,1,1,1,1,1,1,1,1,1,1,1,1,1,1,1,1,1,1,1,1,1,1,1,1,1,1,1,1,1
discovered 1,1,1,1,1,1,1,1,1,1,1,1,1
bells 1,1
s_ 1
email 1,1
Literary 1,1,1,1,1,1,1,1,1,1,1,1,1
fingered 1
sighted 1
this 1,1,1,1,1,1,1,1,1,1,1,1,1,1,1,1,1,1,1,1,1,1,1,1,1,1,1,1,1,1,1,1,1,1,1,1,1,1,1,1,1,1,1,1,1,1,1,1,1,1,1,1,1,1,1,1,1,1,1,1,1,1,1,1,1,1,1,1,1,1,1,1,1,1,1,1,1,1,1,1,1,1,1,1,1,1,1,1,1,1,1,1,1,1,1,1,1,1,1,1,1,1,1,1,1,1,1,1,1,1,1,1,1,1,1,1,1,1,1,1,1,1,1,1,1,1,1,1,1,1,1,1,1,1,1,1,1,1,1,1,1,1,1,1,1,1,1,1,1,1,1,1,1,1,1,1,1,1,1
refashioned 1
divinely 1,1
we 1,1,1,1,1,1,1,1,1,1,1,1,1,1,1,1,1,1,1,1,1,1,1,1,1,1,1,1,1,1,1,1,1,1,1,1,1,1,1,1,1,1,1,1,1,1,1,1,1,1,1,1,1,1,1,1,1,1,1,1,1,1,1,1,1,1,1,1,1,1,1,1,1,1,1,1,1,1,1,1,1,1,1,1,1,1,1,1,1,1,1,1,1,1,1,1,1,1,1,1,1,1,1,1,1,1,1,1,1,1,1,1,1,1,1,1,1,1,1,1,1,1,1,1,1,1,1,1,1,1,1,1,1,1
quail 1
summoned 1
type 1,1,1,1,1,1,1,1,1,1,1,1,1
Malay 1
plucked 1,1,1
sluggish 1,1
provisions 1
get 1,1,1,1,1,1,1,1,1,1,1,1,1,1,1,1,1,1,1,1,1,1,1,1,1,1,1,1,1,1,1,1,1,1,1,1,1,1,1,1,1,1,1,1,1
here 1,1,1,1,1,1,1,1,1,1,1,1,1,1,1,1,1,1,1,1,1,1,1,1,1,1,1,1,1,1,1,1,1,1,1,1
snake 1
scale 1
hero 1,1,1,1
security 1
edges 1,1
magical 1,1
Shut 1
Think 1
reverie 1,1
possess 1,1,1
silliness 1
strangled 1,1,1,1,1
posing 1
got 1,1,1,1,1,1,1,1,1,1,1,1,1,1,1,1,1,1,1,1,1,1,1,1,1,1,1,1,1,1,1,1,1,1,1,1,1,1,1,1,1,1,1,1,1,1,1,1,1,1,1,1,1,1
steaming 1
chariot 1
lads 1
pocket 1,1,1,1,1
archways 1
foreigners 1,1,1
considered 1,1,1
flashes 1
IMPLIED 1
gun 1,1
American 1,1,1,1,1,1,1
laid 1,1,1,1,1,1,1,1,1,1,1
almost 1,1,1,1,1,1,1,1,1,1,1,1,1,1,1,1,1,1,1,1,1,1,1,1,1,1,1,1,1,1,1,1,1,1,1
charity 1,1
However 1,1,1,1,1,1,1
basis 1,1,1,1,1
affected 1,1,1
couches 1
hansom 1,1,1,1,1,1,1,1,1
wirelike 1
hinted 1,1
discussing 1
styles 1
circle 1,1,1
found 1,1,1,1,1,1,1,1,1,1,1,1,1,1,1,1,1,1,1,1,1,1,1,1,1,1,1,1,1,1,1,1,1,1,1,1,1,1,1,1,1,1,1,1,1,1,1,1,1
raking 1
clenched 1,1
cruelty 1,1,1,1,1,1,1,1,1
ideals 1
entirely 1,1,1,1,1,1,1,1,1,1,1,1,1,1,1,1,1,1
stables 1,1
goods 1,1,1,1
frescoes 1
overtired 1
effort 1,1,1,1,1
tediously 1
prate 1
worship 1,1,1,1,1,1,1,1,1,1,1,1
flinging 1,1,1
immobile 1,1
swore 1,1
Few 1
bear 1,1,1,1,1,1,1,1,1,1,1,1,1,1,1,1,1,1,1,1
resist 1,1
twice 1,1,1,1,1,1,1,1
fibre 1,1,1,1
reveals 1,1,1
polished 1,1,1,1,1,1,1,1
debts 1
been 1,1,1,1,1,1,1,1,1,1,1,1,1,1,1,1,1,1,1,1,1,1,1,1,1,1,1,1,1,1,1,1,1,1,1,1,1,1,1,1,1,1,1,1,1,1,1,1,1,1,1,1,1,1,1,1,1,1,1,1,1,1,1,1,1,1,1,1,1,1,1,1,1,1,1,1,1,1,1,1,1,1,1,1,1,1,1,1,1,1,1,1,1,1,1,1,1,1,1,1,1,1,1,1,1,1,1,1,1,1,1,1,1,1,1,1,1,1,1,1,1,1,1,1,1,1,1,1,1,1,1,1,1,1,1,1,1,1,1,1,1,1,1,1,1,1,1,1,1,1,1,1,1,1,1,1,1,1,1,1,1,1,1,1,1,1,1,1,1,1,1,1,1,1,1,1,1,1,1,1,1,1,1,1,1,1,1,1,1,1,1,1,1,1,1,1,1,1,1,1,1,1,1,1,1,1,1,1,1,1,1,1,1,1,1,1,1,1,1,1,1,1,1,1,1,1,1,1,1,1,1,1,1,1,1,1
Devant 1,1
delighted 1,1,1
active 1,1,1
lured 1,1
gutters 1
answer 1,1,1,1,1,1,1,1,1,1,1,1,1,1,1,1,1,1,1,1,1,1,1,1,1,1,1,1,1,1,1,1
restored 1
blank 1,1,1
trickle 1
outward 1
envy 1
Aragon 1
suspected 1,1,1
MERCHANTIBILITY 1
afford 1,1,1,1
mules 1
Right 1
swallows 1,1
charities 1
emblem 1
Between 1
Dacca 1
blinking 1,1
best 1,1,1,1,1,1,1,1,1,1,1,1,1,1,1,1,1,1,1,1,1,1
ruby 1,1
REMEDIES 1
adventurer 1
fade 1,1
Under 1
rebellion 1,1
instinct 1,1,1,1,1,1,1
melancholy 1,1,1,1,1
presentation 1
Fonthill 1
gauze 1,1,1
keeper 1,1,1,1,1
Scepticism 1
staring 1,1,1
rule 1,1,1,1,1,1
poet 1,1,1
blinds 1,1,1
turquoises 1,1
dressed 1,1,1,1,1,1,1,1,1,1
Lacenaire 1
inmost 1
triumphs 1,1,1
unsympathetic 1
explains 1
Burgundy 1,1,1,1
abstract 1,1
aristocratic 1
according 1,1,1,1,1
rush 1,1
enduring 1
Southwark 1
intending 1
oblige 1,1
fast 1,1
isn 1,1,1,1
wearer 1
exclusion 1
dazed 1,1
removed 1,1
objected 1
infamous 1,1,1,1
milky 1,1
real 1,1,1,1,1,1,1,1,1,1,1,1,1,1,1,1,1,1,1,1,1,1,1,1,1,1,1,1,1,1,1,1,1,1,1,1,1,1,1,1,1
identification 1
Camees 1
using 1,1,1,1,1
containing 1
letter 1,1,1,1,1,1,1,1,1,1,1,1,1,1,1
tussock 1
forwards 1
repeated 1,1,1,1,1,1,1,1
rein 1
worse 1,1,1,1,1,1,1,1,1,1
unlawful 1
shod 1
suddenly 1,1,1,1,1,1,1,1,1,1,1,1,1,1,1,1,1,1,1,1,1,1,1,1,1,1,1,1
imitative 1
awakened 1,1
canvas 1,1,1,1,1,1,1,1,1,1,1,1,1,1,1,1,1,1,1,1,1,1,1
unthought 1
responsibilities 1
pretending 1,1
solicitation 1
captain 1
Shall 1,1
unmown 1
offer 1,1
diplomatic 1
disclaim 1
siecle_ 1
sixth 1
rooms 1,1,1,1
PREFACE 1
Barbi 1
party 1,1,1,1,1,1,1,1
Alexander 1,1
aunt 1,1,1,1,1,1,1,1,1,1,1
INDIRECT 1
impecuniosity 1
Hubbard 1,1,1,1,1,1,1,1
corridor 1
vain 1,1,1,1,1,1,1
thinking 1,1,1,1,1,1,1,1,1,1
bread 1
hide 1,1,1,1,1,1,1
expresses 1
Emperor 1
falls 1
sailed 1
belongs 1,1,1,1
cheroot 1
autobiography 1,1
loses 1,1,1,1
_yotl_ 1
Tory 1,1
insolent 1,1
Anastasius 1
intruding 1
access 1,1,1,1,1,1,1,1,1,1,1,1,1
recite 1
curving 1
figured 1,1,1,1,1,1
specially 1,1,1
between 1,1,1,1,1,1,1,1,1,1,1,1,1,1,1,1,1,1,1,1
overhead 1,1
dusky 1,1,1,1,1,1
gartered 1
only 1,1,1,1,1,1,1,1,1,1,1,1,1,1,1,1,1,1,1,1,1,1,1,1,1,1,1,1,1,1,1,1,1,1,1,1,1,1,1,1,1,1,1,1,1,1,1,1,1,1,1,1,1,1,1,1,1,1,1,1,1,1,1,1,1,1,1,1,1,1,1,1,1,1,1,1,1,1,1,1,1,1,1,1,1,1,1,1,1,1,1,1,1,1,1,1,1,1,1,1,1,1,1,1,1,1
excitement 1,1,1
sociology 1
Strike 1
reputations 1
Colosseum 1
electronically 1,1
reproach 1,1
Veil 1
accessible 1
bowing 1,1
feeding 1
Jordan 1
unpoetical 1
police 1
check 1,1
arranged 1,1
Young 1,1
concentrate 1
ambitions 1
wreathed 1
contented 1
produce 1,1
underrate 1
confided 1
Rheims 1
yelling 1
upon 1,1,1,1,1,1,1,1,1,1,1,1,1,1,1,1,1,1,1,1,1,1,1,1,1,1,1,1,1,1,1,1,1,1,1,1,1,1,1,1,1,1,1,1,1,1,1,1,1,1,1,1,1,1,1,1,1,1,1,1,1,1,1,1,1,1,1,1,1,1,1,1,1,1,1,1,1,1,1,1,1,1
coins 1,1
lest 1,1,1
ceremony 1,1
gratification 1
similarly 1
chooses 1
spoken 1,1,1,1,1,1,1
thirty 1,1,1,1,1,1,1,1,1
audace_ 1
surely 1,1,1,1
winsome 1
epigrams 1
snowed 1
meals 1
Taking 1
petulantly 1
Names 1
pane 1
None 1
silken 1
Queen 1,1,1,1,1
rainbow 1
jealousy 1,1,1,1
notepaper 1
park 1,1,1,1,1,1,1,1,1,1
past 1,1,1,1,1,1,1,1,1,1,1,1,1,1,1,1,1,1,1,1,1,1,1,1,1,1,1,1,1,1,1,1,1,1,1,1,1
whose 1,1,1,1,1,1,1,1,1,1,1,1,1,1,1,1,1,1,1,1,1,1,1,1,1,1,1,1,1,1,1,1,1,1,1,1,1,1,1,1,1,1,1,1
mill 1
mint 1
Courage 1,1
down 1,1,1,1,1,1,1,1,1,1,1,1,1,1,1,1,1,1,1,1,1,1,1,1,1,1,1,1,1,1,1,1,1,1,1,1,1,1,1,1,1,1,1,1,1,1,1,1,1,1,1,1,1,1,1,1,1,1,1,1,1,1,1,1,1,1,1,1,1,1,1,1,1,1,1,1,1,1,1,1,1,1,1,1,1,1,1,1,1,1,1,1,1,1,1,1,1,1,1,1
bracken 1
habit 1,1,1,1,1
enviously 1
month 1,1,1,1,1,1,1,1,1,1
flowered 1
rather 1,1,1,1,1,1,1,1,1,1,1,1,1,1,1,1,1,1,1,1,1,1,1,1,1,1,1,1,1,1,1,1,1,1,1,1,1,1,1,1,1,1,1,1,1,1,1
Radical 1,1
Seine 1
fascinated 1,1,1,1,1,1,1,1,1
Director 1
Live 1,1
cosmopolitan 1
stamped 1,1,1,1
Thornton 1
mar 1,1,1,1,1,1
_tableau_ 1
feet 1,1,1,1,1,1,1,1,1,1,1,1,1,1,1,1,1,1,1,1,1,1,1,1,1,1,1,1,1,1,1
Reigns 1
bonnet 1,1
men 1,1,1,1,1,1,1,1,1,1,1,1,1,1,1,1,1,1,1,1,1,1,1,1,1,1,1,1,1,1,1,1,1,1,1,1,1,1,1,1,1,1,1,1,1,1,1,1,1,1,1,1,1,1,1,1,1,1,1,1,1,1,1,1,1,1,1,1,1,1
exactly 1,1,1,1,1
orange 1,1,1,1
mufflers 1
myself 1,1,1,1,1,1,1,1,1,1,1,1,1,1,1,1,1,1,1,1,1,1,1,1,1,1,1,1,1,1,1,1,1,1,1,1,1,1,1,1,1,1,1,1,1,1,1
booth 1
silhouetted 1
animal 1,1,1,1,1
invested 1
supports 1
stiff 1,1,1
First 1
beard 1
Maria 1
bitten 1
peculiarly 1
reliable 1
beams 1
among 1,1,1,1,1,1,1,1
capture 1
cleaned 1
Science 1
Isaacs 1,1,1,1
Oxford 1,1,1,1,1
foggy 1
summers 1
July 1,1
moving 1,1,1,1,1,1,1
bronze 1,1
Medicis 1
boyhood 1,1,1,1,1,1,1,1,1,1,1,1
layers 1
cardinal 1
insist 1,1,1,1
sobbing 1,1,1
blazed 1
rises 1,1
culminate 1
Sitting 1
ride 1,1
Liberals 1
visited 1
taper 1
atmosphere 1,1
career 1
new 1,1,1,1,1,1,1,1,1,1,1,1,1,1,1,1,1,1,1,1,1,1,1,1,1,1,1,1,1,1,1,1,1,1,1,1,1,1,1,1
ginger 1
haven 1
enrage 1
whisper 1,1,1,1,1
decided 1
patches 1
Zipangu 1
silks 1,1
regrets 1,1,1,1,1
tout 1
sovereign 1
mentally 1
girl 1,1,1,1,1,1,1,1,1,1,1,1,1,1,1,1,1,1,1,1,1,1,1,1,1,1,1,1,1,1,1,1,1,1,1,1,1,1,1,1,1
now 1,1,1,1,1,1,1,1,1,1,1,1,1,1,1,1,1,1,1,1,1,1,1,1,1,1,1,1,1,1,1,1,1,1,1,1,1,1,1,1,1,1,1,1,1,1,1,1,1,1,1,1,1,1,1,1,1,1,1,1,1,1,1,1,1,1,1,1,1,1,1,1,1,1,1,1,1,1,1,1,1,1,1,1,1,1,1,1,1,1,1,1,1,1,1,1,1,1,1,1,1,1,1,1,1,1,1,1,1,1,1,1,1,1,1,1,1,1
hoisted 1
Francis 1,1,1,1,1,1,1,1,1
ladies 1,1,1,1,1
sunbeams 1
board 1
whip 1
visible 1,1,1,1,1,1,1,1,1,1,1,1,1
survival 1,1
necessarily 1,1
ribbed 1
bring 1,1,1,1,1,1,1,1,1,1,1,1,1,1,1,1
perch 1
peace 1,1,1,1,1
frank 1,1
consequently 1,1,1,1
essential 1,1,1
Plain 1,1
Michelangelo 1
Judith 1,1
Burlington 1
peril 1,1,1,1,1,1,1,1
draw 1,1,1
tipped 1,1
Alan 1,1,1,1,1,1,1,1,1,1,1,1,1,1,1,1,1,1,1,1,1,1,1,1,1,1,1,1,1,1,1,1,1
Laughter 1
incompetent 1
fight 1
brief 1,1
painting 1,1,1,1,1,1,1,1,1,1,1,1,1,1,1,1,1,1
fondled 1
promises 1
starting 1,1,1
demons 1
praised 1
depresses 1
come 1,1,1,1,1,1,1,1,1,1,1,1,1,1,1,1,1,1,1,1,1,1,1,1,1,1,1,1,1,1,1,1,1,1,1,1,1,1,1,1,1,1,1,1,1,1,1,1,1,1,1,1,1,1,1,1,1,1,1,1,1,1,1,1,1,1,1,1,1,1,1,1,1,1,1,1,1,1,1,1,1,1,1,1,1,1,1,1,1,1,1,1,1,1,1,1,1,1,1,1,1,1,1,1,1,1,1
distribution 1,1,1,1,1,1
loafers 1
amazed 1,1
puts 1,1
Yard 1
data 1
own 1,1,1,1,1,1,1,1,1,1,1,1,1,1,1,1,1,1,1,1,1,1,1,1,1,1,1,1,1,1,1,1,1,1,1,1,1,1,1,1,1,1,1,1,1,1,1,1,1,1,1,1,1,1,1,1,1,1,1,1,1,1,1,1,1,1,1,1,1,1,1,1,1,1,1,1,1,1,1,1,1,1,1,1,1,1,1,1,1,1,1,1,1,1,1,1,1,1,1,1,1,1,1,1,1,1,1,1,1,1,1,1,1,1,1,1,1,1,1,1,1,1,1,1,1,1,1,1,1,1
drum 1
consequences 1
_chef_ 1,1
prolonged 1
Examinations 1
hills 1,1
link 1
tempest 1
hearth 1,1
will 1,1,1,1,1,1,1,1,1,1,1,1,1,1,1,1,1,1,1,1,1,1,1,1,1,1,1,1,1,1,1,1,1,1,1,1,1,1,1,1,1,1,1,1,1,1,1,1,1,1,1,1,1,1,1,1,1,1,1,1,1,1,1,1,1,1,1,1,1,1,1,1,1,1,1,1,1,1,1,1,1,1,1,1,1,1,1,1,1,1,1,1,1,1,1,1,1,1,1,1,1,1,1,1,1,1,1,1,1,1,1,1,1,1,1,1,1,1,1,1,1,1,1,1,1,1,1,1,1,1,1,1,1,1,1,1,1,1,1,1,1,1,1,1,1,1,1,1,1,1,1,1,1,1,1,1,1,1,1,1,1,1,1,1,1,1,1,1,1,1,1,1,1,1,1,1,1,1,1,1,1,1,1,1,1,1,1,1,1,1,1,1,1,1,1,1,1,1,1,1,1,1,1,1,1
sister 1,1,1,1,1,1,1,1,1,1
folly 1,1,1
carriage 1,1,1
lips 1,1,1,1,1,1,1,1,1,1,1,1,1,1,1,1,1,1,1,1,1,1,1,1,1,1,1,1,1,1,1,1,1,1,1,1,1,1,1,1,1,1,1,1,1,1,1,1,1,1,1,1,1,1,1,1
echoed 1,1,1,1,1,1,1
Kiss 1,1
discuss 1,1,1
wise 1,1,1,1,1,1
vicious 1
Campbell 1,1,1,1,1,1,1,1,1,1,1,1,1,1,1,1,1,1,1,1,1,1,1,1,1,1,1,1
lisp 1
pay 1,1,1,1,1,1,1,1,1,1,1,1,1
Dear 1,1,1
azur 1
fatal 1,1,1,1,1,1,1,1,1,1
audacious 1
coffee 1,1,1,1,1,1,1,1
heroes 1
breasted 1
even 1,1,1,1,1,1,1,1,1,1,1,1,1,1,1,1,1,1,1,1,1,1,1,1,1,1,1,1,1,1,1,1,1,1,1,1,1
Books 1,1
kings 1
globe_ 1,1
Deny 1
_la 1
thickly 1
recognize 1,1,1,1,1
funny 1
standing 1,1,1,1,1,1,1,1,1,1,1,1,1,1
placing 1
gravely 1,1,1,1,1,1,1
shadow 1,1,1,1,1,1,1,1,1,1
desire 1,1,1,1,1,1,1,1,1,1,1,1,1
Road 1,1,1,1
Quite 1,1,1,1,1,1
Sigismondo 1
their 1,1,1,1,1,1,1,1,1,1,1,1,1,1,1,1,1,1,1,1,1,1,1,1,1,1,1,1,1,1,1,1,1,1,1,1,1,1,1,1,1,1,1,1,1,1,1,1,1,1,1,1,1,1,1,1,1,1,1,1,1,1,1,1,1,1,1,1,1,1,1,1,1,1,1,1,1,1,1,1,1,1,1,1,1,1,1,1,1,1,1,1,1,1,1,1,1,1,1,1,1,1,1,1,1,1,1,1,1,1,1,1,1,1,1,1,1,1,1,1,1,1,1,1,1,1,1,1,1,1,1,1,1,1,1,1,1,1,1,1,1,1,1,1,1,1,1,1,1,1,1
induced 1
hurry 1,1
coverlet 1
Picture 1,1,1,1
happen 1,1,1,1
feigned 1,1
Kelso 1,1,1,1,1,1,1,1
emotional 1,1,1,1
represent 1,1,1,1
Ordinary 1,1,1
Gold 1,1
commonly 1
subtlety 1,1
Money 1,1,1
iron 1,1,1
husbands 1,1,1,1
cream 1,1
Persian 1,1,1
Still 1,1,1,1,1,1
Piccadilly 1
_decolletee_ 1,1
occur 1,1,1
since 1,1,1,1,1,1,1,1,1,1,1,1,1,1
dangerous 1,1,1,1,1,1,1,1
quivering 1,1
schoolboy 1,1
divan 1,1,1,1,1
experienced 1
sought 1,1,1,1,1,1,1,1,1,1,1,1,1,1
Cambridge 1
firm 1
dissatisfied 1
One 1,1,1,1,1,1,1,1,1,1,1,1,1,1,1,1,1,1,1,1,1,1,1,1,1,1,1,1,1,1,1,1,1,1,1
unless 1,1,1,1,1
dogma 1
tavern 1
guessed 1
Our 1,1,1,1,1,1,1,1,1
annihilates 1
substitute 1
morse 1
established 1
arrange 1
Giambattista 1
delicately 1
statements 1
network 1
performance 1,1,1
precipice 1
sails 1,1
withered 1,1,1,1,1
lighting 1,1,1
_doctrinaire_ 1
essence 1
pulled 1,1,1,1,1
robber 1
tumblers 1,1
helped 1,1,1,1
Mercutio 1,1
peacefully 1
begged 1
vultures 1
boar 1
sterile 1,1
sacred 1,1
Harrowden 1
craving 1
body 1,1,1,1,1,1,1,1,1,1,1,1,1,1,1,1,1,1,1,1,1,1,1,1,1,1,1,1
respectability 1,1
prayers 1
silently 1,1
Mall 1
Sweet 1
egos 1
increased 1,1
Poland 1
arm 1,1,1,1,1,1,1,1,1,1,1,1,1,1,1,1,1,1,1
shawled 1
Domain 1
Rimini 1
Wreaths 1
gloves 1,1,1,1
bone 1
giants 1
symbolize 1
WARRANTIES 1,1
admired 1,1
renunciations 1,1
flesh 1,1,1,1
card 1,1
sprawled 1,1
caged 1,1
Produced 1,1
moss 1
inseparable 1,1,1,1
Disciplina 1
enough 1,1,1,1,1,1,1,1,1,1,1,1,1,1,1,1,1,1,1,1
reflected 1
flamelike 1
Ruxton 1,1,1,1,1
hesitation 1
facing 1,1
proved 1,1
compares 1
battle 1
bee 1,1,1
ensconced 1
faded 1,1,1,1,1,1
lovelier 1,1
she 1,1,1,1,1,1,1,1,1,1,1,1,1,1,1,1,1,1,1,1,1,1,1,1,1,1,1,1,1,1,1,1,1,1,1,1,1,1,1,1,1,1,1,1,1,1,1,1,1,1,1,1,1,1,1,1,1,1,1,1,1,1,1,1,1,1,1,1,1,1,1,1,1,1,1,1,1,1,1,1,1,1,1,1,1,1,1,1,1,1,1,1,1,1,1,1,1,1,1,1,1,1,1,1,1,1,1,1,1,1,1,1,1,1,1,1,1,1,1,1,1,1,1,1,1,1,1,1,1,1,1,1,1,1,1,1,1,1,1,1,1,1,1,1,1,1,1,1,1,1,1,1,1,1,1,1,1,1,1,1,1,1,1,1,1,1,1,1,1,1,1,1,1,1,1,1,1,1,1,1,1,1,1,1,1,1,1,1,1,1,1,1,1,1,1,1,1,1,1,1,1,1,1,1,1,1,1,1,1,1,1,1,1,1,1,1,1,1,1,1,1,1,1,1,1,1,1,1,1,1,1,1,1,1,1,1,1,1,1,1,1,1,1,1,1,1,1,1,1,1,1,1,1,1,1,1,1,1,1,1,1,1,1,1,1,1,1,1,1,1,1,1,1
caelestis_ 1
shy 1,1,1,1,1,1
explained 1,1,1,1,1,1,1
overladen 1
sin 1,1,1,1,1,1,1,1,1,1,1,1,1,1,1,1,1,1,1,1,1,1,1,1,1,1
six 1,1,1,1,1,1,1,1,1,1,1
breathing 1,1
assuring 1
conversing 1
compromised 1
table 1,1,1,1,1,1,1,1,1,1,1,1,1,1,1,1,1,1,1,1,1,1,1,1,1,1,1,1,1,1,1,1,1,1,1,1,1,1,1,1,1,1,1,1,1,1,1,1,1,1,1,1,1,1,1,1,1,1,1
suspicions 1
toying 1
cursed 1,1
several 1,1,1,1,1,1,1,1,1
Sixtus 1
Herbert 1,1
boy 1,1,1,1,1,1,1,1,1,1,1,1,1,1,1,1,1,1,1,1,1,1,1,1,1,1,1,1,1,1,1,1,1,1,1
quarrel 1,1,1,1,1,1,1,1,1
unspotted 1,1
cashmere 1
paint 1,1,1,1,1,1,1,1
drawn 1,1,1,1,1,1
autumn 1,1
Churchill 1
threatened 1
enemies 1,1,1,1
throne 1
bye 1,1,1,1,1,1,1,1,1,1,1,1,1,1,1,1,1,1,1,1
mediocre 1
beggar 1
joyousness 1,1
suggest 1,1,1
submission 1
Quinze 1
goes 1,1,1,1,1,1
flung 1,1,1,1,1,1,1,1,1,1,1,1,1,1,1,1,1,1,1,1
hair 1,1,1,1,1,1,1,1,1,1,1,1,1,1,1,1,1,1,1,1,1,1,1,1,1,1,1,1,1
flew 1,1,1
village 1,1
smooth 1
fault 1,1,1,1,1,1,1,1
