4 1,1,1,1,1,1
gold 1,1,1,1,1,1,1,1,1,1,1,1,1,1,1,1,1,1,1,1,1,1,1,1,1,1,1,1,1,1,1,1,1,1,1,1,1,1,1,1,1,1,1,1,1,1,1
same 1,1,1,1,1,1,1,1,1,1,1,1,1,1,1,1,1,1,1,1,1,1,1,1,1,1,1,1,1,1,1
rational 1,1
sunset 1
tie 1
PGLAF 1
savages 1
Surely 1,1,1,1,1,1,1,1,1
keenness 1
root 1
schoolbooks 1
hats 1,1,1
hast 1
pins 1
Four 1
intellectual 1,1,1,1,1,1,1,1,1,1,1,1,1,1,1,1
pardon 1,1
obligation 1
cut 1,1,1,1,1,1,1,1,1,1,1
dread 1
Dante 1
think 1,1,1,1,1,1,1,1,1,1,1,1,1,1,1,1,1,1,1,1,1,1,1,1,1,1,1,1,1,1,1,1,1,1,1,1,1,1,1,1,1,1,1,1,1,1,1,1,1,1,1,1,1,1,1,1,1,1,1,1,1,1,1,1,1,1,1,1,1,1,1,1,1,1,1,1,1,1,1,1,1,1,1,1,1,1,1,1,1,1,1,1,1,1,1,1,1,1,1,1,1,1,1,1,1,1,1,1,1,1,1,1,1,1,1,1,1,1,1,1,1,1,1,1,1,1
txt 1
purple 1,1,1,1,1,1,1,1,1,1,1,1,1,1,1
actual 1,1,1,1
suited 1,1
assume 1
concept 1,1
Darlington 1
practising 1
PARAGRAPH 1
enter 1,1,1,1,1
flowers 1,1,1,1,1,1,1,1,1,1,1,1,1,1
destroy 1,1,1,1,1,1,1,1,1
hungers 1
survive 1,1,1
performed 1,1
created 1,1,1,1
flirtation 1,1
pierced 1,1
heavily 1,1,1
finds 1
Beethoven 1
going 1,1,1,1,1,1,1,1,1,1,1,1,1,1,1,1,1,1,1,1,1,1,1,1,1,1,1,1,1,1,1,1,1,1,1,1,1,1,1,1,1,1,1,1,1,1,1,1,1,1,1,1,1,1,1,1,1,1,1,1,1,1,1,1,1,1,1,1,1,1,1,1,1,1,1,1,1,1,1,1,1,1,1,1,1,1,1
ashes 1,1,1,1
finer 1,1,1,1,1
attitude 1
treatment 1
business 1,1,1,1,1
Arch 1,1
staff 1
right 1,1,1,1,1,1,1,1,1,1,1,1,1,1,1,1,1,1,1,1,1,1,1,1,1,1,1,1,1,1,1,1,1,1,1,1,1,1,1,1,1,1,1,1,1,1,1,1,1,1,1
chestnut 1
stage 1,1,1,1,1,1,1,1,1,1,1,1,1
under 1,1,1,1,1,1,1,1,1,1,1,1,1,1,1,1,1
masterpiece 1,1,1,1
Perozes 1
brown 1,1,1,1,1,1,1,1
puzzled 1,1,1,1
Sir 1,1,1,1,1,1,1,1,1,1,1,1,1,1,1,1,1,1
expectation 1
dimmed 1,1
characterizes 1
Despite 1
revealed 1,1,1,1,1,1,1,1,1,1,1,1
Bologna 1
knows 1,1,1,1,1,1,1,1,1,1,1,1
cigarette 1,1,1,1,1,1,1,1,1,1,1,1,1,1,1
Spa 1
strip 1
Information 1,1,1,1,1
reckless 1,1,1
_panis 1
sorrow 1,1,1,1,1,1,1,1,1,1
Riario 1
bank 1
drawing 1,1,1,1,1,1,1
Brazilian 1
15 1
Miranda 1
expel 1,1
wiping 1
industry 1
long 1,1,1,1,1,1,1,1,1,1,1,1,1,1,1,1,1,1,1,1,1,1,1,1,1,1,1,1,1,1,1,1,1,1,1,1,1,1,1,1,1,1,1,1,1,1,1,1,1,1,1,1,1,1,1,1,1,1,1,1,1,1,1,1,1,1,1,1,1,1,1,1,1,1
relationship 1
bother 1,1,1
star 1,1,1,1
seeds 1,1
fanlike 1
modification 1
THIS 1,1,1,1,1
60 1
interest 1,1,1,1,1,1,1,1,1,1,1,1,1,1,1,1,1,1
ear 1,1,1,1,1,1,1,1,1,1,1,1
explosions 1
demeanour 1
dyed 1,1
instead 1,1
winced 1,1,1,1,1,1
allowed 1,1,1,1,1,1,1,1,1
near 1,1,1,1
macaroni 1
immediately 1,1,1
Beer 1
boldness 1
need 1,1,1,1,1,1
puritanism 1
Dr 1,1,1
hardly 1,1,1,1,1,1,1,1,1,1,1,1,1,1,1
drugged 1
gates 1
royalties 1,1,1
Go 1,1,1,1,1
turns 1
Brantome 1
singed 1
melodramatic 1,1
sharp 1,1
broidery 1
shall 1,1,1,1,1,1,1,1,1,1,1,1,1,1,1,1,1,1,1,1,1,1,1,1,1,1,1,1,1,1,1,1,1,1,1,1,1,1,1,1,1,1,1,1,1,1,1,1,1,1,1,1,1,1,1,1,1,1,1,1,1,1,1,1,1,1,1,1,1,1,1,1,1,1,1,1,1,1,1
Cry 1
aspilates 1
divinest 1
Astorre 1
differently 1,1
himself 1,1,1,1,1,1,1,1,1,1,1,1,1,1,1,1,1,1,1,1,1,1,1,1,1,1,1,1,1,1,1,1,1,1,1,1,1,1,1,1,1,1,1,1,1,1,1,1,1,1,1,1,1,1,1,1,1,1,1,1,1,1,1,1,1,1,1,1,1,1,1,1,1,1,1,1,1,1,1,1,1,1,1,1,1,1,1,1,1,1,1,1,1,1,1,1,1,1,1,1,1,1,1,1,1,1
enemy 1,1
Royalty 1,1
occupants 1
dandies 1
Suddenly 1,1,1,1,1,1,1,1,1,1,1,1,1,1,1,1,1,1,1
attempted 1
window 1,1,1,1,1,1,1,1,1,1,1,1,1,1,1,1,1,1,1,1,1
stainless 1
suis 1
chocolate 1,1
hump 1
tragic 1,1,1,1,1,1,1,1,1,1,1
Willoughby 1
stuff 1,1
distinction 1,1,1,1,1,1
Grace 1,1,1
wormed 1
looks 1,1,1,1,1,1,1,1,1,1,1,1,1
few 1,1,1,1,1,1,1,1,1,1,1,1,1,1,1,1,1,1,1,1,1,1,1,1,1,1,1,1,1,1,1,1,1,1,1,1,1,1,1,1,1
bewilder 1,1
extent 1,1
skins 1
Suivant 1
manger 1
Webster 1
blowing 1
as 1,1,1,1,1,1,1,1,1,1,1,1,1,1,1,1,1,1,1,1,1,1,1,1,1,1,1,1,1,1,1,1,1,1,1,1,1,1,1,1,1,1,1,1,1,1,1,1,1,1,1,1,1,1,1,1,1,1,1,1,1,1,1,1,1,1,1,1,1,1,1,1,1,1,1,1,1,1,1,1,1,1,1,1,1,1,1,1,1,1,1,1,1,1,1,1,1,1,1,1,1,1,1,1,1,1,1,1,1,1,1,1,1,1,1,1,1,1,1,1,1,1,1,1,1,1,1,1,1,1,1,1,1,1,1,1,1,1,1,1,1,1,1,1,1,1,1,1,1,1,1,1,1,1,1,1,1,1,1,1,1,1,1,1,1,1,1,1,1,1,1,1,1,1,1,1,1,1,1,1,1,1,1,1,1,1,1,1,1,1,1,1,1,1,1,1,1,1,1,1,1,1,1,1,1,1,1,1,1,1,1,1,1,1,1,1,1,1,1,1,1,1,1,1,1,1,1,1,1,1,1,1,1,1,1,1,1,1,1,1,1,1,1,1,1,1,1,1,1,1,1,1,1,1,1,1,1,1,1,1,1,1,1,1,1,1,1,1,1,1,1,1,1,1,1,1,1,1,1,1,1,1,1,1,1,1,1,1,1,1,1,1,1,1,1,1,1,1,1,1,1,1,1,1,1,1,1,1,1,1,1,1,1,1,1,1,1,1,1,1,1,1,1,1,1,1,1,1,1,1,1,1,1,1,1,1,1,1,1,1,1,1,1,1,1,1,1,1,1,1,1,1,1,1,1,1,1,1,1,1,1,1,1,1,1,1,1,1,1,1,1,1,1,1,1,1,1,1,1,1,1,1,1,1,1,1,1,1,1,1,1,1,1,1,1,1,1,1,1,1,1,1,1,1,1,1,1,1,1,1,1,1,1,1,1,1,1,1,1,1,1,1,1,1,1,1,1,1,1,1,1,1,1,1,1,1,1,1,1,1,1,1,1,1,1,1,1,1,1,1,1,1,1,1,1,1,1,1,1,1,1,1,1,1,1,1,1,1,1,1,1,1,1,1,1,1,1,1,1,1,1,1,1,1,1,1,1,1,1,1,1,1,1,1,1,1,1,1,1,1,1,1
fool 1,1,1
Dim 1
language 1,1,1
downstairs 1,1,1,1,1
Nile 1,1
transcription 1
soothed 1
noses 1
RIGHT 1
lantern 1,1,1,1
misunderstood 1
conscious 1,1,1,1,1,1,1,1,1,1,1,1,1,1,1,1,1,1,1,1,1,1,1
picked 1,1,1
swiftness 1
sufficient 1,1
feeling 1,1,1,1,1,1,1,1,1,1,1,1,1,1,1,1,1,1,1,1
careful 1,1
footmen 1,1
head 1,1,1,1,1,1,1,1,1,1,1,1,1,1,1,1,1,1,1,1,1,1,1,1,1,1,1,1,1,1,1,1,1,1,1,1,1,1,1,1,1,1,1,1,1,1,1,1,1,1,1,1,1
occupied 1,1
whims 1
Archive 1,1,1,1,1,1,1,1,1,1,1,1,1
flameless 1
straightened 1
they 1,1,1,1,1,1,1,1,1,1,1,1,1,1,1,1,1,1,1,1,1,1,1,1,1,1,1,1,1,1,1,1,1,1,1,1,1,1,1,1,1,1,1,1,1,1,1,1,1,1,1,1,1,1,1,1,1,1,1,1,1,1,1,1,1,1,1,1,1,1,1,1,1,1,1,1,1,1,1,1,1,1,1,1,1,1,1,1,1,1,1,1,1,1,1,1,1,1,1,1,1,1,1,1,1,1,1,1,1,1,1,1,1,1,1,1,1,1,1,1,1,1,1,1,1,1,1,1,1,1,1,1,1,1,1,1,1,1,1,1,1,1,1,1,1,1,1,1,1,1,1,1,1,1,1,1,1,1,1,1,1,1,1,1,1,1,1,1,1,1,1,1,1,1,1,1,1,1,1,1,1,1,1,1,1,1,1,1,1,1,1,1
thee 1
UNDER 1
neighbours 1
closed 1,1,1,1,1,1,1,1,1,1,1
wilfulness 1
us 1,1,1,1,1,1,1,1,1,1,1,1,1,1,1,1,1,1,1,1,1,1,1,1,1,1,1,1,1,1,1,1,1,1,1,1,1,1,1,1,1,1,1,1,1,1,1,1,1,1,1,1,1,1,1,1,1,1,1,1,1,1,1,1,1,1,1,1,1,1,1,1,1,1,1,1,1,1,1,1,1,1,1,1,1,1,1,1,1,1,1,1,1,1,1,1,1,1,1,1,1,1,1,1,1,1,1,1,1,1,1,1,1,1,1,1,1,1,1,1,1,1
remarkable 1,1,1
sees 1,1,1,1
Homburg 1
argue 1,1,1
misfortune 1
praying 1,1
ended 1,1
treasures 1
indignation 1,1,1
curious 1,1,1,1,1,1,1,1,1,1,1,1,1,1,1,1,1,1,1,1,1,1,1,1,1,1,1,1,1,1,1,1,1,1,1,1,1,1,1,1,1,1,1,1,1,1,1
sent 1,1,1,1,1,1,1,1,1,1,1,1,1,1,1,1
purpose 1,1,1
shrill 1,1,1,1,1,1,1,1
thus 1
Shakespeare 1,1,1,1,1,1,1
Joan 1
wrap 1
listlessly 1,1,1,1,1,1,1,1
tort_ 1
Brabantio 1
young 1,1,1,1,1,1,1,1,1,1,1,1,1,1,1,1,1,1,1,1,1,1,1,1,1,1,1,1,1,1,1,1,1,1,1,1,1,1,1,1,1,1,1,1,1,1,1,1,1,1,1,1,1,1,1,1,1,1,1,1,1,1,1,1,1,1,1,1,1,1
youths 1,1
fairest 1
lodging 1,1,1,1
bismuth 1
musical 1,1,1,1,1
strongly 1,1,1,1
queen 1,1,1,1
particularly 1,1
names 1,1
twitched 1,1,1,1
violins 1
perspiration 1
sway 1
lank 1
sacrifices 1
tied 1
wall 1,1,1,1,1,1,1,1,1
want 1,1,1,1,1,1,1,1,1,1,1,1,1,1,1,1,1,1,1,1,1,1,1,1,1,1,1,1,1,1,1,1,1,1,1,1,1,1,1,1,1,1,1,1,1,1,1,1,1,1,1,1,1,1,1,1,1,1,1,1,1,1,1,1,1,1,1,1,1,1,1,1,1,1,1,1,1,1,1,1,1,1,1,1,1,1,1,1,1,1,1,1,1,1,1,1,1,1,1,1,1,1,1,1,1
exquisites 1
arts 1,1,1,1
late 1,1,1,1,1,1,1,1,1,1,1,1,1,1,1,1,1,1,1,1,1,1,1,1,1
preserved 1
avenue 1,1
solicitor 1
slaves 1,1
tiny 1,1,1
ways 1,1,1,1,1,1,1
garrulous 1
chap 1,1
beat 1,1,1
Who 1,1,1,1,1,1,1,1,1,1,1,1,1,1
Why 1,1,1,1,1,1,1,1,1,1,1,1,1,1,1,1,1,1,1,1,1,1,1,1,1,1,1,1,1,1,1,1,1,1,1,1,1,1,1,1,1,1,1,1,1,1,1,1,1,1,1,1,1,1,1,1,1,1,1,1,1
garters 1
monstrous 1,1,1,1,1,1,1,1,1,1,1,1,1,1,1,1,1,1,1,1,1,1,1,1,1
jewelled 1,1,1,1,1,1,1,1,1
dealt 1,1,1
passion_ 1
dragged 1,1,1,1,1,1
ANYTHING 1
regarded 1,1
passions 1,1,1,1,1,1,1,1,1,1,1,1,1,1,1,1,1,1,1,1,1,1,1
presentiment 1
listened 1,1,1,1,1
vision 1
personalities 1,1
swallowed 1
blanc 1
huntsman 1
fired 1
reached 1,1,1,1,1,1,1,1,1,1,1,1,1,1
marks 1,1
cruelly 1
citizen 1
difficult 1,1,1
curtain 1,1,1,1,1,1,1,1,1,1,1,1
Philip 1
mouldings 1
Pray 1,1,1
Crudely 1
favourites 1,1,1
Orleans 1,1,1
something 1,1,1,1,1,1,1,1,1,1,1,1,1,1,1,1,1,1,1,1,1,1,1,1,1,1,1,1,1,1,1,1,1,1,1,1,1,1,1,1,1,1,1,1,1,1,1,1,1,1,1,1,1,1,1,1,1,1,1,1,1,1,1,1,1,1,1,1,1,1,1,1,1,1,1,1,1,1,1,1,1,1,1,1,1,1,1,1,1,1,1,1,1,1,1,1,1,1,1,1,1,1,1,1,1,1,1,1,1,1,1,1,1,1,1,1,1
rude 1
idolatrous 1
deliberation 1
weary 1
knitting 1
stagnation 1
please 1,1,1,1,1
uncivilized 1,1
profession 1,1
arise 1
fail 1
Society 1,1,1
refund 1,1,1,1,1,1,1,1
cushions 1
Fashion 1
wings 1,1,1,1,1,1
Drunkards 1
first 1,1,1,1,1,1,1,1,1,1,1,1,1,1,1,1,1,1,1,1,1,1,1,1,1,1,1,1,1,1,1,1,1,1,1,1,1,1,1,1,1,1,1,1,1,1,1
clearly 1,1
Spanish 1,1
nigh 1,1
tiaras 1
shaken 1
_taedium 1
farm 1,1,1
orphreys 1,1
pool 1,1
providing 1,1,1,1
chapters 1
Paul 1
Mind 1,1,1
God 1,1,1,1,1,1,1,1,1,1,1,1,1,1,1,1,1,1,1,1,1,1,1,1,1,1,1
chemistry 1,1
bolted 1
pushes 1
blush 1,1,1,1,1
orients 1
Holborn 1
Forty 1
Coroner 1
Miss 1,1,1
filled 1,1,1,1,1,1,1,1,1,1,1,1,1,1,1,1,1,1,1
absorbed 1,1,1,1,1
elapse 1
read 1,1,1,1,1,1,1,1,1,1,1,1,1,1,1,1,1,1,1,1,1,1,1,1,1,1,1,1,1,1,1,1
Resist 1
entertaining 1
emeraults 1
rebellious 1
egotism 1,1
mauve 1,1
comforting 1
devil 1,1,1,1
knelt 1
boyish 1,1,1,1,1
plodded 1
shop 1,1,1
description 1,1,1,1
crouch 1
Venetian 1,1,1,1,1,1
vanished 1,1
nineteenth 1,1,1,1,1,1,1,1
grimy 1
rebel 1
contralto 1
His 1,1,1,1,1,1,1,1,1,1,1,1,1,1,1,1,1,1,1,1,1,1,1,1,1,1,1,1,1,1,1,1,1,1,1,1,1,1,1,1,1,1,1,1,1,1,1,1,1,1,1,1,1,1,1,1,1,1,1,1,1
shut 1,1,1,1,1,1
forgiven 1
afternoon 1,1,1,1,1,1,1
How 1,1,1,1,1,1,1,1,1,1,1,1,1,1,1,1,1,1,1,1,1,1,1,1,1,1,1,1,1,1,1,1,1,1,1,1,1,1,1,1,1,1,1,1,1,1,1,1,1,1,1,1,1,1,1,1,1,1,1,1,1,1,1,1,1,1,1,1,1,1,1,1,1,1,1,1,1,1,1,1,1
plastic 1,1
plans 1
_teponaztli_ 1
contain 1,1,1,1
jarvies 1
somewhat 1,1,1,1,1,1,1,1,1,1,1
contact 1,1,1,1
duties 1
lucky 1
Jetant 1
trembling 1,1,1,1,1,1,1
candour 1,1
join 1,1,1,1
costume 1,1,1,1,1
faithfully 1
ordinary 1,1
Mysticism 1
bauderike 1
world 1,1,1,1,1,1,1,1,1,1,1,1,1,1,1,1,1,1,1,1,1,1,1,1,1,1,1,1,1,1,1,1,1,1,1,1,1,1,1,1,1,1,1,1,1,1,1,1,1,1,1,1,1,1,1,1,1,1,1,1,1,1,1,1,1,1,1,1,1,1,1,1,1,1,1,1,1,1,1,1,1,1,1,1,1,1,1,1,1,1,1,1,1
century 1,1,1,1,1,1,1,1,1,1,1,1,1,1,1,1
fluted 1
married 1,1,1,1,1,1,1,1,1,1,1,1,1,1,1,1,1,1,1,1,1,1,1,1
lute 1
publication 1
astounding 1,1
countrymen 1
declined 1
earth 1,1,1,1,1,1,1
Never 1,1,1,1,1,1,1,1,1,1,1,1,1
hinder 1
accept 1,1,1,1,1
masts 1,1
laying 1
cloak 1,1
fourth 1
feathered 1
expend 1
saddened 1
Emaux 1
When 1,1,1,1,1,1,1,1,1,1,1,1,1,1,1,1,1,1,1,1,1,1,1,1,1,1,1,1,1,1,1,1,1,1,1,1,1,1,1,1,1,1,1,1,1,1,1,1,1,1,1,1,1,1,1,1,1,1,1,1,1,1,1,1,1,1,1,1,1,1,1,1,1,1,1,1,1,1,1
easel 1
knocking 1
plain 1,1,1,1,1
clutched 1,1
nowadays 1,1,1,1,1,1,1,1
Audley 1,1
Alphonso 1
Frenchman 1,1,1
quiet 1,1,1
society 1,1,1,1,1,1,1,1,1,1,1,1,1,1
November 1,1,1
Kent 1,1
cheek 1,1,1,1,1,1
onyx 1
docks 1
Actual 1
noise 1
lover 1,1,1,1,1
reminded 1,1,1,1,1,1,1
courteously 1
Very 1,1,1,1
rhymes 1
raise 1,1,1
quite 1,1,1,1,1,1,1,1,1,1,1,1,1,1,1,1,1,1,1,1,1,1,1,1,1,1,1,1,1,1,1,1,1,1,1,1,1,1,1,1,1,1,1,1,1,1,1,1,1,1,1,1,1,1,1,1,1,1,1,1,1,1,1,1,1,1,1,1,1,1,1,1,1,1,1,1,1,1,1,1,1,1,1,1,1,1,1,1,1,1,1,1,1,1,1,1,1,1,1,1,1
Point 1
opening 1,1
perfectly 1,1,1,1,1,1,1,1,1,1,1,1,1,1,1,1,1,1,1,1,1,1,1
Gladys 1,1,1,1,1,1,1,1,1,1
dominates 1
divorce 1,1
situation 1,1,1,1
contour 1
Morning 1,1
separation 1
doubt 1,1,1,1,1,1,1,1,1,1,1
destiny 1
Lido 1
_debut_ 1,1,1
waning 1
verses 1,1,1
studio 1,1,1,1,1,1,1,1,1,1,1,1,1,1,1,1,1,1
Cloudless 1
Pure 1
log 1
glasses 1
angels 1
merely 1,1,1,1,1,1,1,1,1,1,1,1,1,1,1,1,1,1,1,1,1,1,1,1,1,1,1,1,1,1,1,1,1,1,1,1,1,1,1
pang 1,1
means 1,1,1,1,1,1,1,1,1,1,1,1,1,1,1,1
done 1,1,1,1,1,1,1,1,1,1,1,1,1,1,1,1,1,1,1,1,1,1,1,1,1,1,1,1,1,1,1,1,1,1,1,1,1,1,1,1,1,1,1,1,1,1,1,1,1,1
pause 1,1,1,1,1,1,1
disks 1,1
behaves 1
principal 1,1
Date 1
Second 1
apartment 1
touched 1,1,1,1,1,1,1,1,1,1,1,1,1,1,1
Blue 1,1,1,1
adder 1
cheated 1
faculty 1,1
club 1,1,1,1,1,1,1,1,1,1,1,1,1,1,1,1,1,1,1,1
exhaust 1
Because 1,1,1,1,1,1,1,1
individualism 1,1
endless 1
With 1,1,1,1,1,1,1,1,1,1
Ever 1
signed 1
sense 1,1,1,1,1,1,1,1,1,1,1,1,1,1,1,1,1,1,1,1,1,1,1,1,1,1,1,1,1,1,1,1,1,1
ethical 1,1,1,1
unseen 1,1
feel 1,1,1,1,1,1,1,1,1,1,1,1,1,1,1,1,1,1,1,1,1,1,1,1,1,1,1,1,1,1,1,1,1,1,1,1
coachman 1
interrupted 1,1,1,1
becomes 1,1,1,1,1,1,1
background 1,1,1,1
justification 1
powdered 1,1,1
deceased 1,1
depend 1
consummate 1
prefiguring 1
stick 1,1,1,1
wonderful 1,1,1,1,1,1,1,1,1,1,1,1,1,1,1,1,1,1,1,1,1,1,1,1,1,1,1,1,1,1,1,1,1,1,1,1,1,1,1,1,1,1,1,1,1,1,1,1,1,1,1,1,1,1,1,1,1,1
into 1,1,1,1,1,1,1,1,1,1,1,1,1,1,1,1,1,1,1,1,1,1,1,1,1,1,1,1,1,1,1,1,1,1,1,1,1,1,1,1,1,1,1,1,1,1,1,1,1,1,1,1,1,1,1,1,1,1,1,1,1,1,1,1,1,1,1,1,1,1,1,1,1,1,1,1,1,1,1,1,1,1,1,1,1,1,1,1,1,1,1,1,1,1,1,1,1,1,1,1,1,1,1,1,1,1,1,1,1,1,1,1,1,1,1,1,1,1,1,1,1,1,1,1,1,1,1,1,1,1,1,1,1,1,1,1,1,1,1,1,1,1,1,1,1,1,1,1,1,1,1,1,1,1,1,1,1,1,1
swamp 1
beryl 1
associated 1,1,1,1,1,1,1,1
brickfields 1
proper 1,1,1,1,1
harmonies 1
recently 1
bedroom 1,1,1
renewed 1
money 1,1,1,1,1,1,1,1,1,1,1,1,1,1,1,1,1,1,1,1,1,1
fingers 1,1,1,1,1,1,1,1,1,1,1,1,1,1,1,1,1,1,1,1,1,1,1,1,1
still 1,1,1,1,1,1,1,1,1,1,1,1,1,1,1,1,1,1,1,1,1,1,1,1,1,1,1,1,1,1,1,1,1,1,1,1,1,1,1,1,1,1,1
books 1,1,1,1,1,1,1
literary 1,1
tithe 1
_Foukousas_ 1
throwing 1,1,1,1
writing 1,1,1,1
gusty 1
steeplechase 1
sleeve 1
dulled 1
uncomely 1,1
sulks 1
WILL 1
sonnets 1,1
wanes 1
guest 1
June 1,1,1
sweet 1,1,1,1,1,1
jerking 1
Monsieur 1,1,1,1
riband 1
volume 1,1,1,1
aloes 1
mistake 1,1,1,1,1
rich 1,1,1,1,1,1,1,1,1,1,1,1,1,1
praise 1,1
detected 1
Just 1,1,1,1,1,1
EVEN 1
idyll 1
pouring 1,1
punished 1,1,1,1,1
coronation 1,1,1
lustreless 1
jars 1,1
tore 1,1,1,1,1
gilt 1,1,1,1,1,1,1,1,1,1,1,1,1,1
inherited 1
Les 1,1
ring 1,1
bargain 1,1
tumbling 1
butler 1,1,1,1
pearl 1,1,1,1,1,1
permitted 1,1
poison 1,1,1,1,1,1,1,1
sacking 1
Harden 1,1,1
swinging 1,1,1
lived 1,1,1,1,1,1,1,1,1,1,1,1
otherwise 1
market 1
reproaching 1
screamed 1,1,1
herbs 1
wearisome 1,1
Smyrna 1,1
soupir 1
assures 1
veil 1,1,1,1
consideration 1
brother 1,1,1,1,1,1,1,1,1
shambled 1
stealthy 1,1
chairs 1,1
counter 1
wedged 1
amethysts 1
agony 1,1,1,1
strings 1
chattered 1,1,1
hammer 1
monstrance 1
estimate 1
proposal 1
Dumb 1
device 1,1
variety 1
strained 1,1,1,1
daisies 1,1
one 1,1,1,1,1,1,1,1,1,1,1,1,1,1,1,1,1,1,1,1,1,1,1,1,1,1,1,1,1,1,1,1,1,1,1,1,1,1,1,1,1,1,1,1,1,1,1,1,1,1,1,1,1,1,1,1,1,1,1,1,1,1,1,1,1,1,1,1,1,1,1,1,1,1,1,1,1,1,1,1,1,1,1,1,1,1,1,1,1,1,1,1,1,1,1,1,1,1,1,1,1,1,1,1,1,1,1,1,1,1,1,1,1,1,1,1,1,1,1,1,1,1,1,1,1,1,1,1,1,1,1,1,1,1,1,1,1,1,1,1,1,1,1,1,1,1,1,1,1,1,1,1,1,1,1,1,1,1,1,1,1,1,1,1,1,1,1,1,1,1,1,1,1,1,1,1,1,1,1,1,1,1,1,1,1,1,1,1,1,1,1,1,1,1,1,1,1,1,1,1,1,1,1,1,1,1,1,1,1,1,1,1,1,1,1,1,1,1,1,1,1,1,1,1,1,1,1,1,1,1,1,1,1,1,1,1,1,1,1,1,1,1,1,1,1,1,1,1,1,1,1,1,1,1,1,1,1,1,1,1,1,1,1,1,1,1,1,1,1,1,1,1,1,1,1,1,1,1,1,1,1,1,1,1,1,1,1,1,1,1,1,1,1,1,1,1,1,1,1,1,1,1,1,1,1,1,1,1,1,1,1,1,1,1,1,1,1,1,1,1,1,1,1,1,1,1,1,1,1,1,1,1,1,1,1,1,1,1,1,1,1,1,1,1,1,1,1,1,1,1,1,1,1,1,1,1,1,1,1,1,1,1,1,1,1,1,1,1,1,1,1,1,1,1,1,1,1,1,1,1,1,1,1,1,1,1,1,1,1,1,1,1,1,1,1,1,1,1,1,1,1,1,1
Plate 1
buying 1
country 1,1,1,1,1,1,1,1,1,1,1,1,1,1,1
sincerity 1,1
DAMAGES 1,1
shapes 1,1,1,1,1
Whenever 1,1
none 1,1,1,1,1,1,1
hazard 1
asleep 1,1,1,1
seized 1,1,1,1,1,1
lounged 1
ACTUAL 1
our 1,1,1,1,1,1,1,1,1,1,1,1,1,1,1,1,1,1,1,1,1,1,1,1,1,1,1,1,1,1,1,1,1,1,1,1,1,1,1,1,1,1,1,1,1,1,1,1,1,1,1,1,1,1,1,1,1,1,1,1,1,1,1,1,1,1,1
Philostratus 1
noon 1
Birrell 1
dare 1,1,1,1,1,1,1,1,1,1,1
apologize 1
draped 1,1,1
Plato 1
illusions 1
lily 1
locations 1,1
wild 1,1,1,1,1,1,1,1,1,1,1,1,1,1,1,1,1,1,1,1,1,1,1,1,1,1,1,1
calculate 1
analysis 1
encyclopaedias 1
_fleurs 1,1
borrowed 1
genial 1,1,1
grievance 1
Unless 1
brilliantly 1
emerald 1,1
psychical 1
remove 1
Over 1,1,1
live 1,1,1,1,1,1,1,1,1,1,1,1,1,1,1,1,1,1,1,1,1,1,1,1,1,1
shrugging 1
_du 1
assisted 1
assumed 1,1
indicating 1
burying 1,1,1
mahogany 1
evil 1,1,1,1,1,1,1,1,1,1,1,1,1,1,1,1
design 1,1
cabmen 1
Francisco 1,1
perfumed 1
Thank 1,1,1
bamboo 1,1
giving 1,1,1,1,1,1,1,1,1,1,1
gives 1,1,1,1,1,1,1
_Symbolistes_ 1
friendship 1,1,1,1,1,1,1,1,1
disappointed 1,1,1,1,1,1
hooked 1
thicket 1,1,1,1,1
curves 1,1,1,1,1,1
quotation 1
wrists 1
grows 1
meets 1,1,1
infamy 1
analysing 1
barren 1
antiquity 1
travel 1
intensified 1,1,1,1
tree 1
roche_ 1
absolutely 1,1,1,1,1,1,1,1,1,1,1,1,1,1,1,1,1,1,1,1,1,1,1,1,1,1,1,1,1,1,1,1,1,1,1,1,1,1,1
drunkenness 1
requirements 1,1,1,1
cooped 1
Capulet 1,1
Titan 1,1
consisted 1,1
hearing 1,1,1,1,1
inclined 1,1
tale 1
outdated 1
train 1,1,1,1,1,1,1,1
Flemish 1,1
hautboy 1
2008 1
follies 1,1
practically 1
heart 1,1,1,1,1,1,1,1,1,1,1,1,1,1,1,1,1,1,1,1,1,1,1,1,1,1,1,1
stirrups 1
straggling 1
fire 1,1,1,1,1,1,1,1,1,1,1,1,1,1,1,1,1,1,1
enamoured 1,1,1,1
slept 1
father 1,1,1,1,1,1,1,1,1,1,1,1,1
assistance 1,1
surfaces 1
again 1,1,1,1,1,1,1,1,1,1,1,1,1,1,1,1,1,1,1,1,1,1,1,1,1,1,1,1,1,1,1,1,1,1,1,1,1,1,1,1,1,1,1,1,1,1,1,1,1,1,1,1,1,1,1,1,1,1,1,1,1,1,1,1,1,1,1,1,1,1,1,1
artificial 1,1,1
prefix 1
balcony 1,1,1,1
imagination 1,1,1,1,1,1,1,1,1,1,1,1,1,1,1,1
Out 1,1,1
pride 1,1,1,1,1,1,1
birds 1,1,1,1,1,1,1,1,1,1,1
uniform 1
prefer 1
laughs 1
enslave 1
crept 1,1,1,1,1,1,1,1,1,1,1,1,1,1,1,1,1
round 1,1,1,1,1,1,1,1,1,1,1,1,1,1,1,1,1,1,1,1,1,1,1,1,1,1,1,1,1,1,1,1,1,1,1,1,1,1,1,1,1,1,1,1,1,1,1,1,1,1,1,1,1,1,1,1,1,1,1,1,1,1,1,1,1,1,1,1,1,1,1,1,1,1,1,1,1,1,1,1
romanticism 1
act 1,1,1,1,1,1,1,1,1,1,1,1,1,1,1,1,1,1,1,1,1
morals 1,1,1,1
prevent 1,1
label 1
aid 1
ain 1,1,1,1
HAVE 1
speak 1,1,1,1,1,1,1,1,1,1,1,1,1,1,1,1,1,1,1
Agatha 1,1,1,1,1,1,1,1,1,1,1,1,1,1,1
expense 1,1
flaccid 1
Forgive 1,1,1,1
consists 1,1
altar 1,1
Make 1,1
pathetic 1,1,1
are 1,1,1,1,1,1,1,1,1,1,1,1,1,1,1,1,1,1,1,1,1,1,1,1,1,1,1,1,1,1,1,1,1,1,1,1,1,1,1,1,1,1,1,1,1,1,1,1,1,1,1,1,1,1,1,1,1,1,1,1,1,1,1,1,1,1,1,1,1,1,1,1,1,1,1,1,1,1,1,1,1,1,1,1,1,1,1,1,1,1,1,1,1,1,1,1,1,1,1,1,1,1,1,1,1,1,1,1,1,1,1,1,1,1,1,1,1,1,1,1,1,1,1,1,1,1,1,1,1,1,1,1,1,1,1,1,1,1,1,1,1,1,1,1,1,1,1,1,1,1,1,1,1,1,1,1,1,1,1,1,1,1,1,1,1,1,1,1,1,1,1,1,1,1,1,1,1,1,1,1,1,1,1,1,1,1,1,1,1,1,1,1,1,1,1,1,1,1,1,1,1,1,1,1,1,1,1,1,1,1,1,1,1,1,1,1,1,1,1,1,1,1,1,1,1,1,1,1,1,1,1,1,1,1,1,1,1,1,1,1,1,1,1,1,1,1,1,1,1,1,1,1,1,1,1,1,1,1,1,1,1,1,1,1,1,1,1,1,1,1,1,1,1,1,1,1,1,1,1,1,1,1,1,1,1,1,1,1,1,1,1,1,1,1,1,1,1,1,1,1,1,1,1,1,1,1,1,1,1,1,1,1,1,1,1,1,1,1,1,1,1,1,1,1,1,1,1,1,1,1,1,1,1,1,1,1,1,1,1,1,1,1,1,1,1,1,1,1,1,1,1,1,1,1,1,1,1,1,1,1,1,1,1,1,1,1,1,1,1,1,1,1,1,1,1,1,1,1,1,1,1,1,1,1,1,1
pglaf 1
Arabian 1,1
call 1,1,1,1,1,1,1,1,1,1,1,1,1,1,1,1,1,1,1,1,1,1,1,1,1,1,1
rue 1
becoming 1,1,1,1
protests 1
results 1,1
palace 1,1
Campanile 1
defend 1,1,1
dotted 1
yard 1
experimental 1
case 1,1,1,1,1,1,1,1,1,1,1,1,1
generation 1
longing 1,1,1
effigy 1
failing 1
daren 1
seldom 1
dared 1,1,1,1
vile 1,1,1,1
_fin 1
display 1
garlands 1
beautifully 1
painters 1,1
swerved 1,1
kind 1,1,1,1,1,1,1,1,1,1,1,1,1,1,1,1,1,1,1,1,1,1,1,1,1,1,1
exquisitely 1,1
jesting 1
sad 1,1,1,1,1,1,1,1,1,1
viol 1
Stop 1,1,1,1,1,1,1,1
luncheon 1
kiss 1,1,1,1
fluid 1
dear 1,1,1,1,1,1,1,1,1,1,1,1,1,1,1,1,1,1,1,1,1,1,1,1,1,1,1,1,1,1,1,1,1,1,1,1,1,1,1,1,1,1,1,1,1,1,1,1,1,1,1,1,1,1,1,1,1,1,1,1,1,1,1,1,1,1,1,1,1,1
set 1,1,1,1,1,1,1,1,1,1,1,1,1,1,1,1,1,1,1,1,1,1,1,1,1,1,1,1,1,1,1
river 1
beg 1,1,1,1,1
Hypocrisy 1
little 1,1,1,1,1,1,1,1,1,1,1,1,1,1,1,1,1,1,1,1,1,1,1,1,1,1,1,1,1,1,1,1,1,1,1,1,1,1,1,1,1,1,1,1,1,1,1,1,1,1,1,1,1,1,1,1,1,1,1,1,1,1,1,1,1,1,1,1,1,1,1,1,1,1,1,1,1,1,1,1,1,1,1,1,1,1
deed 1
sip 1
stroke 1
ruisselant 1
satisfied 1,1,1,1,1,1
parrot 1,1,1,1
viewed 1
change 1,1,1,1,1,1,1,1,1,1,1,1,1,1,1,1,1,1,1,1,1
discovers 1
northern 1
civilizations 1
thrown 1,1,1,1,1,1
clerks 1
snatched 1
ANY 1,1,1
Tavern 1
apricot 1
stammered 1,1
county 1
Sections 1
scandal 1,1,1,1,1,1,1,1
deny 1
crawled 1,1,1,1
mission 1,1,1
tarry 1
sun 1,1,1
secretary 1
gloom 1,1
lidded 1
wished 1,1,1,1
152 1,1
spiritualizing 1
tapestry 1,1,1
hastened 1
dreadfully 1,1,1,1,1,1,1,1,1,1
General 1,1,1
divinity 1
Inside 1,1
streets 1,1,1,1,1,1,1
road 1,1
weather 1
centuries 1
natures 1
Hungary 1
foulest 1
barbaric 1
fragile 1
Diaz 1
curate 1
cat 1
hurrying 1,1
superstitions 1
category 1
rival 1
