spoke 1,1,1,1,1,1,1,1,1,1,1,1,1,1,1,1,1
fifty 1,1,1,1,1,1
roams 1
willow 1,1,1,1,1,1,1,1,1,1
8 1,1,1,1
B 1,1,1,1,1
stirring 1,1
galloped 1,1,1,1
nibble 1
salt 1,1,1,1,1
laden 1
entering 1
t 1,1,1,1,1,1,1,1,1,1,1,1,1,1,1,1,1,1,1,1,1,1,1,1,1,1,1,1,1,1,1,1,1,1,1,1,1,1,1,1,1,1,1,1,1,1,1,1,1
tis 1
unhappiness 1
gbnewby@pglaf 1
disclaimers 1
nobleman 1,1
hare 1,1,1
well 1,1,1,1,1,1,1,1,1,1,1,1,1,1,1,1,1,1,1,1,1,1,1,1,1,1,1,1,1,1,1,1,1,1,1,1,1,1,1,1,1,1,1,1,1,1,1,1,1,1,1,1,1,1,1,1,1,1,1,1,1,1,1,1,1,1,1,1,1,1,1,1,1,1,1,1,1,1,1,1,1,1,1,1,1,1,1,1,1,1,1,1,1,1,1,1,1,1,1,1,1,1,1,1,1,1,1,1,1,1,1,1,1,1,1,1,1,1,1,1,1,1,1,1,1,1,1,1,1,1,1,1
Aha 1,1
fountain 1,1,1
pile 1,1
went 1,1,1,1,1,1,1,1,1,1,1,1,1,1,1,1,1,1,1,1,1,1,1,1,1,1,1,1,1,1,1,1,1,1,1,1,1,1,1,1,1,1,1,1,1,1,1,1,1,1,1,1,1,1,1,1,1,1,1,1,1,1,1,1,1,1,1,1,1,1,1,1,1,1,1,1,1,1,1,1,1,1,1,1,1,1,1,1,1,1,1,1,1,1,1,1,1,1,1,1,1,1,1,1,1,1,1,1,1,1,1,1,1,1,1,1,1,1,1,1,1,1,1,1,1,1,1,1,1,1,1,1,1,1,1,1,1,1,1,1,1,1,1,1,1,1,1,1,1,1,1,1,1,1,1,1,1,1,1,1,1,1,1,1,1,1,1,1,1,1,1,1,1,1,1,1,1,1,1,1,1,1,1,1,1,1,1,1,1,1,1,1,1,1,1,1,1,1,1,1,1,1,1,1,1,1,1,1,1,1,1,1,1,1,1,1,1,1,1,1,1,1,1,1,1,1,1,1,1,1,1,1,1,1,1,1,1,1,1,1,1,1,1,1,1,1,1,1,1,1,1,1,1,1,1,1,1,1,1,1,1,1,1,1,1,1,1,1,1,1,1,1,1,1,1,1,1,1,1,1,1,1,1,1,1,1,1,1,1,1,1,1,1,1,1,1,1,1,1,1,1,1,1,1,1,1,1,1,1,1,1,1,1,1,1,1,1,1,1,1,1,1,1,1,1,1,1,1,1,1,1,1,1,1,1,1,1,1,1,1,1,1,1,1,1,1,1,1,1,1,1,1,1,1,1,1,1,1,1,1,1,1,1,1,1,1,1,1,1,1,1,1,1,1,1,1,1,1,1,1,1,1,1,1,1,1,1,1,1,1,1,1,1,1,1,1,1,1,1,1,1,1,1,1,1,1,1,1,1,1,1,1,1,1,1,1,1,1,1,1,1,1,1,1,1,1,1,1,1,1,1,1,1,1,1,1,1,1,1
pressed 1,1
bringing 1,1
stepsister 1
woman 1,1,1,1,1,1,1,1,1,1,1,1,1,1,1,1,1,1,1,1,1,1,1,1,1,1,1,1,1,1,1,1,1,1,1,1,1,1,1,1,1,1,1,1,1,1,1,1,1,1,1,1,1,1,1,1,1,1,1,1,1,1,1,1,1,1,1,1,1,1,1,1,1,1,1,1,1,1,1,1,1,1,1,1,1,1,1,1,1,1,1,1,1,1,1,1,1,1
tom 1
walks 1
warmed 1,1,1,1,1
lay 1,1,1,1,1,1,1,1,1,1,1,1,1,1,1,1,1,1,1,1,1,1,1,1,1,1,1,1,1,1,1,1,1,1,1,1,1,1,1,1,1,1,1,1,1,1,1,1,1,1,1,1,1,1,1,1,1,1,1,1,1,1,1,1,1,1,1,1,1,1,1,1,1,1,1,1,1,1,1,1,1
AGREEMENT 1
Any 1
renowned 1
times 1,1,1,1,1,1,1,1,1,1,1,1,1,1,1,1,1,1
floor 1,1,1,1,1,1,1,1,1,1,1
necklace 1,1,1
hatching 1
cares 1
jewels 1,1,1,1,1,1,1
sweeping 1
two 1,1,1,1,1,1,1,1,1,1,1,1,1,1,1,1,1,1,1,1,1,1,1,1,1,1,1,1,1,1,1,1,1,1,1,1,1,1,1,1,1,1,1,1,1,1,1,1,1,1,1,1,1,1,1,1,1,1,1,1,1,1,1,1,1,1,1,1,1,1,1,1,1,1,1,1,1,1,1,1,1,1,1,1,1,1,1,1,1,1,1,1,1,1,1,1,1,1,1,1,1,1,1,1,1,1,1,1,1,1,1,1,1,1,1,1,1,1,1,1,1,1,1,1,1,1,1,1,1,1,1,1,1,1,1,1,1,1,1,1,1
kitchen 1,1,1,1,1,1,1,1,1,1,1,1,1,1,1,1,1,1,1,1,1,1,1,1,1,1,1,1,1,1,1
thirst 1,1,1,1,1
refused 1,1,1,1,1,1,1
OTHER 1
mistress 1,1,1,1
clap 1
demanded 1
thine 1,1,1,1,1
donation 1
scorned 1,1
equal 1,1
cauldron 1,1
three 1,1,1,1,1,1,1,1,1,1,1,1,1,1,1,1,1,1,1,1,1,1,1,1,1,1,1,1,1,1,1,1,1,1,1,1,1,1,1,1,1,1,1,1,1,1,1,1,1,1,1,1,1,1,1,1,1,1,1,1,1,1,1,1,1,1,1,1,1,1,1,1,1,1,1,1,1,1,1,1,1,1,1,1,1,1,1,1,1,1,1,1,1,1,1,1,1,1,1
NOTICE 1
bright 1,1,1,1,1,1,1
unknown 1,1,1,1,1,1,1,1
Thou 1,1,1,1,1,1,1,1,1,1,1,1,1,1
blown 1
door 1,1,1,1,1,1,1,1,1,1,1,1,1,1,1,1,1,1,1,1,1,1,1,1,1,1,1,1,1,1,1,1,1,1,1,1,1,1,1,1,1,1,1,1,1,1,1,1,1,1,1,1,1,1,1,1,1,1,1,1,1,1,1,1,1,1,1,1,1,1,1,1,1,1,1,1,1,1,1,1,1,1,1,1,1,1,1,1,1,1,1,1,1,1,1,1,1,1,1,1,1,1,1,1,1,1,1,1,1,1,1,1,1,1,1,1,1,1,1,1,1,1,1,1,1,1,1,1,1,1,1,1,1,1,1,1,1,1,1,1,1,1,1
stoked 1
experience 1
Christendom 1
keeps 1,1
ambush 1
drinking 1,1,1,1,1
Joy 1,1
CAT 1,1,1,1,1,1
insulted 1,1
breezes 1,1,1,1,1,1
Wilt 1
splendour 1
gaping 1,1
crack 1,1,1
accepting 1
flakes 1
bodies 1,1,1
virtues 1
shoes 1,1,1,1,1,1,1,1,1,1,1,1,1,1,1,1,1,1,1,1,1,1,1,1,1,1
die 1,1,1,1,1,1,1,1,1,1,1,1,1,1,1,1,1,1,1,1,1
later 1,1,1
Scarcely 1,1,1,1,1,1
seated 1,1,1,1,1,1,1
business@pglaf 1
lathe 1,1,1
states 1,1,1,1
load 1,1,1,1,1
FOUR 1,1
blacken 1
pitch 1,1,1
bade 1,1,1,1,1,1,1,1,1,1
printed 1,1
field 1,1,1,1,1,1,1,1,1,1,1,1,1
curse 1
sewed 1,1,1,1,1
mad 1,1,1
man 1,1,1,1,1,1,1,1,1,1,1,1,1,1,1,1,1,1,1,1,1,1,1,1,1,1,1,1,1,1,1,1,1,1,1,1,1,1,1,1,1,1,1,1,1,1,1,1,1,1,1,1,1,1,1,1,1,1,1,1,1,1,1,1,1,1,1,1,1,1,1,1,1,1,1,1,1,1,1,1,1,1,1,1,1,1,1,1,1,1,1,1,1,1,1,1,1,1,1,1,1,1,1,1,1,1,1,1,1,1,1,1,1,1,1,1,1,1,1,1,1,1,1,1,1,1,1,1,1,1,1,1,1,1,1,1,1,1,1,1,1,1,1,1,1,1,1,1,1,1,1,1,1,1,1,1,1,1,1,1,1,1,1,1,1,1,1,1,1,1,1,1,1,1,1,1,1,1,1,1,1,1,1,1,1,1,1,1,1,1,1,1,1,1,1,1,1,1,1,1,1,1,1,1,1,1,1,1,1,1,1,1,1,1,1,1,1,1,1,1,1,1,1,1,1,1
tacked 1
nostrils 1
alter 1
likes 1,1,1,1
streak 1,1
chaffinch 1,1,1
woes 1
breath 1,1,1
met 1,1,1,1,1,1,1,1,1,1,1,1,1,1,1,1,1,1,1,1,1,1,1,1,1,1,1,1,1,1,1,1,1,1,1,1,1,1,1,1
observed 1,1
Instantly 1
frozen 1,1
highest 1,1
dirty 1,1,1,1,1,1,1,1,1,1,1,1,1,1
stab 1
bark 1,1,1,1
greedy 1,1,1
displaying 1,1,1,1
gardener 1,1,1,1,1,1,1,1,1,1,1,1,1,1,1,1,1,1,1
64 1
mass 1,1,1
bitter 1,1,1,1
specified 1,1
loud 1,1,1,1,1,1,1,1,1,1,1,1,1,1,1,1
soldier 1,1,1,1,1,1,1,1,1,1,1,1,1,1,1,1,1,1,1,1,1,1,1,1,1,1,1,1,1,1,1,1,1,1,1,1,1,1,1,1,1,1,1,1,1,1,1,1
menial 1
swans 1
EXPRESS 1
coward 1
thrush 1,1,1,1
squeezed 1,1,1
Cap 1,1,1,1,1,1,1,1,1,1,1,1,1,1,1,1,1,1,1,1,1,1,1,1,1,1
clouds 1,1,1
CONTENTS 1
hands 1,1,1,1,1,1,1,1,1,1,1,1,1,1,1,1,1,1,1,1,1,1,1,1,1
leading 1,1,1
saves 1
marched 1,1
agreement 1,1,1,1,1,1,1,1,1,1,1,1,1,1,1,1,1
whirring 1
LION 1,1
beware 1
BLUE 1,1
gazing 1,1
refuse 1,1,1
upside 1
thorns 1,1,1,1,1,1
eager 1,1
whirlwind 1,1
loose 1,1,1
useful 1,1
wouldst 1
Replacement 1
Talk 1
WREN 1,1
WITH 1
gift 1,1,1,1,1,1,1,1
springs 1,1
tried 1,1,1,1,1,1,1,1,1,1,1,1,1,1,1,1,1,1,1
brethren 1,1
IS 1
wooer 1,1,1
bushes 1,1,1
moist 1
woods 1,1,1,1,1,1
pillows 1,1
THREE 1,1
mercilessly 1
shame 1,1,1,1,1,1
rolls 1,1
complying 1,1,1
sowed 1
BUSH 1,1
Fine 1,1,1
fully 1,1,1
journeying 1,1
shines 1
Chanticleer 1,1,1,1,1,1,1,1,1,1,1,1,1,1,1,1,1,1,1,1,1,1,1,1,1,1,1,1,1,1
pounce 1
stayed 1,1,1,1,1,1,1,1,1,1,1,1
dwell 1,1
slut 1
Hullo 1
sounded 1
town 1,1,1,1,1,1,1,1,1,1,1,1,1,1,1,1,1,1,1,1,1,1,1
whatever 1,1,1,1,1,1,1,1,1,1,1,1,1,1
hidden 1,1,1,1,1,1,1,1,1,1,1
thoughts 1,1,1,1
what 1,1,1,1,1,1,1,1,1,1,1,1,1,1,1,1,1,1,1,1,1,1,1,1,1,1,1,1,1,1,1,1,1,1,1,1,1,1,1,1,1,1,1,1,1,1,1,1,1,1,1,1,1,1,1,1,1,1,1,1,1,1,1,1,1,1,1,1,1,1,1,1,1,1,1,1,1,1,1,1,1,1,1,1,1,1,1,1,1,1,1,1,1,1,1,1,1,1,1,1,1,1,1,1,1,1,1,1,1,1,1,1,1,1,1,1,1,1,1,1,1,1,1,1,1,1,1,1,1,1,1,1,1,1,1,1,1,1,1,1,1,1,1,1,1,1,1,1,1,1,1,1,1,1,1,1,1,1,1,1,1,1,1,1,1,1,1,1,1,1,1,1,1,1,1,1,1,1,1,1,1,1,1,1,1,1,1,1,1,1,1,1,1,1,1,1,1,1,1,1,1,1,1,1,1,1,1,1,1,1,1,1,1,1,1,1,1,1,1,1,1,1,1,1,1,1,1,1,1,1,1,1,1,1,1,1,1,1,1,1,1,1,1,1,1,1,1,1,1,1,1,1,1,1,1,1,1,1,1,1,1,1,1,1,1,1,1,1,1,1,1,1,1,1,1,1,1,1,1,1,1,1,1,1,1,1,1,1,1,1,1,1,1,1,1,1,1,1
BANDY 1
Behind 1
quickly 1,1,1,1,1,1,1,1,1,1,1,1,1,1,1,1,1,1,1,1,1,1,1,1,1,1,1,1
tugged 1
pricked 1,1,1,1
promising 1
comfortably 1,1,1
Tread 1
pantry 1,1
Fair 1
wet 1
dishes 1,1,1,1,1,1,1
enchanted 1,1,1,1,1,1,1,1,1
sides 1,1,1,1,1,1
certain 1,1,1,1,1,1,1,1,1,1
rain 1,1,1,1
recital 1
sugar 1,1,1
died 1,1,1,1,1,1,1,1,1,1,1,1,1,1,1,1,1,1,1,1,1,1,1
rocks 1,1,1,1,1,1
scorching 1
handful 1,1,1,1,1
oneself 1
dipped 1
spangled 1
am 1,1,1,1,1,1,1,1,1,1,1,1,1,1,1,1,1,1,1,1,1,1,1,1,1,1,1,1,1,1,1,1,1,1,1,1,1,1,1,1,1,1,1,1,1,1,1,1,1,1,1,1,1,1,1,1,1,1,1,1,1,1,1,1,1,1,1,1,1,1,1,1,1,1,1,1,1,1,1,1,1,1,1,1,1,1,1,1,1,1,1,1,1,1,1,1,1,1,1,1,1,1,1,1,1,1,1,1,1,1,1,1,1,1,1,1,1,1,1,1,1,1,1,1,1,1,1,1,1,1,1,1,1,1,1,1,1,1,1,1,1,1,1,1,1,1,1,1,1,1
prove 1,1,1
search 1,1,1,1,1,1,1,1,1,1,1,1,1,1,1
furnished 1
Henceforth 1
nickname 1
Poor 1,1,1,1,1
mounted 1,1,1,1,1,1,1
observe 1
accomplished 1
rare 1
softened 1,1
tumbles 1
screams 1
mistaken 1,1
burden 1,1
kept 1,1,1,1,1,1,1,1,1,1,1,1,1,1,1,1,1,1,1
form 1,1,1,1,1,1,1,1,1,1,1,1,1,1,1
violently 1,1
likely 1,1,1,1,1
somebody 1,1,1,1
loaves 1,1,1,1
ICHABOD 1
rascal 1,1,1,1
dungeon 1,1
ll 1,1,1,1,1,1,1,1,1,1,1,1,1,1,1,1,1,1,1,1,1,1,1,1,1,1,1,1,1,1,1,1,1,1
marshal 1
chosen 1,1
hear 1,1,1,1,1,1,1,1,1,1,1,1,1,1,1,1,1,1,1,1,1,1,1,1
pretty 1,1,1,1,1,1,1,1,1,1,1,1,1,1,1,1,1,1,1,1,1,1,1,1,1,1
cock 1,1,1,1,1,1,1,1,1,1,1,1,1,1,1,1,1
sitting 1,1,1,1,1,1,1,1,1,1,1,1,1,1,1,1,1,1,1,1,1,1,1,1,1,1,1,1,1,1,1,1,1,1,1,1,1,1,1,1,1,1,1,1,1,1,1,1,1,1,1,1,1,1,1,1,1,1,1,1
scarlet 1,1,1
speaking 1,1,1
adopt 1
belly 1,1,1
seem 1,1,1,1,1,1,1,1,1
blew 1,1,1,1,1,1
sugarloaf 1,1
so 1,1,1,1,1,1,1,1,1,1,1,1,1,1,1,1,1,1,1,1,1,1,1,1,1,1,1,1,1,1,1,1,1,1,1,1,1,1,1,1,1,1,1,1,1,1,1,1,1,1,1,1,1,1,1,1,1,1,1,1,1,1,1,1,1,1,1,1,1,1,1,1,1,1,1,1,1,1,1,1,1,1,1,1,1,1,1,1,1,1,1,1,1,1,1,1,1,1,1,1,1,1,1,1,1,1,1,1,1,1,1,1,1,1,1,1,1,1,1,1,1,1,1,1,1,1,1,1,1,1,1,1,1,1,1,1,1,1,1,1,1,1,1,1,1,1,1,1,1,1,1,1,1,1,1,1,1,1,1,1,1,1,1,1,1,1,1,1,1,1,1,1,1,1,1,1,1,1,1,1,1,1,1,1,1,1,1,1,1,1,1,1,1,1,1,1,1,1,1,1,1,1,1,1,1,1,1,1,1,1,1,1,1,1,1,1,1,1,1,1,1,1,1,1,1,1,1,1,1,1,1,1,1,1,1,1,1,1,1,1,1,1,1,1,1,1,1,1,1,1,1,1,1,1,1,1,1,1,1,1,1,1,1,1,1,1,1,1,1,1,1,1,1,1,1,1,1,1,1,1,1,1,1,1,1,1,1,1,1,1,1,1,1,1,1,1,1,1,1,1,1,1,1,1,1,1,1,1,1,1,1,1,1,1,1,1,1,1,1,1,1,1,1,1,1,1,1,1,1,1,1,1,1,1,1,1,1,1,1,1,1,1,1,1,1,1,1,1,1,1,1,1,1,1,1,1,1,1,1,1,1,1,1,1,1,1,1,1,1,1,1,1,1,1,1,1,1,1,1,1,1,1,1,1,1,1,1,1,1,1,1,1,1,1,1,1,1,1,1,1,1,1,1,1,1,1,1,1,1,1,1,1,1,1,1,1,1,1,1,1,1,1,1,1,1,1,1,1,1,1,1,1,1,1,1,1,1,1,1,1,1,1,1,1,1,1,1,1,1,1,1,1,1,1,1,1,1,1,1,1,1,1,1,1,1,1,1,1,1,1,1,1,1,1,1,1,1,1,1,1,1,1,1,1,1,1,1,1,1,1,1,1,1,1,1,1,1,1,1,1,1,1,1,1,1,1,1,1,1,1,1,1,1,1,1,1,1,1,1,1,1,1,1,1,1,1,1,1,1,1,1,1,1,1,1,1,1,1,1,1,1,1,1,1,1,1,1,1,1,1,1,1,1,1,1,1,1,1,1,1,1,1,1,1
Thomas 1
closet 1,1,1,1,1
heed 1,1
reasonable 1
//pglaf 1,1,1,1
dale 1,1
pecked 1,1,1,1,1,1,1,1
life 1,1,1,1,1,1,1,1,1,1,1,1,1,1,1,1,1,1,1,1,1,1,1,1,1,1,1,1,1,1,1,1,1,1,1,1,1,1,1,1,1
frolick 1
reading 1,1
chains 1,1
befriended 1
Mrs 1,1,1,1,1,1,1,1,1,1,1
self 1
roses 1,1,1,1,1
healing 1
blow 1,1,1,1,1,1,1,1,1,1,1,1,1,1,1,1,1,1,1,1,1,1,1
dolefully 1
proposed 1
forefeet 1
dash 1
send 1,1,1,1,1,1,1,1
costs 1,1
plagued 1,1
numerous 1
carcase 1
stratagem 1
whatsoever 1,1,1,1,1,1
dawn 1,1
illustration 1
shuddered 1
Underneath 1,1,1,1,1,1,1,1
Turtle 1,1
Marian 1,1
fated 1
child 1,1,1,1,1,1,1,1,1,1,1,1,1,1,1,1,1,1,1,1,1,1,1,1,1,1,1,1,1,1,1,1,1,1,1,1,1,1,1,1,1,1,1,1,1,1,1,1,1,1,1,1,1,1,1,1,1,1,1,1,1,1,1,1,1,1,1,1,1,1,1,1,1,1,1,1,1,1,1,1,1,1,1
halfway 1
hissed 1
battlefield 1
there 1,1,1,1,1,1,1,1,1,1,1,1,1,1,1,1,1,1,1,1,1,1,1,1,1,1,1,1,1,1,1,1,1,1,1,1,1,1,1,1,1,1,1,1,1,1,1,1,1,1,1,1,1,1,1,1,1,1,1,1,1,1,1,1,1,1,1,1,1,1,1,1,1,1,1,1,1,1,1,1,1,1,1,1,1,1,1,1,1,1,1,1,1,1,1,1,1,1,1,1,1,1,1,1,1,1,1,1,1,1,1,1,1,1,1,1,1,1,1,1,1,1,1,1,1,1,1,1,1,1,1,1,1,1,1,1,1,1,1,1,1,1,1,1,1,1,1,1,1,1,1,1,1,1,1,1,1,1,1,1,1,1,1,1,1,1,1,1,1,1,1,1,1,1,1,1,1,1,1,1,1,1,1,1,1,1,1,1,1,1,1,1,1,1,1,1,1,1,1,1,1,1,1,1,1,1,1,1,1,1,1,1,1,1,1,1,1,1,1,1,1,1,1,1,1,1,1,1,1,1,1,1,1,1,1,1,1,1,1,1,1,1,1,1,1,1,1,1,1,1,1,1,1,1,1,1,1,1,1,1,1,1,1,1,1,1,1,1,1,1,1,1,1,1,1,1,1,1,1,1,1,1,1,1,1,1,1,1,1,1,1,1,1,1,1,1,1,1,1,1,1,1,1,1,1,1,1,1,1,1,1,1,1,1,1,1,1,1,1,1,1,1,1,1,1
lady 1,1,1,1,1,1,1,1,1,1,1,1,1,1,1,1,1,1,1,1,1,1,1,1,1,1,1,1,1,1,1,1,1,1,1
Nay 1,1,1,1
approach 1,1,1
deliverer 1,1
arrogance 1
eBook 1,1,1,1,1,1
queer 1,1
peep 1,1
costly 1,1,1,1
terror 1,1
sorely 1,1,1
accord 1,1
lamp 1,1
fanned 1
wand 1,1,1,1,1,1,1,1
chase 1
beating 1
Anything 1
smite 1
has 1,1,1,1,1,1,1,1,1,1,1,1,1,1,1,1,1,1,1,1,1,1,1,1,1,1,1,1,1,1,1,1,1,1,1,1,1,1,1,1,1,1,1,1,1,1,1,1,1,1,1,1,1,1,1,1,1,1,1,1,1,1,1,1,1,1,1,1,1,1,1,1,1,1,1,1,1,1,1,1,1,1,1,1,1,1,1,1,1,1,1,1,1,1,1,1,1,1,1,1,1,1,1,1,1,1,1,1,1,1,1,1,1,1,1,1,1,1,1,1,1,1,1,1,1,1,1,1,1,1
last 1,1,1,1,1,1,1,1,1,1,1,1,1,1,1,1,1,1,1,1,1,1,1,1,1,1,1,1,1,1,1,1,1,1,1,1,1,1,1,1,1,1,1,1,1,1,1,1,1,1,1,1,1,1,1,1,1,1,1,1,1,1,1,1,1,1,1,1,1,1,1,1,1,1,1,1,1,1,1,1,1,1,1,1,1,1,1,1,1,1,1,1,1,1,1,1,1,1,1,1,1,1,1,1,1,1,1,1,1,1,1,1,1,1,1,1,1,1,1,1,1,1,1,1,1,1,1,1,1,1,1,1,1,1,1,1,1,1,1,1,1,1,1,1,1,1
guilty 1
measure 1,1
outskirts 1,1
brute 1
venomous 1
ends 1
assembled 1,1,1
steady 1
colour 1
happy 1,1,1,1,1,1,1,1,1,1,1,1,1,1,1,1,1,1,1,1,1,1,1,1,1
mocking 1
Web 1,1,1
light 1,1,1,1,1,1,1,1,1,1,1,1,1,1,1,1,1,1,1,1,1,1,1,1,1,1,1,1,1,1,1,1,1,1,1,1,1,1,1,1
cleft 1
enraged 1
chat 1,1
grandfather 1,1,1
bean 1,1,1,1
hurts 1
unharmed 1
deserted 1
mistook 1
innocent 1,1,1,1
attendants 1,1,1
murderous 1
Briar 1,1,1,1,1
hoe 1
stems 1
bottle 1,1,1,1,1,1,1
tail 1,1,1,1,1,1,1,1,1,1,1,1,1,1,1,1,1,1,1
spellbound 1
landmark 1,1
reply 1,1
muttered 1,1
some 1,1,1,1,1,1,1,1,1,1,1,1,1,1,1,1,1,1,1,1,1,1,1,1,1,1,1,1,1,1,1,1,1,1,1,1,1,1,1,1,1,1,1,1,1,1,1,1,1,1,1,1,1,1,1,1,1,1,1,1,1,1,1,1,1,1,1,1,1,1,1,1,1,1,1,1,1,1,1,1,1,1,1,1,1,1,1,1,1,1,1,1,1,1,1,1,1,1,1,1,1,1,1,1,1,1,1,1,1,1,1,1,1,1,1,1,1,1,1,1,1,1,1,1,1,1,1,1,1,1,1,1,1
tidings 1,1
passed 1,1,1,1,1,1,1,1,1,1,1,1,1,1,1,1,1,1,1,1,1,1,1,1,1,1,1,1,1,1,1,1,1,1,1
International 1
grandson 1
although 1,1,1,1,1,1,1
bedtime 1
pertains 1,1
chop 1,1
snuff 1
file 1,1
PURPOSE 1
together 1,1,1,1,1,1,1,1,1,1,1,1,1,1,1,1,1,1,1,1,1,1,1,1,1,1,1,1,1,1,1,1,1,1,1,1,1,1,1,1,1,1,1,1,1,1,1,1,1,1,1,1,1,1,1,1,1,1,1,1,1,1,1,1,1,1,1,1,1,1,1,1,1,1,1,1,1,1,1,1,1,1,1,1,1,1,1,1,1,1,1,1,1,1,1,1,1
health 1,1,1,1
codes 1
conscience 1
huntsmen 1,1,1,1,1,1,1,1,1,1,1,1,1,1,1,1,1,1,1,1,1,1,1
host 1,1,1
pleasant 1,1,1,1
sort 1,1,1,1,1,1,1,1,1
hour 1,1,1,1,1,1,1,1,1,1,1,1,1,1,1,1,1,1,1,1
regulating 1
heard 1,1,1,1,1,1,1,1,1,1,1,1,1,1,1,1,1,1,1,1,1,1,1,1,1,1,1,1,1,1,1,1,1,1,1,1,1,1,1,1,1,1,1,1,1,1,1,1,1,1,1,1,1,1,1,1,1,1,1,1,1,1,1,1,1,1,1,1,1,1,1,1,1,1,1,1,1,1,1,1,1,1,1,1,1,1,1,1,1,1,1,1,1,1,1,1,1,1,1,1,1,1,1,1,1,1,1,1,1,1,1
concerning 1,1
coughing 1
traitors 1
scalded 1
showed 1,1,1,1,1,1,1,1,1,1,1,1,1,1,1,1,1,1
fish 1,1,1,1,1,1,1,1,1,1,1,1,1,1,1,1,1,1,1,1,1,1,1,1,1,1,1,1,1,1,1,1,1,1,1,1,1
maids 1
Click 1,1
leaves 1,1,1,1,1,1,1
ruin 1
five 1,1,1,1,1,1,1,1
spilt 1,1
org/donate 1
shrivelled 1
agree 1,1,1,1,1,1,1,1,1,1
welcomed 1,1,1,1,1,1,1
anyone 1,1,1,1,1,1,1,1,1,1,1,1,1,1,1,1,1,1,1,1,1,1,1,1,1,1,1,1
damages 1,1
chests 1,1
foreign 1
blaze 1
mysterious 1,1
event 1
Stand 1
runs 1,1,1
chamber 1,1,1,1,1,1,1,1,1,1,1,1,1,1,1,1,1,1,1,1,1,1,1,1,1,1
from 1,1,1,1,1,1,1,1,1,1,1,1,1,1,1,1,1,1,1,1,1,1,1,1,1,1,1,1,1,1,1,1,1,1,1,1,1,1,1,1,1,1,1,1,1,1,1,1,1,1,1,1,1,1,1,1,1,1,1,1,1,1,1,1,1,1,1,1,1,1,1,1,1,1,1,1,1,1,1,1,1,1,1,1,1,1,1,1,1,1,1,1,1,1,1,1,1,1,1,1,1,1,1,1,1,1,1,1,1,1,1,1,1,1,1,1,1,1,1,1,1,1,1,1,1,1,1,1,1,1,1,1,1,1,1,1,1,1,1,1,1,1,1,1,1,1,1,1,1,1,1,1,1,1,1,1,1,1,1,1,1,1,1,1,1,1,1,1,1,1,1,1,1,1,1,1,1,1,1,1,1,1,1,1,1,1,1,1,1,1,1,1,1,1,1,1,1,1,1,1,1,1,1,1,1,1,1,1,1,1
depart 1
JEMMY 1
fortress 1
spinning 1,1,1,1,1,1,1,1
replacement 1,1,1
steak 1,1,1,1,1,1,1,1,1,1
advice 1,1,1,1,1,1,1,1,1,1,1,1
bestow 1,1
imp 1
paper 1
procure 1,1
weave 1,1,1,1
horses 1,1,1,1,1,1,1,1,1,1,1,1,1,1,1,1,1,1,1
pope 1,1,1,1,1,1,1,1,1,1,1,1,1,1
favoured 1
persons 1
ringing 1
fate 1,1,1,1,1
licked 1,1
nine 1,1,1,1,1,1,1
daintily 1
simpletons 1
LIGHT 1,1
its 1,1,1,1,1,1,1,1,1,1,1,1,1,1,1,1,1,1,1,1,1,1,1,1,1,1,1,1,1,1,1,1,1,1,1,1,1,1,1,1,1,1,1,1,1,1,1,1,1,1,1
consent 1,1
shell 1,1,1
therefore 1,1,1,1,1,1,1,1,1,1,1,1,1,1,1,1,1,1,1,1,1,1,1,1,1,1
Sooner 1
frightfully 1,1
clogs 1
AGREE 1,1
other 1,1,1,1,1,1,1,1,1,1,1,1,1,1,1,1,1,1,1,1,1,1,1,1,1,1,1,1,1,1,1,1,1,1,1,1,1,1,1,1,1,1,1,1,1,1,1,1,1,1,1,1,1,1,1,1,1,1,1,1,1,1,1,1,1,1,1,1,1,1,1,1,1,1,1,1,1,1,1,1,1,1,1,1,1,1,1,1,1,1,1,1,1,1,1,1,1,1,1,1,1,1,1,1,1,1,1,1,1,1,1,1,1,1,1,1,1,1,1,1,1,1,1,1,1,1,1,1,1,1,1,1,1,1,1,1,1,1,1,1,1,1,1
air 1,1,1,1,1,1,1,1,1,1,1,1,1,1,1,1,1,1,1,1,1,1,1,1,1
courage 1,1
PINK 1,1
burnished 1
ale 1,1,1,1,1,1,1,1,1,1,1,1,1,1
jumping 1,1,1,1,1
roe 1,1
lamented 1
ladder 1,1,1,1
until 1,1,1,1,1,1,1,1,1,1,1,1,1,1,1,1,1,1,1,1,1,1,1,1,1,1,1,1,1,1,1,1,1,1,1,1,1,1,1,1,1,1,1,1,1,1,1,1,1,1,1,1,1,1,1,1,1,1,1,1
Sweep 1
ship 1,1,1,1,1,1,1,1,1
ragamuffin 1
came 1,1,1,1,1,1,1,1,1,1,1,1,1,1,1,1,1,1,1,1,1,1,1,1,1,1,1,1,1,1,1,1,1,1,1,1,1,1,1,1,1,1,1,1,1,1,1,1,1,1,1,1,1,1,1,1,1,1,1,1,1,1,1,1,1,1,1,1,1,1,1,1,1,1,1,1,1,1,1,1,1,1,1,1,1,1,1,1,1,1,1,1,1,1,1,1,1,1,1,1,1,1,1,1,1,1,1,1,1,1,1,1,1,1,1,1,1,1,1,1,1,1,1,1,1,1,1,1,1,1,1,1,1,1,1,1,1,1,1,1,1,1,1,1,1,1,1,1,1,1,1,1,1,1,1,1,1,1,1,1,1,1,1,1,1,1,1,1,1,1,1,1,1,1,1,1,1,1,1,1,1,1,1,1,1,1,1,1,1,1,1,1,1,1,1,1,1,1,1,1,1,1,1,1,1,1,1,1,1,1,1,1,1,1,1,1,1,1,1,1,1,1,1,1,1,1,1,1,1,1,1,1,1,1,1,1,1,1,1,1,1,1,1,1,1,1,1,1,1,1,1,1,1,1,1,1,1,1,1,1,1,1,1,1,1,1,1,1,1,1,1,1,1,1,1,1,1,1,1,1,1,1,1,1,1,1,1,1,1,1,1,1,1,1,1,1,1,1,1,1,1,1,1,1,1,1,1,1,1,1,1,1,1,1,1,1,1,1,1,1,1,1,1,1,1,1,1,1,1,1,1,1,1,1,1,1,1,1,1,1,1,1,1,1,1,1,1,1,1,1,1,1,1,1,1,1,1,1,1,1,1,1,1,1,1,1,1,1,1,1,1,1,1,1,1,1,1,1,1,1,1,1,1,1,1,1,1,1,1,1,1,1,1,1,1,1,1,1,1,1,1,1,1,1,1,1,1,1,1,1,1,1,1,1,1,1,1,1,1,1,1,1,1,1,1,1,1,1,1,1,1,1,1,1,1,1,1,1,1,1,1,1,1,1,1,1,1,1,1,1,1,1,1,1,1,1,1,1,1,1,1
takes 1,1,1,1,1,1,1,1,1
thoughtful 1,1,1
fitted 1,1
calf 1,1,1,1,1,1,1,1,1,1,1,1,1,1,1,1
ash 1
shewed 1
watched 1,1,1,1,1,1,1,1,1,1
volunteer 1
Yet 1,1,1
shot 1,1,1,1,1,1,1,1,1,1
WEDDING 1,1
cart 1,1,1,1,1,1,1,1,1,1,1,1,1,1,1,1,1,1,1
truly 1,1
wares 1,1,1,1,1
buzzed 1
mischief 1,1,1,1
gnat 1,1
parted 1,1,1,1,1
simple 1,1,1
amicably 1
ridden 1
rogue 1
daughter 1,1,1,1,1,1,1,1,1,1,1,1,1,1,1,1,1,1,1,1,1,1,1,1,1,1,1,1,1,1,1,1,1,1,1,1,1,1,1,1,1,1,1,1,1,1,1,1,1,1,1,1,1,1,1,1,1,1,1,1,1,1,1,1,1,1,1,1,1,1,1,1,1,1,1,1,1,1,1,1,1,1,1,1,1,1,1,1,1,1,1,1,1,1
forbid 1,1
bowl 1,1,1,1,1
profit 1,1
rest 1,1,1,1,1,1,1,1,1,1,1,1,1,1,1,1,1,1,1,1,1,1,1,1,1,1,1,1,1,1,1,1,1,1,1,1,1,1,1,1,1,1,1
comply 1,1,1,1,1,1
disclosed 1
Bride 1,1,1,1
hopped 1,1,1,1
deal 1,1,1,1,1,1,1,1,1,1,1,1
stained 1
accursed 1
drain 1,1
WARRANTY 1,1
jug 1,1,1,1,1,1,1,1
beauty 1,1,1,1,1,1,1,1
felled 1,1,1
baking 1
plash 1,1,1,1
anxiety 1,1,1
deer 1,1,1,1,1
however 1,1,1,1,1,1,1,1,1,1,1,1,1,1,1,1,1,1,1,1,1,1,1,1,1,1,1,1,1,1,1,1,1,1,1,1,1,1,1,1,1,1,1,1,1,1,1,1,1,1,1,1,1,1,1,1,1,1,1,1,1,1,1,1,1,1,1,1,1,1,1,1,1,1,1,1,1,1,1,1,1,1,1,1,1,1,1,1,1,1,1,1,1,1,1,1,1
lump 1,1,1
sit 1,1,1,1,1,1,1,1,1,1,1,1,1,1,1,1,1,1,1,1,1,1,1,1,1,1,1,1,1
bound 1,1,1,1,1,1,1,1,1,1,1,1,1,1,1,1
dinner 1,1,1,1,1,1,1,1,1,1,1,1,1,1,1,1
fresh 1,1,1,1,1,1
peasant 1,1,1,1,1,1,1,1,1,1,1,1,1,1,1,1,1,1,1,1,1,1,1,1,1,1,1,1,1,1,1,1,1,1,1,1,1,1,1,1,1,1,1,1,1,1,1,1,1
big 1,1,1,1,1,1,1,1,1,1,1,1,1,1,1,1,1,1,1,1,1,1,1,1,1,1,1,1
advanced 1
sick 1,1,1,1,1,1
FEAR 1,1
beside 1,1,1,1,1,1,1,1,1,1,1,1
foolish 1,1
drink 1,1,1,1,1,1,1,1,1,1,1,1,1,1,1,1,1,1,1,1,1,1,1,1,1,1,1,1,1,1,1,1,1,1,1,1,1,1,1,1,1,1,1,1,1,1
attracted 1
works 1,1,1,1,1,1,1,1,1,1,1,1,1,1,1,1,1,1,1,1,1,1,1,1,1,1,1,1,1,1,1,1,1
countryman 1,1,1,1,1,1,1,1,1,1,1,1,1
comfort 1,1
trotted 1,1,1
chirping 1,1,1
office 1,1,1
high 1,1,1,1,1,1,1,1,1,1,1,1,1,1,1,1,1,1,1,1,1,1
split 1,1
Bewailing 1,1
son 1,1,1,1,1,1,1,1,1,1,1,1,1,1,1,1,1,1,1,1,1,1,1,1,1,1,1,1,1,1,1,1,1,1,1,1,1,1,1,1,1,1,1,1,1,1,1,1,1,1,1,1,1,1,1,1,1,1,1,1,1,1,1,1,1,1,1,1,1,1,1,1,1,1,1,1,1,1,1,1,1,1,1,1,1,1,1,1,1,1,1,1,1,1,1,1,1,1,1,1,1,1,1,1,1,1,1,1,1,1,1,1,1,1,1
Something 1,1
directly 1,1,1,1
preserve 1,1
consumed 1
politely 1
chance 1,1,1,1,1
acknowledge 1
backs 1
upper 1,1,1
miserably 1,1,1
miserable 1,1,1,1
remaining 1,1
Master 1,1,1,1
buy 1,1,1,1,1,1,1,1,1,1,1
1814 1
1823 1
donkey 1
skulls 1,1
Further 1
roar 1
guide 1
wreaths 1
stately 1
rode 1,1,1,1,1,1,1,1,1,1,1,1,1,1,1,1,1,1,1,1,1,1,1,1,1,1,1,1,1,1,1,1,1,1,1
lean 1
rushlight 1
informed 1,1,1
tired 1,1,1,1,1,1,1,1,1,1,1,1,1,1,1,1,1,1,1,1,1,1,1,1,1,1,1,1,1
lead 1,1,1
1887 1
readable 1,1
Bravo 1
balls 1
can 1,1,1,1,1,1,1,1,1,1,1,1,1,1,1,1,1,1,1,1,1,1,1,1,1,1,1,1,1,1,1,1,1,1,1,1,1,1,1,1,1,1,1,1,1,1,1,1,1,1,1,1,1,1,1,1,1,1,1,1,1,1,1,1,1,1,1,1,1,1,1,1,1,1,1,1,1,1,1,1,1,1,1,1,1,1,1,1,1,1,1,1,1,1,1,1,1,1,1,1,1,1,1,1,1,1,1,1,1,1,1,1,1,1,1,1,1,1,1,1,1,1,1,1,1,1,1,1,1,1,1,1,1,1,1,1,1,1,1,1,1,1,1,1,1,1,1,1,1,1,1,1,1,1,1,1,1,1,1,1
marriage 1,1,1,1,1,1,1,1,1
limited 1,1
studied 1
