nicely 1,1,1,1,1,1
abrupt 1
perspired 1
4 1,1,1,1,1,1,1,1,1,1,1,1
H 1,1,1,1,1,1
gold 1,1,1,1,1,1,1,1,1,1,1,1,1,1,1,1,1
same 1,1,1,1,1,1,1,1,1,1,1,1,1,1,1,1,1,1,1,1,1,1,1,1,1,1,1,1,1,1,1,1,1,1,1,1,1,1,1,1,1,1,1,1,1,1,1,1,1,1,1,1,1,1,1,1
imbedded 1
throbbed 1
sunset 1
reopened 1
fiance 1
tie 1,1,1,1,1
PGLAF 1
Afghanistan 1
Surely 1,1,1,1,1
Crewe 1
hats 1
org/1/6/6/1661/ 1
baying 1
taller 1
Four 1,1,1
intellectual 1,1,1,1,1
Faces 1
pardon 1,1
cleaver 1,1
indistinguishable 1
whence 1,1,1,1,1,1
Getting 1
restraint 1,1
cut 1,1,1,1,1,1,1,1,1,1,1,1,1,1,1,1,1,1,1,1,1,1,1,1,1,1,1,1,1,1
dread 1,1
Boscombe 1,1,1,1,1,1,1,1,1,1,1,1,1,1,1
think 1,1,1,1,1,1,1,1,1,1,1,1,1,1,1,1,1,1,1,1,1,1,1,1,1,1,1,1,1,1,1,1,1,1,1,1,1,1,1,1,1,1,1,1,1,1,1,1,1,1,1,1,1,1,1,1,1,1,1,1,1,1,1,1,1,1,1,1,1,1,1,1,1,1,1,1,1,1,1,1,1,1,1,1,1,1,1,1,1,1,1,1,1,1,1,1,1,1,1,1,1,1,1,1,1,1,1,1,1,1,1,1,1,1,1,1,1,1,1,1,1,1,1,1,1,1,1,1,1,1,1,1,1,1,1,1,1,1,1,1,1,1,1,1,1,1,1,1,1,1,1,1,1,1,1,1,1,1,1,1,1,1,1,1,1,1,1,1,1,1,1,1
anxiously 1
txt 1
purple 1,1,1
actual 1
suited 1,1,1
assume 1,1
concept 1,1
Darlington 1
Londoners 1
PARAGRAPH 1
enter 1,1,1,1,1
flowers 1,1
convincing 1,1,1
destroy 1,1,1
doings 1,1
survive 1
hound 1,1
performed 1,1
fetch 1
outlined 1,1
womanhood 1
created 1,1,1
pierced 1,1,1,1
heavily 1,1,1,1,1,1,1,1,1,1,1,1,1
finds 1,1,1,1
going 1,1,1,1,1,1,1,1,1,1,1,1,1,1,1,1,1,1,1,1,1,1,1,1,1,1,1,1,1,1,1,1
ashes 1,1,1,1
finer 1,1
Hers 1
attitude 1,1
treatment 1,1
choosing 1
business 1,1,1,1,1,1,1,1,1,1,1,1,1,1,1,1,1,1,1,1,1,1,1,1,1,1,1,1,1,1,1,1,1,1,1,1,1,1,1,1,1,1,1,1,1,1,1,1,1,1,1,1,1,1,1,1,1,1,1,1,1,1,1,1,1,1,1,1,1,1,1,1,1,1
complicates 1
staff 1,1
right 1,1,1,1,1,1,1,1,1,1,1,1,1,1,1,1,1,1,1,1,1,1,1,1,1,1,1,1,1,1,1,1,1,1,1,1,1,1,1,1,1,1,1,1,1,1,1,1,1,1,1,1,1,1,1,1,1,1,1,1,1,1,1,1,1,1,1,1,1,1,1,1,1,1,1,1,1,1,1,1,1,1,1,1,1,1,1,1,1,1,1,1,1,1,1,1,1,1,1,1
chestnut 1,1
Anybody 1
stage 1,1,1,1
under 1,1,1,1,1,1,1,1,1,1,1,1,1,1,1,1,1,1,1,1,1,1,1,1,1,1,1,1,1,1,1,1,1,1,1,1,1,1,1,1,1,1,1,1,1,1
brown 1,1,1,1,1,1,1,1,1,1,1,1,1,1,1,1
puzzled 1,1,1,1,1
final 1,1
Sir 1,1,1,1,1,1,1,1,1,1,1
Despite 1
revealed 1,1,1
knows 1,1,1,1,1,1,1,1,1,1,1,1
cigarette 1,1,1,1
Thumb 1
Peter 1
strip 1
compass 1,1
Information 1,1,1,1,1
uncommon 1
reckless 1,1
undid 1
opposed 1
sorrow 1,1,1
bank 1,1,1,1,1,1,1,1,1,1
brow 1,1,1,1,1,1
drawing 1,1,1,1,1,1,1,1,1,1,1
15 1,1,1,1
long 1,1,1,1,1,1,1,1,1,1,1,1,1,1,1,1,1,1,1,1,1,1,1,1,1,1,1,1,1,1,1,1,1,1,1,1,1,1,1,1,1,1,1,1,1,1,1,1,1,1,1,1,1,1,1,1,1,1,1,1,1,1,1,1,1,1,1,1,1,1,1,1,1,1,1,1,1,1,1,1,1,1,1,1,1,1,1,1
star 1,1
controlled 1,1
Wilhelm 1
loop 1,1,1
seeds 1
murderer 1,1,1,1,1
modification 1
4d 1
THIS 1,1,1,1,1
60 1,1,1
interest 1,1,1,1,1,1,1,1,1,1,1,1,1,1,1,1,1,1,1,1,1,1,1,1,1,1,1,1,1,1,1,1,1,1,1,1,1,1
88 1
preliminary 1,1
ear 1,1,1,1,1,1,1,1,1
subdued 1,1
Cal 1
demeanour 1
heartily 1,1,1,1,1,1,1
instead 1,1,1,1,1,1,1
winced 1
allowed 1,1,1,1,1,1,1,1,1
handy 1,1,1
near 1,1,1,1,1,1,1,1,1,1,1,1,1,1,1,1,1,1,1,1,1,1,1,1,1,1,1,1,1
immediately 1,1,1,1,1,1,1
Camberwell 1,1
fulfilment 1
implacable 1
need 1,1,1,1,1,1,1,1,1,1,1,1,1,1,1,1,1,1,1,1,1,1
Dr 1,1,1,1,1,1,1,1,1,1,1,1,1,1,1,1,1,1,1,1,1,1,1,1,1,1,1,1,1,1,1
hardly 1,1,1,1,1,1,1,1,1,1,1,1,1,1,1,1,1,1,1,1,1,1,1,1,1,1,1,1,1,1,1,1,1,1,1,1,1,1,1,1,1,1,1,1,1,1,1,1,1,1
Eg 1
complained 1,1
gates 1,1
precisely 1,1
snoring 1
slippery 1
royalties 1,1
turns 1,1
compose 1
sharp 1,1,1,1,1,1,1,1,1,1,1,1,1,1,1,1
est 1,1
Ku 1,1
Rather 1
shall 1,1,1,1,1,1,1,1,1,1,1,1,1,1,1,1,1,1,1,1,1,1,1,1,1,1,1,1,1,1,1,1,1,1,1,1,1,1,1,1,1,1,1,1,1,1,1,1,1,1,1,1,1,1,1,1,1,1,1,1,1,1,1,1,1,1,1,1,1,1,1,1,1,1,1,1,1,1,1,1,1,1,1,1,1,1,1,1,1,1,1,1,1,1,1,1,1,1,1,1,1,1,1,1,1,1,1,1,1,1,1,1,1,1,1,1,1,1,1,1,1,1,1,1,1,1,1,1,1,1,1,1,1,1,1,1,1,1,1,1,1,1,1,1,1,1,1,1,1,1,1,1,1,1,1,1,1,1,1,1,1,1,1,1,1,1,1,1,1,1
axiom 1
differently 1
himself 1,1,1,1,1,1,1,1,1,1,1,1,1,1,1,1,1,1,1,1,1,1,1,1,1,1,1,1,1,1,1,1,1,1,1,1,1,1,1,1,1,1,1,1,1,1,1,1,1,1,1,1,1,1,1,1,1,1,1,1,1,1,1,1,1,1,1,1,1,1,1,1,1
enemy 1,1,1,1,1
Royalty 1,1
nest 1
Tragedy 1
intuitions 1
administration 1
Suddenly 1,1,1,1,1,1,1,1,1,1
hurled 1,1,1
attempted 1,1,1
window 1,1,1,1,1,1,1,1,1,1,1,1,1,1,1,1,1,1,1,1,1,1,1,1,1,1,1,1,1,1,1,1,1,1,1,1,1,1,1,1,1,1,1,1,1,1,1,1,1,1,1,1,1,1,1,1,1,1,1,1,1,1,1,1,1,1,1,1,1,1,1,1
apparelled 1
tragic 1
grin 1,1
stuff 1
distinction 1
looks 1,1,1,1,1,1,1,1,1,1,1,1
few 1,1,1,1,1,1,1,1,1,1,1,1,1,1,1,1,1,1,1,1,1,1,1,1,1,1,1,1,1,1,1,1,1,1,1,1,1,1,1,1,1,1,1,1,1,1,1,1,1,1,1,1,1,1,1,1,1,1,1,1,1,1,1,1,1,1,1,1,1,1,1,1,1,1,1,1,1
fondness 1
VII 1,1
extent 1,1,1
counterpaned 1
blowing 1,1,1
as 1,1,1,1,1,1,1,1,1,1,1,1,1,1,1,1,1,1,1,1,1,1,1,1,1,1,1,1,1,1,1,1,1,1,1,1,1,1,1,1,1,1,1,1,1,1,1,1,1,1,1,1,1,1,1,1,1,1,1,1,1,1,1,1,1,1,1,1,1,1,1,1,1,1,1,1,1,1,1,1,1,1,1,1,1,1,1,1,1,1,1,1,1,1,1,1,1,1,1,1,1,1,1,1,1,1,1,1,1,1,1,1,1,1,1,1,1,1,1,1,1,1,1,1,1,1,1,1,1,1,1,1,1,1,1,1,1,1,1,1,1,1,1,1,1,1,1,1,1,1,1,1,1,1,1,1,1,1,1,1,1,1,1,1,1,1,1,1,1,1,1,1,1,1,1,1,1,1,1,1,1,1,1,1,1,1,1,1,1,1,1,1,1,1,1,1,1,1,1,1,1,1,1,1,1,1,1,1,1,1,1,1,1,1,1,1,1,1,1,1,1,1,1,1,1,1,1,1,1,1,1,1,1,1,1,1,1,1,1,1,1,1,1,1,1,1,1,1,1,1,1,1,1,1,1,1,1,1,1,1,1,1,1,1,1,1,1,1,1,1,1,1,1,1,1,1,1,1,1,1,1,1,1,1,1,1,1,1,1,1,1,1,1,1,1,1,1,1,1,1,1,1,1,1,1,1,1,1,1,1,1,1,1,1,1,1,1,1,1,1,1,1,1,1,1,1,1,1,1,1,1,1,1,1,1,1,1,1,1,1,1,1,1,1,1,1,1,1,1,1,1,1,1,1,1,1,1,1,1,1,1,1,1,1,1,1,1,1,1,1,1,1,1,1,1,1,1,1,1,1,1,1,1,1,1,1,1,1,1,1,1,1,1,1,1,1,1,1,1,1,1,1,1,1,1,1,1,1,1,1,1,1,1,1,1,1,1,1,1,1,1,1,1,1,1,1,1,1,1,1,1,1,1,1,1,1,1,1,1,1,1,1,1,1,1,1,1,1,1,1,1,1,1,1,1,1,1,1,1,1,1,1,1,1,1,1,1,1,1,1,1,1,1,1,1,1,1,1,1,1,1,1,1,1,1,1,1,1,1,1,1,1,1,1,1,1,1,1,1,1,1,1,1,1,1,1,1,1,1,1,1,1,1,1,1,1,1,1,1,1,1,1,1,1,1,1,1,1,1,1,1,1,1,1,1,1,1,1,1,1,1,1,1,1,1,1,1,1,1,1,1,1,1,1,1,1,1,1,1,1,1,1,1,1,1,1,1,1,1,1,1,1,1,1,1,1,1,1,1,1,1,1,1,1,1,1,1,1,1,1,1,1,1,1,1,1,1,1,1,1,1,1,1,1,1,1,1,1,1,1,1,1,1,1,1,1,1,1,1,1,1,1,1,1,1,1,1,1,1,1,1,1,1,1,1,1,1,1,1,1,1,1,1,1,1,1,1,1,1,1,1,1,1,1,1,1,1,1,1,1,1,1,1,1,1,1,1,1,1,1,1,1,1,1,1,1,1,1,1,1,1,1,1,1,1,1,1,1,1,1,1,1,1,1,1,1,1,1,1,1,1,1,1,1,1,1,1,1,1,1,1,1,1,1,1,1,1,1,1,1,1,1,1,1,1,1,1,1,1,1,1,1,1,1,1,1,1,1,1,1,1,1,1,1,1,1,1,1,1,1,1,1,1,1,1,1,1,1,1,1,1,1,1,1,1,1,1,1,1,1,1,1,1,1,1,1,1,1,1,1
fool 1,1,1
outstanding 1,1
quicker 1
Wallenstein 1
Father 1
Giving 1
language 1
garment 1
downstairs 1,1,1,1,1,1,1
Post 1,1,1
cylinder 1
transcription 1
soothed 1
dejected 1
RIGHT 1
lantern 1,1,1,1,1,1,1,1,1,1
conscious 1,1
picked 1,1,1,1,1,1,1,1,1,1
sufficient 1,1,1,1,1,1
communication 1,1,1,1
equinoctial 1,1
feeling 1,1,1,1,1,1,1,1,1,1,1,1,1,1,1,1,1
entry 1
postpone 1,1
careful 1,1,1,1,1,1,1,1
footmen 1
head 1,1,1,1,1,1,1,1,1,1,1,1,1,1,1,1,1,1,1,1,1,1,1,1,1,1,1,1,1,1,1,1,1,1,1,1,1,1,1,1,1,1,1,1,1,1,1,1,1,1,1,1,1,1,1,1,1,1,1,1,1,1,1,1,1,1,1
occupied 1
whims 1
rabbi 1
Archive 1,1,1,1,1,1,1,1,1,1,1,1,1
readily 1,1,1,1,1,1
straightened 1,1
they 1,1,1,1,1,1,1,1,1,1,1,1,1,1,1,1,1,1,1,1,1,1,1,1,1,1,1,1,1,1,1,1,1,1,1,1,1,1,1,1,1,1,1,1,1,1,1,1,1,1,1,1,1,1,1,1,1,1,1,1,1,1,1,1,1,1,1,1,1,1,1,1,1,1,1,1,1,1,1,1,1,1,1,1,1,1,1,1,1,1,1,1,1,1,1,1,1,1,1,1,1,1,1,1,1,1,1,1,1,1,1,1,1,1,1,1,1,1,1,1,1,1,1,1,1,1,1,1,1,1,1,1,1,1,1,1,1,1,1,1,1,1,1,1
UNDER 1
neighbours 1,1,1,1
closed 1,1,1,1,1,1,1,1,1,1,1,1,1,1,1,1,1,1,1,1,1,1
remarkably 1,1,1
us 1,1,1,1,1,1,1,1,1,1,1,1,1,1,1,1,1,1,1,1,1,1,1,1,1,1,1,1,1,1,1,1,1,1,1,1,1,1,1,1,1,1,1,1,1,1,1,1,1,1,1,1,1,1,1,1,1,1,1,1,1,1,1,1,1,1,1,1,1,1,1,1,1,1,1,1,1,1,1,1,1,1,1,1,1,1,1,1,1,1,1,1,1,1,1,1,1,1,1,1,1,1,1,1,1,1,1,1,1,1,1,1,1,1,1,1,1,1,1,1,1,1,1,1,1,1,1,1,1,1,1,1,1,1,1,1,1,1,1,1,1,1,1,1,1,1,1,1,1,1,1,1,1,1,1,1,1,1,1,1,1,1,1,1,1,1,1,1,1,1,1,1,1,1,1,1,1,1,1,1,1,1,1,1
remarkable 1,1,1,1,1,1,1,1,1,1,1,1,1,1,1,1,1,1,1,1
sees 1,1
Tottenham 1,1,1,1
gap 1
argue 1
misfortune 1,1,1,1,1,1
antecedents 1
slitting 1
sell 1,1,1,1,1
massive 1,1,1,1,1,1
ended 1,1,1,1
hindrance 1
indignation 1,1
curious 1,1,1,1,1,1,1,1,1,1,1
Windigate 1,1,1
sent 1,1,1,1,1,1,1,1,1,1,1,1,1,1,1,1,1,1,1,1,1
purpose 1,1,1,1,1,1,1,1,1,1,1,1
engaging 1,1
tradespeople 1
earning 1,1
factory 1
Meredith 1
Therefore 1,1
thus 1,1,1,1
remarking 1,1
coeur 1
protestation 1
young 1,1,1,1,1,1,1,1,1,1,1,1,1,1,1,1,1,1,1,1,1,1,1,1,1,1,1,1,1,1,1,1,1,1,1,1,1,1,1,1,1,1,1,1,1,1,1,1,1,1,1,1,1,1,1,1,1,1,1,1,1,1,1,1,1,1,1,1,1,1,1,1,1,1,1,1,1,1,1
lodging 1
qualifications 1
genteel 1
strongly 1,1,1,1,1
queen 1,1
ORANGE 1
particularly 1,1,1,1,1,1,1
names 1,1,1,1,1
tide 1,1,1,1,1,1,1,1,1
earlier 1
4th 1,1
lank 1
indulge 1,1
tied 1,1,1,1,1
tidy 1
wall 1,1,1,1,1,1,1,1,1,1,1,1,1,1
want 1,1,1,1,1,1,1,1,1,1,1,1,1,1,1,1,1,1,1,1,1,1,1,1,1,1,1,1
geniality 1
nearing 1,1
anoints 1
shoves 1
late 1,1,1,1,1,1,1,1,1,1,1,1,1,1,1,1,1,1,1,1,1,1,1,1,1,1,1,1
preserved 1
avenue 1,1
adapt 1
solicitor 1
Cuvier 1
acquirement 1
Continent 1
ruffians 1
tiny 1,1
ways 1,1,1,1,1,1,1,1,1,1,1,1
nipper 1
chap 1,1
beat 1,1,1,1,1
Who 1,1,1,1,1,1,1,1,1,1,1,1,1,1,1,1,1
Why 1,1,1,1,1,1,1,1,1,1,1,1,1,1,1,1,1,1,1,1,1,1,1,1,1,1,1,1,1,1,1,1,1,1,1,1,1
typewriting 1,1,1,1
visits 1,1,1
alias 1
hospital 1
lassitude 1
beef 1,1,1
safely 1,1,1,1
disregarded 1
dragged 1,1,1,1,1
upbraided 1
ANYTHING 1
advantages 1,1,1,1
passions 1
listened 1,1,1,1,1,1,1,1,1,1,1,1,1,1,1,1,1,1
Absolutely 1,1,1
exposed 1,1,1
Grand 1
basket 1,1,1
reached 1,1,1,1,1,1,1,1,1,1,1,1,1,1,1,1,1,1,1
paradoxical 1
marks 1,1,1,1,1,1,1,1,1,1
cruelly 1,1,1
difficult 1,1,1,1,1,1,1,1,1,1,1,1,1,1
curtain 1,1,1
transform 1
Pray 1,1,1,1,1,1,1,1,1,1,1,1,1,1,1,1,1,1,1,1,1,1,1,1,1,1,1,1,1,1,1,1
something 1,1,1,1,1,1,1,1,1,1,1,1,1,1,1,1,1,1,1,1,1,1,1,1,1,1,1,1,1,1,1,1,1,1,1,1,1,1,1,1,1,1,1,1,1,1,1,1,1,1,1,1,1,1,1,1,1,1,1,1,1,1,1,1
miners 1,1
rude 1,1
Cusack 1,1,1
equality 1
weary 1,1,1,1,1,1,1,1,1,1,1,1
Slipping 1
exactness 1
please 1,1,1,1,1,1,1,1
saddles 1
Greenwich 1
Someone 1,1
Away 1,1
profession 1,1,1,1,1,1,1,1,1,1
arise 1,1
fail 1,1,1,1,1,1
Society 1
boarding 1,1
refund 1,1,1,1,1,1,1,1,1
cushions 1
wings 1,1
first 1,1,1,1,1,1,1,1,1,1,1,1,1,1,1,1,1,1,1,1,1,1,1,1,1,1,1,1,1,1,1,1,1,1,1,1,1,1,1,1,1,1,1,1,1,1,1,1,1,1,1,1,1,1,1,1,1,1,1,1,1,1,1,1,1,1,1,1,1,1,1,1,1,1,1,1,1,1,1,1,1,1,1,1,1,1
clearly 1,1,1,1,1,1,1,1,1,1,1,1,1,1
trite 1
deportment 1
ink 1,1,1,1,1,1,1,1,1
nigh 1
purses 1
presuming 1
shaken 1,1,1,1
farm 1,1
pool 1,1,1,1,1,1,1,1,1
charged 1,1,1
providing 1,1,1,1,1
Paul 1,1
God 1,1,1,1,1,1,1,1,1,1,1,1,1,1,1,1,1,1,1,1,1,1,1,1,1,1,1,1
chemistry 1
bolted 1
weedy 1
blush 1
Holborn 1,1
unpapered 1
colonel 1,1,1,1,1,1,1,1,1,1,1,1,1,1
enjoyed 1
Coroner 1,1,1,1,1,1,1,1
isolation 1
Miss 1,1,1,1,1,1,1,1,1,1,1,1,1,1,1,1,1,1,1,1,1,1,1,1,1,1,1,1,1,1,1,1,1,1,1,1,1,1,1,1,1,1,1,1,1,1,1,1,1,1,1,1,1,1,1,1,1,1,1,1,1,1,1,1,1,1,1,1,1,1,1,1,1,1,1,1,1,1,1
synthesis 1
filled 1,1,1,1,1,1
Fareham 1
blurs 1
absorbed 1
read 1,1,1,1,1,1,1,1,1,1,1,1,1,1,1,1,1,1,1,1,1,1,1,1,1,1,1,1,1,1,1,1,1,1,1,1
coupled 1
entertaining 1,1
egotism 1
shopping 1
jaw 1,1
mortals 1
smokeless 1
moonless 1
devil 1,1,1,1,1,1,1,1
ordnance 1
knelt 1
occasional 1,1,1,1
winding 1,1,1,1,1,1,1,1
boyish 1
shop 1,1,1,1,1
description 1,1,1,1,1,1,1,1
senders 1
vanished 1,1,1,1,1,1,1,1,1,1
grind 1
grime 1
waist 1
unimpeachable 1,1
madam 1,1,1,1,1,1,1,1,1,1,1,1
His 1,1,1,1,1,1,1,1,1,1,1,1,1,1,1,1,1,1,1,1,1,1,1,1,1,1,1,1,1,1,1,1,1,1,1,1,1,1,1,1,1,1,1,1,1,1,1,1,1,1,1,1,1,1,1,1
shut 1,1,1,1,1,1
questionable 1,1
mature 1
Jabez 1,1,1,1,1,1,1,1
forgiven 1
adds 1
afternoon 1,1,1,1,1,1,1,1,1,1,1,1,1,1,1,1,1
investigation 1,1,1,1,1,1,1,1,1,1,1,1
How 1,1,1,1,1,1,1,1,1,1,1,1,1,1,1,1,1,1,1,1,1,1,1,1,1,1,1,1,1,1,1,1,1,1,1,1,1,1,1,1,1,1,1,1
defiantly 1
plans 1,1,1,1,1,1,1
contain 1,1,1
somewhat 1,1,1,1,1,1,1,1
contact 1,1,1,1,1
duties 1,1,1,1,1,1,1
lucky 1,1,1
trembling 1,1,1
prompt 1,1,1,1,1,1
join 1,1,1
costume 1,1,1
faithfully 1,1,1
director 1,1,1
ordinary 1,1,1,1,1,1
world 1,1,1,1,1,1,1,1,1,1,1,1,1,1,1
bundle 1,1,1,1,1
Jane 1
century 1
condescend 1,1
married 1,1,1,1,1,1,1,1,1,1,1,1,1,1,1,1,1,1,1,1,1,1,1,1
prospecting 1
confide 1,1
Maudsley 1
earth 1,1,1,1,1,1,1,1,1,1,1,1,1,1,1,1,1,1,1,1
exert 1
Never 1,1,1,1,1,1,1,1,1,1,1,1,1
strengthen 1,1
accept 1,1,1,1,1
laying 1,1,1,1,1,1,1
blundering 1
cloak 1,1,1,1,1,1,1,1
fourth 1,1,1,1,1
gleaming 1
confine 1,1
receded 1
quest 1,1,1,1,1,1
expend 1
Aldershot 1
Orange 1
keener 1
parietal 1
bicycling 1
blocked 1,1,1
Avenue 1,1,1,1
bigger 1
intrusions 1
When 1,1,1,1,1,1,1,1,1,1,1,1,1,1,1,1,1,1,1,1,1,1,1,1,1,1,1,1,1,1,1,1,1,1,1,1,1,1,1,1,1,1,1,1,1,1,1,1,1,1,1,1,1,1,1,1,1
tenfold 1
1883 1,1
incognito 1
plain 1,1,1,1,1,1,1,1,1,1,1
plaid 1
clutched 1,1,1,1
Police 1
eaves 1
monomaniac 1
Frenchman 1
quiet 1,1,1,1,1,1,1,1,1,1,1,1,1,1,1,1,1,1,1,1,1
blackmailing 1
society 1,1,1,1,1,1,1,1,1,1,1,1,1,1
November 1
Kent 1,1,1
pilot 1
ticket 1
endeavoured 1,1,1,1,1,1,1,1,1
docks 1
tiniest 1
glint 1
conjunction 1
noise 1,1,1,1
lover 1,1,1,1,1,1,1
Vere 1
Very 1,1,1,1,1,1,1,1,1,1,1,1,1,1,1,1,1,1,1,1,1,1,1,1,1,1,1,1,1,1
Twisted 1
governess 1,1,1
coarsely 1
raise 1,1,1,1,1,1,1,1,1,1,1,1,1
quite 1,1,1,1,1,1,1,1,1,1,1,1,1,1,1,1,1,1,1,1,1,1,1,1,1,1,1,1,1,1,1,1,1,1,1,1,1,1,1,1,1,1,1,1,1,1,1,1,1,1,1,1,1,1,1,1,1,1,1,1,1,1,1,1,1,1,1,1,1,1,1,1,1,1,1,1,1,1,1,1,1,1,1,1,1,1,1,1,1,1
pomposity 1
uncourteous 1
Arnsworth 1
opening 1,1,1,1,1,1,1,1,1,1
leg 1,1,1,1,1,1,1
perfectly 1,1,1,1,1,1,1,1,1,1,1
killing 1
risers 1
moody 1
tonnage 1
situation 1,1,1,1,1,1,1,1,1,1,1,1,1
coincident 1
Morning 1,1,1
separation 1
registers 1
acquired 1
tension 1,1,1
doubt 1,1,1,1,1,1,1,1,1,1,1,1,1,1,1,1,1,1,1,1,1,1,1,1,1,1,1,1,1,1,1,1,1,1,1,1,1,1,1,1,1,1,1,1,1,1,1,1,1,1,1,1,1,1,1,1,1,1,1,1,1,1,1,1
district 1,1,1
armchairs 1
destiny 1,1
gravity 1,1,1
pals 1
Savannah 1,1,1,1,1
chuckling 1
glasses 1,1,1,1,1,1,1,1
merely 1,1,1,1,1,1,1,1,1,1
means 1,1,1,1,1,1,1,1,1,1,1,1,1,1,1,1,1,1,1,1,1,1
incisive 1,1,1
baggy 1,1
commissionaire 1,1,1,1
done 1,1,1,1,1,1,1,1,1,1,1,1,1,1,1,1,1,1,1,1,1,1,1,1,1,1,1,1,1,1,1,1,1,1,1,1,1,1,1,1,1,1,1,1,1,1,1,1,1,1,1,1,1,1,1,1,1,1,1,1,1,1,1,1,1,1
pause 1,1
principal 1,1,1,1,1
Date 1
someone 1,1,1,1,1,1,1,1,1,1,1,1,1,1,1,1,1
earn 1,1,1,1,1,1,1
Helen 1,1,1,1
apartment 1,1,1,1
preventing 1,1
bile 1
relative 1,1
touched 1,1,1,1,1,1
profoundly 1
Blue 1
adder 1
club 1,1,1,1,1,1,1
Because 1,1,1,1,1,1,1
endless 1,1
With 1,1,1,1,1,1,1,1,1,1,1,1,1,1,1,1,1,1,1,1,1,1,1,1,1,1
Filled 1
harmonium 1
Already 1
signed 1,1,1
enigmatical 1
sense 1,1,1,1,1,1,1,1,1
planking 1
mousseline 1
serves 1,1
herald 1
mat 1,1
supplied 1
murders 1
feel 1,1,1,1,1,1,1,1,1,1,1,1,1,1,1,1,1
coachman 1,1,1
residence 1,1,1
interrupted 1
becomes 1,1,1,1,1,1,1
background 1
hardihood 1
poetic 1
depicted 1
fright 1
lightened 1
deceased 1,1,1,1
depend 1,1,1,1,1,1
stick 1,1,1,1,1
scratching 1
wonderful 1,1,1,1,1
flood 1
deduced 1,1,1,1,1
Russell 1
Georgia 1,1
treatises 1
into 1,1,1,1,1,1,1,1,1,1,1,1,1,1,1,1,1,1,1,1,1,1,1,1,1,1,1,1,1,1,1,1,1,1,1,1,1,1,1,1,1,1,1,1,1,1,1,1,1,1,1,1,1,1,1,1,1,1,1,1,1,1,1,1,1,1,1,1,1,1,1,1,1,1,1,1,1,1,1,1,1,1,1,1,1,1,1,1,1,1,1,1,1,1,1,1,1,1,1,1,1,1,1,1,1,1,1,1,1,1,1,1,1,1,1,1,1,1,1,1,1,1,1,1,1,1,1,1,1,1,1,1,1,1,1,1,1,1,1,1,1,1,1,1,1,1,1,1,1,1,1,1,1,1,1,1,1,1,1,1,1,1,1,1,1,1,1,1,1,1,1,1,1,1,1,1,1,1,1,1,1,1,1,1,1,1,1,1,1,1,1,1,1,1,1,1,1,1,1,1,1,1,1,1,1,1,1,1,1,1,1,1,1,1,1,1,1,1,1,1,1,1,1,1,1,1,1,1,1,1,1,1,1,1,1,1,1,1,1,1,1,1,1,1,1,1,1,1,1,1,1,1,1,1,1,1,1,1,1,1,1,1,1,1,1,1,1,1,1,1,1,1,1,1,1
ungovernable 1
swamp 1,1
beryl 1
associated 1,1,1,1,1,1,1,1,1,1,1,1
effected 1
befall 1,1
proper 1
recently 1
bedroom 1,1,1,1,1,1,1,1,1,1,1,1,1,1,1,1,1,1
renewed 1
money 1,1,1,1,1,1,1,1,1,1,1,1,1,1,1,1,1,1,1,1,1,1,1,1,1,1,1,1,1,1,1,1,1,1,1,1,1,1,1,1,1,1,1,1,1,1,1
resided 1,1
fingers 1,1,1,1,1,1,1,1,1,1,1
still 1,1,1,1,1,1,1,1,1,1,1,1,1,1,1,1,1,1,1,1,1,1,1,1,1,1,1,1,1,1,1,1,1,1,1,1,1,1,1,1,1,1,1,1,1,1,1,1,1,1,1,1,1,1,1,1,1,1,1,1,1,1,1,1,1,1,1,1,1
books 1,1,1,1,1,1,1,1,1,1
signature 1,1,1,1,1
literary 1
throwing 1,1,1,1,1,1,1,1,1,1,1,1,1
naturally 1,1,1,1,1,1,1,1
writing 1,1,1,1,1,1,1,1,1,1,1,1,1,1,1
sleeve 1,1,1,1,1
informality 1
cascade 1
briskly 1,1
unclasping 1
Paddington 1,1,1,1,1,1,1
WILL 1
BERYL 1
ensued 1
June 1,1,1
Jump 1,1
aperture 1,1,1
sweet 1,1,1,1,1,1,1
jerking 1
volume 1,1,1,1,1
Sold 1,1
mistake 1,1,1,1,1
rich 1,1,1,1,1,1,1,1,1,1,1
detected 1
Just 1,1,1,1,1,1,1,1,1,1,1,1,1,1
EVEN 1
pouring 1,1
Horace 1
puffed 1,1
Sutherland 1,1,1,1,1,1,1,1,1,1,1
quench 1
nee 1
plover 1
bureau 1,1,1,1,1,1,1,1,1
tons 1
inconvenience 1,1,1,1
tore 1,1,1,1,1
gilt 1
flare 1
developments 1
ring 1,1,1,1,1,1,1,1,1,1,1,1,1,1,1,1,1
shift 1
bargain 1
butler 1,1
pearl 1
eliminated 1
permitted 1,1
poison 1,1,1,1,1,1
swinging 1,1,1,1,1,1
drops 1,1
aspired 1
lived 1,1,1,1,1,1,1,1,1,1,1,1
refer 1
travellers 1
inhabited 1,1,1
scheming 1
enables 1
comical 1,1,1
otherwise 1,1,1,1,1
solely 1
market 1,1,1,1,1,1,1,1
solemn 1,1
screamed 1,1,1,1,1,1
weigh 1
Cross 1,1,1
wearisome 1
thanking 1
assures 1
Goodwins 1
employers 1,1
veil 1,1,1,1,1,1,1,1
engineers 1
consideration 1,1,1,1,1,1
brother 1,1,1,1,1,1,1
drifted 1,1
Thursday 1,1
chairs 1,1,1
troopers 1
utmost 1,1,1
ruddy 1
thickening 1
Rotterdam 1
wedged 1
delayed 1
agony 1,1,1
encouraging 1
terrorising 1
eddy 1
nonentity 1
galvanised 1
Tennessee 1
eerie 1
trouser 1
proposition 1
roughs 1,1,1
province 1,1
estimate 1
proposal 1
Close 1
device 1
variety 1,1,1
one 1,1,1,1,1,1,1,1,1,1,1,1,1,1,1,1,1,1,1,1,1,1,1,1,1,1,1,1,1,1,1,1,1,1,1,1,1,1,1,1,1,1,1,1,1,1,1,1,1,1,1,1,1,1,1,1,1,1,1,1,1,1,1,1,1,1,1,1,1,1,1,1,1,1,1,1,1,1,1,1,1,1,1,1,1,1,1,1,1,1,1,1,1,1,1,1,1,1,1,1,1,1,1,1,1,1,1,1,1,1,1,1,1,1,1,1,1,1,1,1,1,1,1,1,1,1,1,1,1,1,1,1,1,1,1,1,1,1,1,1,1,1,1,1,1,1,1,1,1,1,1,1,1,1,1,1,1,1,1,1,1,1,1,1,1,1,1,1,1,1,1,1,1,1,1,1,1,1,1,1,1,1,1,1,1,1,1,1,1,1,1,1,1,1,1,1,1,1,1,1,1,1,1,1,1,1,1,1,1,1,1,1,1,1,1,1,1,1,1,1,1,1,1,1,1,1,1,1,1,1,1,1,1,1,1,1,1,1,1,1,1,1,1,1,1,1,1,1,1,1,1,1,1,1,1,1,1,1,1,1,1,1,1,1,1,1,1,1,1,1,1,1,1,1,1,1,1,1,1,1,1,1,1,1,1,1,1,1,1,1,1,1,1,1,1,1,1,1,1,1,1,1,1,1,1,1,1,1,1,1,1,1,1,1,1,1,1,1,1,1,1,1,1,1,1,1,1,1,1,1,1,1,1,1,1,1,1,1,1,1
whirling 1
buying 1
threatens 1
country 1,1,1,1,1,1,1,1,1,1,1,1,1,1,1,1,1,1,1,1,1,1,1,1,1,1,1,1,1,1,1,1,1,1,1,1,1
DAMAGES 1,1
region 1
wigs 1
none 1,1,1,1,1,1,1,1,1,1,1,1,1,1,1,1,1,1,1,1,1,1,1,1,1
asleep 1,1,1,1,1
seized 1,1,1,1,1,1,1,1,1,1
abandoned 1,1,1
Identity 1
lounged 1,1,1
German 1,1,1,1,1,1,1,1,1,1,1,1,1,1,1
ACTUAL 1
our 1,1,1,1,1,1,1,1,1,1,1,1,1,1,1,1,1,1,1,1,1,1,1,1,1,1,1,1,1,1,1,1,1,1,1,1,1,1,1,1,1,1,1,1,1,1,1,1,1,1,1,1,1,1,1,1,1,1,1,1,1,1,1,1,1,1,1,1,1,1,1,1,1,1,1,1,1,1,1,1,1,1,1,1,1,1,1,1,1,1,1,1,1,1,1,1,1,1,1,1,1,1,1,1,1,1,1,1,1,1,1,1,1,1,1,1,1,1,1,1,1,1,1,1,1,1,1,1,1,1,1,1,1,1,1,1,1,1,1,1,1,1,1,1,1,1,1,1,1,1,1,1,1,1,1,1,1,1,1,1,1,1,1,1,1,1,1,1,1,1,1,1,1,1,1,1,1,1,1,1,1,1,1,1,1,1,1,1,1,1,1,1,1,1,1
gloomily 1
dare 1,1,1
gambler 1,1
locations 1,1
wild 1,1,1,1,1,1,1,1,1,1
calculate 1
analysis 1,1,1,1
encyclopaedias 1
presumption 1,1,1
acquitted 1
panelling 1
lameness 1
borrowed 1,1
shoving 1
unprecedented 1
genial 1,1
grievance 1
Unless 1,1,1
brilliantly 1,1
emerald 1
deductions 1,1,1,1
remove 1,1,1,1,1,1
Over 1
live 1,1,1,1,1,1,1,1,1,1,1,1,1,1,1
pew 1,1,1,1,1,1,1
assisted 1
thresholds 1
assumed 1,1
Marbank 1,1
indicating 1
homely 1,1,1,1
judgment 1,1,1
mahogany 1
heroic 1
evil 1,1,1,1,1,1,1,1,1,1,1
Francisco 1,1
Thank 1,1,1,1,1,1,1,1,1,1,1,1,1,1,1,1,1,1,1
abnormal 1
creditor 1
giving 1,1,1,1
gives 1,1,1,1,1,1,1,1
Telegraph 1
Hatty 1,1,1
consulting 1,1,1
Entirely 1,1,1
startling 1
prosperous 1
friendship 1
disappointed 1,1,1
Stripes 1
thicket 1
curves 1
wrists 1,1,1
continually 1,1,1,1,1
meets 1
hoax 1
barred 1,1,1,1,1,1,1
travel 1,1,1
intensified 1
tree 1,1,1,1,1,1
absolutely 1,1,1,1,1,1,1,1,1,1,1,1,1,1,1,1,1,1,1,1,1,1,1,1
whistled 1,1
depositors 1
requirements 1,1,1,1
cooped 1
diligence 1
dishonoured 1,1,1
soie 1
hearing 1,1,1
consisted 1,1
thickness 1
inclined 1,1,1,1,1,1
Snapping 1
tale 1,1,1,1
outdated 1
train 1,1,1,1,1,1,1,1,1,1,1,1,1,1,1,1,1,1,1,1,1
planet 1
jealously 1
prospect 1
practically 1,1,1
insensibility 1
Albert 1,1,1
heart 1,1,1,1,1,1,1,1,1,1,1,1,1,1,1,1,1,1,1,1,1,1,1,1,1
Pink 1
infer 1,1
persevering 1
Confederate 1
execution 1
Pips 1
Freebody 1
straggling 1
fire 1,1,1,1,1,1,1,1,1,1,1,1,1,1,1,1,1,1,1,1,1,1,1,1,1,1,1,1,1,1,1,1,1,1,1,1,1,1,1,1,1,1,1
howl 1
collecting 1
crackling 1,1,1
nominal 1,1,1
slept 1,1,1,1,1
father 1,1,1,1,1,1,1,1,1,1,1,1,1,1,1,1,1,1,1,1,1,1,1,1,1,1,1,1,1,1,1,1,1,1,1,1,1,1,1,1,1,1,1,1,1,1,1,1,1,1,1,1,1,1,1,1,1,1,1,1,1,1,1,1,1,1,1,1,1,1,1,1,1,1,1,1,1,1,1,1,1,1
assistance 1,1,1,1,1,1,1,1,1,1,1
again 1,1,1,1,1,1,1,1,1,1,1,1,1,1,1,1,1,1,1,1,1,1,1,1,1,1,1,1,1,1,1,1,1,1,1,1,1,1,1,1,1,1,1,1,1,1,1,1,1,1,1,1,1,1,1,1,1,1,1,1,1,1,1,1,1,1
artificial 1
compress 1,1
imagination 1,1,1
Out 1,1,1
nursery 1,1
pride 1,1,1,1,1
conspiring 1
birds 1,1,1,1,1
uniform 1,1
causes 1,1
Australian 1,1,1
prefer 1,1,1,1,1,1,1
constructed 1
currently 1
round 1,1,1,1,1,1,1,1,1,1,1,1,1,1,1,1,1,1,1,1,1,1,1,1,1,1,1,1,1,1,1,1,1,1,1,1,1,1,1,1,1,1,1,1,1,1,1,1,1,1,1,1,1,1,1,1,1,1,1,1,1,1,1,1,1,1,1,1,1,1,1,1,1,1,1,1,1,1
building 1,1,1,1,1,1,1,1,1,1,1,1,1
setting 1
scaffolding 1
quavering 1
ray 1
hobby 1
docketing 1
dual 1
succinct 1
swing 1,1
desperation 1
act 1,1,1,1,1,1
prevent 1,1,1,1,1,1,1,1,1,1
label 1
recorded 1,1
eggs 1
exit 1
aid 1,1,1,1,1,1,1
HAVE 1
speak 1,1,1,1,1,1,1,1,1,1,1,1,1,1,1,1,1,1,1,1
meantime 1,1,1
boat 1,1,1,1
expense 1,1,1,1,1,1
rifts 1
gloss 1
burglars 1
altar 1,1,1,1,1,1
perplexing 1
are 1,1,1,1,1,1,1,1,1,1,1,1,1,1,1,1,1,1,1,1,1,1,1,1,1,1,1,1,1,1,1,1,1,1,1,1,1,1,1,1,1,1,1,1,1,1,1,1,1,1,1,1,1,1,1,1,1,1,1,1,1,1,1,1,1,1,1,1,1,1,1,1,1,1,1,1,1,1,1,1,1,1,1,1,1,1,1,1,1,1,1,1,1,1,1,1,1,1,1,1,1,1,1,1,1,1,1,1,1,1,1,1,1,1,1,1,1,1,1,1,1,1,1,1,1,1,1,1,1,1,1,1,1,1,1,1,1,1,1,1,1,1,1,1,1,1,1,1,1,1,1,1,1,1,1,1,1,1,1,1,1,1,1,1,1,1,1,1,1,1,1,1,1,1,1,1,1,1,1,1,1,1,1,1,1,1,1,1,1,1,1,1,1,1,1,1,1,1,1,1,1,1,1,1,1,1,1,1,1,1,1,1,1,1,1,1,1,1,1,1,1,1,1,1,1,1,1,1,1,1,1,1,1,1,1,1,1,1,1,1,1,1,1,1,1,1,1,1,1,1,1,1,1,1,1,1,1,1,1,1,1,1,1,1,1,1,1,1,1,1,1,1,1,1,1,1,1,1,1,1,1,1,1,1,1,1,1,1,1,1,1,1,1,1,1,1,1,1,1,1,1,1,1,1,1,1,1,1,1,1,1,1,1,1,1,1,1,1,1,1,1,1,1,1,1,1,1,1,1,1,1,1,1,1,1,1,1,1,1,1,1,1,1,1,1,1,1,1,1
pglaf 1
Arabian 1
call 1,1,1,1,1,1,1,1,1,1,1,1,1,1,1,1,1,1,1,1,1,1,1,1,1,1,1,1,1,1,1,1,1,1,1,1,1,1,1,1,1,1,1
becoming 1
plannings 1
results 1,1,1,1,1,1,1,1,1,1,1,1
Christmas 1,1,1,1,1,1,1,1,1,1
Step 1
defend 1
yard 1,1,1,1,1,1
officials 1
case 1,1,1,1,1,1,1,1,1,1,1,1,1,1,1,1,1,1,1,1,1,1,1,1,1,1,1,1,1,1,1,1,1,1,1,1,1,1,1,1,1,1,1,1,1,1,1,1,1,1,1,1,1,1,1,1,1,1,1,1,1,1,1,1,1,1,1,1,1,1,1,1,1,1,1,1,1,1,1,1,1,1,1,1,1,1,1,1,1,1,1,1,1,1,1,1,1,1,1,1,1,1,1,1,1,1,1,1,1,1,1,1,1,1,1
generation 1
failing 1,1
Depend 1
seldom 1,1,1,1,1
dared 1
vile 1,1,1,1
display 1
beautifully 1,1,1,1
Moulton 1,1,1,1
kind 1,1,1,1,1,1,1,1,1,1,1,1,1,1,1,1,1,1,1,1,1
Missing 1
jesting 1
sad 1,1,1,1,1,1
timbered 1
delirious 1,1
Stop 1
luncheon 1
dear 1,1,1,1,1,1,1,1,1,1,1,1,1,1,1,1,1,1,1,1,1,1,1,1,1,1,1,1,1,1,1,1,1,1,1,1,1,1,1,1,1,1,1,1,1,1,1,1,1,1
set 1,1,1,1,1,1,1,1,1,1,1,1,1,1,1,1,1,1,1,1,1,1,1,1,1,1,1,1,1,1,1,1,1,1,1,1,1,1,1,1,1,1,1,1,1,1,1,1,1,1
column 1,1,1,1,1,1,1,1,1
river 1,1,1,1,1,1
astonished 1,1
beg 1,1,1,1,1,1,1,1,1,1,1,1
little 1,1,1,1,1,1,1,1,1,1,1,1,1,1,1,1,1,1,1,1,1,1,1,1,1,1,1,1,1,1,1,1,1,1,1,1,1,1,1,1,1,1,1,1,1,1,1,1,1,1,1,1,1,1,1,1,1,1,1,1,1,1,1,1,1,1,1,1,1,1,1,1,1,1,1,1,1,1,1,1,1,1,1,1,1,1,1,1,1,1,1,1,1,1,1,1,1,1,1,1,1,1,1,1,1,1,1,1,1,1,1,1,1,1,1,1,1,1,1,1,1,1,1,1,1,1,1,1,1,1,1,1,1,1,1,1,1,1,1,1,1,1,1,1,1,1,1,1,1,1,1,1,1,1,1,1,1,1,1,1,1,1,1,1,1,1,1,1,1,1,1,1,1,1,1,1,1,1,1,1,1,1,1,1,1,1,1,1,1,1,1,1,1,1,1,1,1,1,1,1,1,1,1,1,1,1,1,1,1,1,1,1,1,1,1,1,1,1,1,1,1,1,1,1,1,1,1,1,1,1,1,1,1,1,1,1,1,1,1,1,1,1,1,1,1,1,1,1,1,1,1,1,1,1,1,1,1,1,1,1,1,1,1,1,1,1,1,1,1
deed 1,1,1,1,1
clears 1
Robinson 1
stroke 1,1
hauling 1
satisfied 1,1,1,1,1
reconsider 1
viewed 1,1
parsonage 1
change 1,1,1,1,1,1,1,1,1,1,1,1,1,1,1,1,1
pensioners 1
discretion 1,1,1
thrown 1,1,1,1,1,1,1,1,1,1
clerks 1,1,1
snatched 1,1
ANY 1,1,1
hedges 1,1
stammered 1,1
county 1,1,1,1,1,1
dwelling 1
Sections 1
scandal 1,1,1,1,1,1,1,1,1,1,1
deny 1
crawled 1
mission 1,1,1,1,1,1
10s 1,1
unusually 1
sun 1,1,1,1,1,1,1
serving 1,1
secretary 1
gloom 1,1,1,1,1,1,1,1
lidded 1
wished 1,1,1,1,1,1,1,1,1,1,1,1
hastened 1,1,1
dreadfully 1,1
tube 1
General 1,1,1,1
streets 1,1,1,1,1,1,1,1,1,1,1,1
inches 1,1
road 1,1,1,1,1,1,1,1,1,1,1,1,1,1,1,1,1
weather 1,1,1,1,1,1
valise 1
centuries 1
barbaric 1
putty 1,1
sandwiched 1,1
departure 1,1
cat 1,1,1
hurrying 1,1,1,1
category 1
rival 1
