wreck 1,1
sake 1,1,1,1,1,1,1,1,1,1,1
scratch 1
2 1,1,1,1,1,1,1
amusing 1,1
clamped 1,1
F 1,1,1,1,1,1,1,1,1,1,1,1
P 1,1
opposition 1
after 1,1,1,1,1,1,1,1,1,1,1,1,1,1,1,1,1,1,1,1,1,1,1,1,1,1,1,1,1,1,1,1,1,1,1,1,1,1,1,1,1,1,1,1,1,1,1,1,1,1,1,1,1,1,1,1,1,1,1,1,1,1,1,1,1,1,1,1,1,1,1,1,1,1,1,1,1,1,1,1,1,1,1,1,1,1,1,1,1,1,1,1,1,1
d 1,1,1,1,1,1,1,1
gripping 1
Again 1,1,1
suffered 1,1
thieves 1,1,1
better 1,1,1,1,1,1,1,1,1,1,1,1,1,1,1,1,1,1,1,1,1,1,1,1,1,1,1,1,1,1,1,1,1,1,1,1,1,1,1,1,1,1,1,1,1,1,1,1,1
conjecture 1,1,1,1,1
gained 1,1,1,1,1,1,1,1,1
order 1,1,1,1,1,1,1,1,1,1,1,1,1,1,1,1,1,1,1,1,1
coach 1
women 1,1,1,1,1,1,1
have 1,1,1,1,1,1,1,1,1,1,1,1,1,1,1,1,1,1,1,1,1,1,1,1,1,1,1,1,1,1,1,1,1,1,1,1,1,1,1,1,1,1,1,1,1,1,1,1,1,1,1,1,1,1,1,1,1,1,1,1,1,1,1,1,1,1,1,1,1,1,1,1,1,1,1,1,1,1,1,1,1,1,1,1,1,1,1,1,1,1,1,1,1,1,1,1,1,1,1,1,1,1,1,1,1,1,1,1,1,1,1,1,1,1,1,1,1,1,1,1,1,1,1,1,1,1,1,1,1,1,1,1,1,1,1,1,1,1,1,1,1,1,1,1,1,1,1,1,1,1,1,1,1,1,1,1,1,1,1,1,1,1,1,1,1,1,1,1,1,1,1,1,1,1,1,1,1,1,1,1,1,1,1,1,1,1,1,1,1,1,1,1,1,1,1,1,1,1,1,1,1,1,1,1,1,1,1,1,1,1,1,1,1,1,1,1,1,1,1,1,1,1,1,1,1,1,1,1,1,1,1,1,1,1,1,1,1,1,1,1,1,1,1,1,1,1,1,1,1,1,1,1,1,1,1,1,1,1,1,1,1,1,1,1,1,1,1,1,1,1,1,1,1,1,1,1,1,1,1,1,1,1,1,1,1,1,1,1,1,1,1,1,1,1,1,1,1,1,1,1,1,1,1,1,1,1,1,1,1,1,1,1,1,1,1,1,1,1,1,1,1,1,1,1,1,1,1,1,1,1,1,1,1,1,1,1,1,1,1,1,1,1,1,1,1,1,1,1,1,1,1,1,1,1,1,1,1,1,1,1,1,1,1,1,1,1,1,1,1,1,1,1,1,1,1,1,1,1,1,1,1,1,1,1,1,1,1,1,1,1,1,1,1,1,1,1,1,1,1,1,1,1,1,1,1,1,1,1,1,1,1,1,1,1,1,1,1,1,1,1,1,1,1,1,1,1,1,1,1,1,1,1,1,1,1,1,1,1,1,1,1,1,1,1,1,1,1,1,1,1,1,1,1,1,1,1,1,1,1,1,1,1,1,1,1,1,1,1,1,1,1,1,1,1,1,1,1,1,1,1,1,1,1,1,1,1,1,1,1,1,1,1,1,1,1,1,1,1,1,1,1,1,1,1,1,1,1,1,1,1,1,1,1,1,1,1,1,1,1,1,1,1,1,1,1,1,1,1,1,1,1,1,1,1,1,1,1,1,1,1,1,1,1,1,1,1,1,1,1,1,1,1,1,1,1,1,1,1,1,1,1,1,1,1,1,1,1,1,1,1,1,1,1,1,1,1,1,1,1,1,1,1,1,1,1,1,1,1,1,1,1,1,1,1,1,1,1,1,1,1,1,1,1,1,1,1,1,1,1,1,1,1,1,1,1,1,1,1,1,1,1,1,1,1,1,1,1,1,1,1,1,1,1,1,1,1,1,1,1,1,1,1,1,1,1,1,1,1,1,1,1,1,1,1,1,1,1,1,1,1,1,1,1,1,1,1,1,1,1,1,1,1,1,1,1,1,1,1,1,1,1,1,1,1,1,1,1,1,1,1,1,1,1,1,1,1,1,1,1,1,1,1,1,1,1,1,1,1,1,1,1,1,1,1,1,1,1,1,1,1,1,1,1,1,1,1,1,1,1,1,1,1,1,1,1,1,1,1,1,1,1,1,1,1,1,1,1,1,1,1,1,1,1,1,1,1,1,1,1,1,1,1,1,1,1,1,1,1,1,1,1,1,1,1,1,1,1,1,1,1,1,1,1,1,1,1,1,1,1,1,1,1,1,1,1,1,1,1,1,1,1,1,1,1,1,1,1,1,1,1,1,1,1,1,1,1,1,1,1,1,1,1,1,1,1,1,1,1,1,1,1,1,1,1,1,1,1,1,1,1,1,1,1,1,1,1,1,1,1,1,1,1,1,1,1,1,1,1,1,1,1,1,1,1,1,1,1,1,1,1,1,1,1,1,1,1,1,1,1,1,1,1,1,1,1,1,1,1,1,1,1,1,1,1,1,1,1,1,1,1,1,1,1,1,1,1,1,1
Hague 1
picture 1,1,1
thousand 1,1,1,1,1,1,1
pipe 1,1,1,1,1,1,1,1,1,1,1,1,1,1,1,1,1,1,1
introducing 1,1
incident 1,1,1,1,1,1,1,1,1
caught 1,1,1,1,1,1,1,1,1,1,1,1,1,1,1,1,1,1,1,1
worker 1
Grimesby 1,1,1,1,1,1,1,1
Head 1
clouded 1
Are 1,1,1,1,1,1
offering 1
moment 1,1,1,1,1,1,1,1,1,1,1,1,1,1,1,1,1,1,1,1,1,1,1,1,1,1,1,1,1,1,1,1,1,1,1,1
desired 1,1
replaced 1
services 1,1,1,1
They 1,1,1,1,1,1,1,1,1,1,1,1,1,1,1,1,1,1,1,1,1,1,1,1,1,1,1,1,1,1,1,1,1,1,1,1,1,1,1,1,1,1,1,1,1,1,1,1,1,1,1,1,1,1,1,1,1,1
cabinet 1,1
jacket 1,1,1,1,1,1,1
pacing 1,1,1
Italian 1
askance 1
fallen 1,1,1,1,1,1,1,1,1,1
short 1,1,1,1,1,1,1,1,1,1,1,1,1,1,1,1,1,1,1,1,1,1
Scarlet 1,1,1
pennies 1,1,1,1,1
redistribute 1
consult 1,1,1,1,1,1,1,1
hanging 1,1,1,1,1,1,1
possession 1,1,1,1,1,1,1,1
audible 1
slashed 1
CAN 1
whiskers 1,1,1,1,1,1,1
salesman 1,1,1,1,1,1,1,1,1
San 1,1
22nd 1,1,1
subscribe 1
shouted 1,1,1,1,1,1,1,1,1
Thus 1
dew 1
epicurean 1
Set 1
transparent 1,1
distinctive 1
hotel 1,1,1,1,1,1,1,1,1
term 1
returning 1,1,1,1,1,1,1,1,1,1,1
cuff 1,1
whispering 1
swaying 1
pound 1,1,1
Spence 1,1
contents 1,1,1,1
status 1,1,1,1,1
ADLER 1
bands 1,1
widest 1,1
concentrated 1
smoking 1,1,1,1
Round 1,1,1
Reading 1,1,1,1,1,1,1,1,1,1
dug 1
invention 1
observer 1,1,1,1
boxed 1
shamefully 1,1
31 1
40 1
numbers 1,1
bare 1,1,1,1
84116 1
themselves 1,1,1,1
77 1
apply 1,1,1,1,1,1,1
Armour 1
premises 1,1,1,1,1,1
lost 1,1,1,1,1,1,1,1,1,1,1,1,1,1,1,1,1,1,1,1,1,1,1,1,1,1,1
7s 1
secret 1,1,1,1,1,1,1,1,1,1,1,1,1,1,1,1,1,1,1,1
Hayling 1
identity 1,1
disagreeable 1,1
opinion 1,1,1,1,1,1,1,1,1,1,1,1,1,1,1,1,1,1,1,1
escort 1,1
existence 1,1,1,1,1
rushes 1
preparing 1
WILSON 1
awaiting 1
AK 1
As 1,1,1,1,1,1,1,1,1,1,1,1,1,1,1,1,1,1,1,1,1,1,1,1,1,1,1,1,1,1,1,1,1,1,1,1,1,1,1,1,1,1,1,1,1,1,1,1,1,1,1,1,1,1,1,1,1,1,1,1,1,1,1,1,1,1,1,1,1,1,1,1,1,1,1,1,1,1,1,1,1,1
computers 1,1
agreed 1
Anstruther 1
learn 1,1,1,1,1,1,1,1,1,1,1,1
addressing 1,1
trespasser 1
errand 1,1,1,1
faint 1,1,1
often 1,1,1,1,1,1,1,1,1,1,1,1,1
staggered 1,1,1,1,1,1
Eglow 1
companion 1,1,1,1,1,1,1,1,1,1,1,1,1,1,1,1,1,1,1,1,1,1,1,1,1,1,1,1,1,1,1,1,1,1
packed 1,1
chased 1
undertaking 1
jokes 1
slightly 1,1
wanting 1,1,1
deepest 1,1,1,1,1
fleeting 1
valet 1
asked 1,1,1,1,1,1,1,1,1,1,1,1,1,1,1,1,1,1,1,1,1,1,1,1,1,1,1,1,1,1,1,1,1,1,1,1,1,1,1,1,1,1,1,1,1,1,1,1,1,1,1,1,1,1,1,1,1,1,1,1,1,1,1,1,1,1,1,1,1,1,1,1,1,1,1,1,1,1,1,1,1,1,1,1,1,1,1,1
2nd 1
FITNESS 1
estate 1,1,1,1,1,1,1,1,1
dreams 1,1
chose 1
Langham 1
couch 1,1,1,1,1
attractions 1
waves 1
remain 1,1,1,1,1,1,1,1,1
presently 1,1,1,1,1,1
incomplete 1,1
accomplice 1,1
refreshed 1
war 1,1
decide 1,1
entangled 1,1
receiving 1,1
pleased 1,1,1
wondered 1
inner 1,1,1,1
elementary 1
game 1,1,1,1,1,1,1,1
wit 1,1,1,1,1,1
matters 1,1,1,1,1,1,1,1,1,1,1,1,1,1,1,1,1,1,1,1
hush 1,1
Pool 1,1,1,1,1,1,1,1,1,1
excited 1,1,1,1
EIN 1
HUNTER 1,1,1
admire 1,1
foot 1,1,1,1,1,1,1,1,1,1,1,1,1,1,1,1,1
co 1,1,1
partner 1,1,1,1
Farm 1,1,1,1,1,1,1
congenial 1
painfully 1
won 1,1,1,1,1,1,1,1,1,1,1,1,1,1,1,1,1
Coburg 1,1,1,1,1,1,1,1,1
proprietor 1,1,1
501 1,1
is 1,1,1,1,1,1,1,1,1,1,1,1,1,1,1,1,1,1,1,1,1,1,1,1,1,1,1,1,1,1,1,1,1,1,1,1,1,1,1,1,1,1,1,1,1,1,1,1,1,1,1,1,1,1,1,1,1,1,1,1,1,1,1,1,1,1,1,1,1,1,1,1,1,1,1,1,1,1,1,1,1,1,1,1,1,1,1,1,1,1,1,1,1,1,1,1,1,1,1,1,1,1,1,1,1,1,1,1,1,1,1,1,1,1,1,1,1,1,1,1,1,1,1,1,1,1,1,1,1,1,1,1,1,1,1,1,1,1,1,1,1,1,1,1,1,1,1,1,1,1,1,1,1,1,1,1,1,1,1,1,1,1,1,1,1,1,1,1,1,1,1,1,1,1,1,1,1,1,1,1,1,1,1,1,1,1,1,1,1,1,1,1,1,1,1,1,1,1,1,1,1,1,1,1,1,1,1,1,1,1,1,1,1,1,1,1,1,1,1,1,1,1,1,1,1,1,1,1,1,1,1,1,1,1,1,1,1,1,1,1,1,1,1,1,1,1,1,1,1,1,1,1,1,1,1,1,1,1,1,1,1,1,1,1,1,1,1,1,1,1,1,1,1,1,1,1,1,1,1,1,1,1,1,1,1,1,1,1,1,1,1,1,1,1,1,1,1,1,1,1,1,1,1,1,1,1,1,1,1,1,1,1,1,1,1,1,1,1,1,1,1,1,1,1,1,1,1,1,1,1,1,1,1,1,1,1,1,1,1,1,1,1,1,1,1,1,1,1,1,1,1,1,1,1,1,1,1,1,1,1,1,1,1,1,1,1,1,1,1,1,1,1,1,1,1,1,1,1,1,1,1,1,1,1,1,1,1,1,1,1,1,1,1,1,1,1,1,1,1,1,1,1,1,1,1,1,1,1,1,1,1,1,1,1,1,1,1,1,1,1,1,1,1,1,1,1,1,1,1,1,1,1,1,1,1,1,1,1,1,1,1,1,1,1,1,1,1,1,1,1,1,1,1,1,1,1,1,1,1,1,1,1,1,1,1,1,1,1,1,1,1,1,1,1,1,1,1,1,1,1,1,1,1,1,1,1,1,1,1,1,1,1,1,1,1,1,1,1,1,1,1,1,1,1,1,1,1,1,1,1,1,1,1,1,1,1,1,1,1,1,1,1,1,1,1,1,1,1,1,1,1,1,1,1,1,1,1,1,1,1,1,1,1,1,1,1,1,1,1,1,1,1,1,1,1,1,1,1,1,1,1,1,1,1,1,1,1,1,1,1,1,1,1,1,1,1,1,1,1,1,1,1,1,1,1,1,1,1,1,1,1,1,1,1,1,1,1,1,1,1,1,1,1,1,1,1,1,1,1,1,1,1,1,1,1,1,1,1,1,1,1,1,1,1,1,1,1,1,1,1,1,1,1,1,1,1,1,1,1,1,1,1,1,1,1,1,1,1,1,1,1,1,1,1,1,1,1,1,1,1,1,1,1,1,1,1,1,1,1,1,1,1,1,1,1,1,1,1,1,1,1,1,1,1,1,1,1,1,1,1,1,1,1,1,1,1,1,1,1,1,1,1,1,1,1,1,1,1,1,1,1,1,1,1,1,1,1,1,1,1,1,1,1,1,1,1,1,1,1,1,1,1,1,1,1,1,1,1,1,1,1,1,1,1,1,1,1,1,1,1,1,1,1,1,1,1,1,1,1,1,1,1,1,1,1,1,1,1,1,1,1,1,1,1,1,1,1,1,1,1,1,1,1,1,1,1,1,1,1,1,1,1,1,1,1,1,1,1,1,1,1,1,1,1,1,1,1,1,1,1,1,1,1,1,1,1,1,1,1,1,1,1,1,1,1,1,1,1,1,1,1,1,1,1,1,1,1,1,1,1,1,1,1,1,1,1,1,1,1,1,1,1,1,1,1,1,1,1,1,1,1,1,1,1,1,1,1,1,1,1,1,1,1,1,1,1,1,1,1,1,1,1,1,1,1,1,1,1,1,1,1,1,1,1,1,1,1,1,1,1,1,1,1,1,1,1,1,1,1,1,1,1,1,1,1,1,1,1,1,1,1,1,1,1,1,1,1,1,1,1,1,1,1,1,1,1,1,1,1,1,1,1,1,1,1,1,1,1,1,1,1,1,1,1,1,1,1,1,1,1,1,1,1,1,1,1,1,1,1,1,1,1,1,1,1,1,1,1,1,1,1,1,1,1,1,1,1,1,1,1,1,1,1,1,1,1,1,1,1,1,1,1,1,1,1,1,1,1,1,1,1,1,1,1,1,1,1,1,1,1,1,1,1,1,1,1,1,1,1,1,1,1,1,1,1,1,1,1,1,1,1,1,1,1,1,1,1,1,1,1,1,1,1,1,1,1,1,1,1,1,1,1,1,1,1,1,1,1,1,1,1,1,1,1,1,1,1,1,1,1,1,1,1,1,1,1,1,1,1,1,1,1,1,1,1,1,1,1,1,1,1,1,1,1,1,1,1,1,1,1,1,1,1,1,1,1,1,1,1,1,1,1,1,1,1,1,1,1,1,1,1
contrast 1,1,1,1,1
sending 1,1
River 1
fowl 1
second 1,1,1,1,1,1,1,1,1,1,1,1,1,1,1,1,1,1,1,1,1,1,1,1,1,1,1
Read 1,1
corresponded 1
me 1,1,1,1,1,1,1,1,1,1,1,1,1,1,1,1,1,1,1,1,1,1,1,1,1,1,1,1,1,1,1,1,1,1,1,1,1,1,1,1,1,1,1,1,1,1,1,1,1,1,1,1,1,1,1,1,1,1,1,1,1,1,1,1,1,1,1,1,1,1,1,1,1,1,1,1,1,1,1,1,1,1,1,1,1,1,1,1,1,1,1,1,1,1,1,1,1,1,1,1,1,1,1,1,1,1,1,1,1,1,1,1,1,1,1,1,1,1,1,1,1,1,1,1,1,1,1,1,1,1,1,1,1,1,1,1,1,1,1,1,1,1,1,1,1,1,1,1,1,1,1,1,1,1,1,1,1,1,1,1,1,1,1,1,1,1,1,1,1,1,1,1,1,1,1,1,1,1,1,1,1,1,1,1,1,1,1,1,1,1,1,1,1,1,1,1,1,1,1,1,1,1,1,1,1,1,1,1,1,1,1,1,1,1,1,1,1,1,1,1,1,1,1,1,1,1,1,1,1,1,1,1,1,1,1,1,1,1,1,1,1,1,1,1,1,1,1,1,1,1,1,1,1,1,1,1,1,1,1,1,1,1,1,1,1,1,1,1,1,1,1,1,1,1,1,1,1,1,1,1,1,1,1,1,1,1,1,1,1,1,1,1,1,1,1,1,1,1,1,1,1,1,1,1,1,1,1,1,1,1,1,1,1,1,1,1,1,1,1,1,1,1,1,1,1,1,1,1,1,1,1,1,1,1,1,1,1,1,1,1,1,1,1,1,1,1,1,1,1,1,1,1,1,1,1,1,1,1,1,1,1,1,1,1,1,1,1,1,1,1,1,1,1,1,1,1,1,1,1,1,1,1,1,1,1,1,1,1,1,1,1,1,1,1,1,1,1,1,1,1,1,1,1,1,1,1,1,1,1,1,1,1,1,1,1,1,1,1,1,1,1,1,1,1,1,1,1,1,1,1,1,1,1,1,1,1,1,1,1,1,1,1,1,1,1,1,1,1,1,1,1,1,1,1,1,1,1,1,1,1,1,1,1,1,1,1,1,1,1,1,1,1,1,1,1,1,1,1,1,1,1,1,1,1,1,1,1,1,1,1,1,1,1,1,1,1,1,1,1,1,1,1,1,1,1,1,1,1,1,1,1,1,1,1,1,1,1,1,1,1,1,1,1,1,1,1,1,1,1,1,1,1,1,1,1,1,1,1,1,1,1,1,1,1,1,1,1,1,1,1,1,1,1,1,1,1,1,1,1,1,1,1,1,1,1,1,1,1,1,1,1,1,1,1,1,1,1,1,1,1,1,1,1,1,1,1,1,1,1,1,1,1,1,1,1,1,1,1,1,1,1,1,1,1,1,1,1,1,1,1,1,1,1,1,1,1,1,1,1,1,1,1,1,1,1,1,1,1,1,1,1,1,1,1,1
locked 1,1,1,1,1,1,1,1,1,1,1,1,1,1,1,1,1,1
my 1,1,1,1,1,1,1,1,1,1,1,1,1,1,1,1,1,1,1,1,1,1,1,1,1,1,1,1,1,1,1,1,1,1,1,1,1,1,1,1,1,1,1,1,1,1,1,1,1,1,1,1,1,1,1,1,1,1,1,1,1,1,1,1,1,1,1,1,1,1,1,1,1,1,1,1,1,1,1,1,1,1,1,1,1,1,1,1,1,1,1,1,1,1,1,1,1,1,1,1,1,1,1,1,1,1,1,1,1,1,1,1,1,1,1,1,1,1,1,1,1,1,1,1,1,1,1,1,1,1,1,1,1,1,1,1,1,1,1,1,1,1,1,1,1,1,1,1,1,1,1,1,1,1,1,1,1,1,1,1,1,1,1,1,1,1,1,1,1,1,1,1,1,1,1,1,1,1,1,1,1,1,1,1,1,1,1,1,1,1,1,1,1,1,1,1,1,1,1,1,1,1,1,1,1,1,1,1,1,1,1,1,1,1,1,1,1,1,1,1,1,1,1,1,1,1,1,1,1,1,1,1,1,1,1,1,1,1,1,1,1,1,1,1,1,1,1,1,1,1,1,1,1,1,1,1,1,1,1,1,1,1,1,1,1,1,1,1,1,1,1,1,1,1,1,1,1,1,1,1,1,1,1,1,1,1,1,1,1,1,1,1,1,1,1,1,1,1,1,1,1,1,1,1,1,1,1,1,1,1,1,1,1,1,1,1,1,1,1,1,1,1,1,1,1,1,1,1,1,1,1,1,1,1,1,1,1,1,1,1,1,1,1,1,1,1,1,1,1,1,1,1,1,1,1,1,1,1,1,1,1,1,1,1,1,1,1,1,1,1,1,1,1,1,1,1,1,1,1,1,1,1,1,1,1,1,1,1,1,1,1,1,1,1,1,1,1,1,1,1,1,1,1,1,1,1,1,1,1,1,1,1,1,1,1,1,1,1,1,1,1,1,1,1,1,1,1,1,1,1,1,1,1,1,1,1,1,1,1,1,1,1,1,1,1,1,1,1,1,1,1,1,1,1,1,1,1,1,1,1,1,1,1,1,1,1,1,1,1,1,1,1,1,1,1,1,1,1,1,1,1,1,1,1,1,1,1,1,1,1,1,1,1,1,1,1,1,1,1,1,1,1,1,1,1,1,1,1,1,1,1,1,1,1,1,1,1,1,1,1,1,1,1,1,1,1,1,1,1,1,1,1,1,1,1,1,1,1,1,1,1,1,1,1,1,1,1,1,1,1,1,1,1,1,1,1,1,1,1,1,1,1,1,1,1,1,1,1,1,1,1,1,1,1,1,1,1,1,1,1,1,1,1,1,1,1,1,1,1,1,1,1,1,1,1,1,1,1,1,1,1,1,1,1,1,1,1,1,1,1,1,1,1,1,1,1,1,1,1,1,1,1,1,1,1,1,1,1,1,1,1,1,1,1,1,1,1,1,1,1,1,1,1,1,1,1,1,1,1,1,1,1,1,1,1,1,1,1,1,1,1,1,1,1,1,1,1,1,1,1,1,1,1,1,1,1,1,1,1,1,1,1,1,1,1,1,1,1,1,1,1,1,1,1,1,1,1,1,1,1,1,1,1,1,1,1,1,1,1,1,1,1,1,1,1,1,1,1,1,1,1,1,1,1,1,1,1,1,1,1,1,1,1,1,1,1,1,1,1,1,1,1,1,1,1,1,1,1,1,1,1,1,1,1,1,1,1,1,1,1,1,1,1,1,1,1,1,1,1,1,1,1,1,1,1,1,1,1,1,1,1,1,1,1,1,1,1,1,1,1,1,1,1,1,1,1,1,1,1,1,1,1,1,1,1,1,1,1,1,1,1,1,1,1,1,1,1,1,1,1,1,1,1,1,1,1,1,1,1,1,1,1,1,1,1,1,1,1,1,1,1,1,1,1,1,1,1,1,1,1,1,1,1,1,1,1,1,1,1,1,1,1,1,1,1,1,1,1,1,1,1,1,1,1,1,1,1,1,1,1,1,1,1,1,1,1,1,1,1,1,1,1,1,1,1,1,1,1,1,1,1,1,1,1,1,1,1
CONTRACT 1
reserve 1,1,1
somehow 1
Wilson 1,1,1,1,1,1,1,1,1,1,1,1,1,1,1,1,1,1,1,1,1
tendencies 1
Godfrey 1,1,1,1,1
them 1,1,1,1,1,1,1,1,1,1,1,1,1,1,1,1,1,1,1,1,1,1,1,1,1,1,1,1,1,1,1,1,1,1,1,1,1,1,1,1,1,1,1,1,1,1,1,1,1,1,1,1,1,1,1,1,1,1,1,1,1,1,1,1,1,1,1,1,1,1,1,1,1,1,1,1,1,1,1,1,1,1,1,1,1,1,1,1,1,1,1,1,1,1,1,1,1,1,1,1,1,1,1,1,1,1,1,1,1,1,1,1,1,1,1,1,1,1,1,1,1,1,1,1,1,1,1,1,1,1,1,1,1,1,1,1,1,1,1,1,1,1,1,1,1,1,1
discovered 1,1,1,1,1,1,1,1,1
email 1,1
Literary 1,1,1,1,1,1,1,1,1,1,1,1,1
this 1,1,1,1,1,1,1,1,1,1,1,1,1,1,1,1,1,1,1,1,1,1,1,1,1,1,1,1,1,1,1,1,1,1,1,1,1,1,1,1,1,1,1,1,1,1,1,1,1,1,1,1,1,1,1,1,1,1,1,1,1,1,1,1,1,1,1,1,1,1,1,1,1,1,1,1,1,1,1,1,1,1,1,1,1,1,1,1,1,1,1,1,1,1,1,1,1,1,1,1,1,1,1,1,1,1,1,1,1,1,1,1,1,1,1,1,1,1,1,1,1,1,1,1,1,1,1,1,1,1,1,1,1,1,1,1,1,1,1,1,1,1,1,1,1,1,1,1,1,1,1,1,1,1,1,1,1,1,1,1,1,1,1,1,1,1,1,1,1,1,1,1,1,1,1,1,1,1,1,1,1,1,1,1,1,1,1,1,1,1,1,1,1,1,1,1,1,1,1,1,1,1,1,1,1,1,1,1,1,1,1,1,1,1,1,1,1,1,1,1,1,1,1,1,1,1,1,1,1,1,1,1,1,1,1,1,1,1,1,1,1,1,1,1,1,1,1,1,1,1,1,1,1,1,1,1,1,1,1,1,1,1,1,1,1,1,1,1,1,1,1,1,1,1,1,1,1,1,1,1,1,1,1,1,1,1,1,1,1,1,1,1,1,1,1,1,1,1,1,1,1,1,1,1,1,1,1,1,1,1,1,1,1,1,1,1,1,1,1,1,1,1,1,1,1,1,1,1,1,1,1,1,1,1,1,1,1,1,1,1,1,1,1,1,1,1,1,1,1,1,1,1,1,1,1,1,1,1,1,1,1,1,1,1,1,1,1,1,1,1,1,1,1,1,1,1,1,1,1,1,1,1,1,1,1,1,1,1,1,1,1,1,1,1,1,1,1,1,1,1,1,1,1,1,1,1,1,1,1,1,1,1,1,1,1,1,1,1,1,1,1,1,1,1,1,1,1,1,1,1,1,1,1,1,1,1,1,1,1,1,1,1
we 1,1,1,1,1,1,1,1,1,1,1,1,1,1,1,1,1,1,1,1,1,1,1,1,1,1,1,1,1,1,1,1,1,1,1,1,1,1,1,1,1,1,1,1,1,1,1,1,1,1,1,1,1,1,1,1,1,1,1,1,1,1,1,1,1,1,1,1,1,1,1,1,1,1,1,1,1,1,1,1,1,1,1,1,1,1,1,1,1,1,1,1,1,1,1,1,1,1,1,1,1,1,1,1,1,1,1,1,1,1,1,1,1,1,1,1,1,1,1,1,1,1,1,1,1,1,1,1,1,1,1,1,1,1,1,1,1,1,1,1,1,1,1,1,1,1,1,1,1,1,1,1,1,1,1,1,1,1,1,1,1,1,1,1,1,1,1,1,1,1,1,1,1,1,1,1,1,1,1,1,1,1,1,1,1,1,1,1,1,1,1,1,1,1,1,1,1,1,1,1,1,1,1,1,1,1,1,1,1,1,1,1,1,1,1,1,1,1,1,1,1,1,1,1,1,1,1,1,1,1,1,1,1,1,1,1,1,1,1,1,1,1,1,1,1,1,1,1,1,1,1,1,1,1,1,1,1,1,1,1,1,1,1,1,1,1,1,1,1,1,1,1,1,1,1,1,1,1,1,1,1,1,1,1,1,1,1,1,1,1,1,1,1,1,1,1,1,1,1,1,1,1,1,1,1,1,1,1,1,1,1,1,1,1,1,1,1,1,1,1,1,1,1,1,1,1,1,1,1,1,1,1,1,1,1,1,1,1,1,1,1,1,1,1,1,1,1,1,1,1,1,1,1,1,1,1,1,1,1,1,1,1,1,1,1,1,1,1,1,1,1,1,1,1,1,1,1,1,1,1,1,1,1,1,1,1,1,1,1,1,1,1,1,1,1,1,1,1,1,1,1,1,1,1,1,1,1,1,1,1,1,1,1,1,1,1,1,1,1,1
summoned 1,1
shriek 1,1,1,1
type 1
Malay 1
proof 1,1,1,1,1,1,1,1
plucked 1,1
provisions 1
get 1,1,1,1,1,1,1,1,1,1,1,1,1,1,1,1,1,1,1,1,1,1,1,1,1,1,1,1,1,1,1,1,1,1,1,1,1,1,1,1,1,1,1,1,1,1,1,1,1,1,1,1,1,1,1,1,1,1
resembling 1
continues 1
staircases 1
depot 1
here 1,1,1,1,1,1,1,1,1,1,1,1,1,1,1,1,1,1,1,1,1,1,1,1,1,1,1,1,1,1,1,1,1,1,1,1,1,1,1,1,1,1,1,1,1,1,1,1,1,1,1,1,1,1,1,1,1,1,1,1,1,1,1,1,1,1,1,1,1,1,1,1,1,1,1,1,1,1,1,1,1,1,1,1,1,1,1,1,1,1,1,1,1,1,1,1,1,1,1,1,1,1,1,1,1
snake 1,1,1,1,1
scale 1
security 1,1,1,1,1,1
station 1,1,1,1,1,1,1,1,1,1,1,1,1,1,1,1,1,1,1,1,1,1
edges 1,1,1
loophole 1
Think 1,1
flicked 1
reverie 1
possess 1,1,1
muff 1
got 1,1,1,1,1,1,1,1,1,1,1,1,1,1,1,1,1,1,1,1,1,1,1,1,1,1,1,1,1,1,1,1,1,1,1,1,1,1,1,1,1,1,1,1,1,1,1,1,1,1,1,1,1
steaming 1
flapped 1,1
pocket 1,1,1,1,1,1,1,1,1,1,1,1,1,1,1,1,1,1,1,1,1,1,1
considered 1,1
recognising 1
IMPLIED 1
curling 1,1,1
gun 1,1,1,1,1,1
American 1,1,1,1,1,1,1,1,1,1,1
jutted 1
laid 1,1,1,1,1,1,1,1,1,1,1,1,1,1,1,1,1,1,1,1,1,1,1,1,1,1,1,1,1,1,1,1
lain 1
scribble 1
raved 1
almost 1,1,1,1,1,1,1,1,1,1,1,1,1,1,1,1,1,1,1,1
Bradshaw 1,1
charity 1
mendicants 1
However 1,1,1,1,1,1,1,1,1,1
basis 1
affected 1,1
pursue 1
catastrophe 1,1
hansom 1,1,1,1,1,1
advertising 1,1
hinted 1
smoothing 1
mankind 1
circle 1,1,1,1,1,1,1,1,1
found 1,1,1,1,1,1,1,1,1,1,1,1,1,1,1,1,1,1,1,1,1,1,1,1,1,1,1,1,1,1,1,1,1,1,1,1,1,1,1,1,1,1,1,1,1,1,1,1,1,1,1,1,1,1,1,1,1,1,1,1,1,1,1,1,1,1,1,1,1,1,1,1,1,1,1,1,1,1,1,1,1,1,1,1,1,1,1,1,1,1,1,1,1,1,1,1,1,1,1,1,1,1,1,1,1,1,1,1,1,1
clenched 1
cruelty 1,1,1
entirely 1,1,1,1,1,1,1,1,1,1,1,1,1,1,1,1
stables 1
coster 1
antagonist 1
typewritist 1
cheerful 1,1
warn 1,1
prank 1,1
effort 1,1,1,1,1,1,1
dried 1,1,1,1,1,1,1
dangling 1,1,1
Bermuda 1
reverse 1
swore 1,1
bear 1,1,1,1,1,1,1
resist 1,1
careless 1
twice 1,1,1,1,1,1,1,1,1,1
wagon 1
values 1
debts 1,1,1,1
been 1,1,1,1,1,1,1,1,1,1,1,1,1,1,1,1,1,1,1,1,1,1,1,1,1,1,1,1,1,1,1,1,1,1,1,1,1,1,1,1,1,1,1,1,1,1,1,1,1,1,1,1,1,1,1,1,1,1,1,1,1,1,1,1,1,1,1,1,1,1,1,1,1,1,1,1,1,1,1,1,1,1,1,1,1,1,1,1,1,1,1,1,1,1,1,1,1,1,1,1,1,1,1,1,1,1,1,1,1,1,1,1,1,1,1,1,1,1,1,1,1,1,1,1,1,1,1,1,1,1,1,1,1,1,1,1,1,1,1,1,1,1,1,1,1,1,1,1,1,1,1,1,1,1,1,1,1,1,1,1,1,1,1,1,1,1,1,1,1,1,1,1,1,1,1,1,1,1,1,1,1,1,1,1,1,1,1,1,1,1,1,1,1,1,1,1,1,1,1,1,1,1,1,1,1,1,1,1,1,1,1,1,1,1,1,1,1,1,1,1,1,1,1,1,1,1,1,1,1,1,1,1,1,1,1,1,1,1,1,1,1,1,1,1,1,1,1,1,1,1,1,1,1,1,1,1,1,1,1,1,1,1,1,1,1,1,1,1,1,1,1,1,1,1,1,1,1,1,1,1,1,1,1,1,1,1,1,1,1,1,1,1,1,1,1,1,1,1,1,1,1,1,1,1,1,1,1,1,1,1,1,1,1,1,1,1,1,1,1,1,1,1,1,1,1,1,1,1,1,1,1,1,1,1,1,1,1,1,1,1,1,1,1,1,1,1,1,1,1,1,1,1,1,1,1,1,1,1,1,1,1,1,1,1,1,1,1,1,1,1,1,1,1,1,1,1,1,1,1,1,1,1,1,1,1,1,1,1,1,1,1,1,1
blacksmith 1
delighted 1,1,1,1
active 1,1,1,1
lured 1
despairing 1
answer 1,1,1,1,1,1,1,1,1,1,1,1,1,1,1
restored 1
Monday 1,1,1,1,1,1,1,1,1,1,1,1,1,1
corroborate 1
outward 1
erred 1,1
hum 1,1
suspected 1,1,1
MERCHANTIBILITY 1
afford 1,1
Right 1
illness 1
charities 1
Between 1,1,1,1
best 1,1,1,1,1,1,1,1,1,1,1,1,1,1,1,1,1,1,1,1,1,1,1,1,1,1,1,1,1,1,1
mess 1
assuredly 1
advise 1,1,1,1,1,1,1
ruby 1
REMEDIES 1
convulsive 1
carree 1
fade 1
Under 1,1
particulars 1,1,1,1,1
instinct 1,1,1
verbatim 1
keeper 1,1,1,1,1,1,1,1,1,1,1
staring 1,1,1,1,1,1
gulp 1
rule 1,1,1,1,1,1
blinds 1,1,1,1,1
characteristics 1,1,1
Finns 1
crumbly 1
fait 1
dressed 1,1,1,1,1,1,1,1,1,1,1,1,1,1,1,1,1,1,1,1,1,1,1,1,1,1
wines 1
explains 1
Done 1
aristocratic 1,1,1
connivance 1
according 1,1
discriminate 1
tricks 1
rush 1,1,1,1,1,1,1
sweetheart 1,1,1
glimpses 1
exchanging 1
fast 1,1
magistrates 1
isn 1,1,1,1
rural 1
wearer 1
shelf 1,1,1,1,1
Club 1
Coronet 1,1
exclusion 1,1
dazed 1,1,1
Pancras 1
satisfaction 1,1,1,1,1
removed 1,1,1,1,1,1,1
shed 1
real 1,1,1,1,1,1,1,1,1,1,1,1
shattered 1,1,1,1,1,1
facilitate 1
hypothesis 1,1,1,1
identification 1
using 1,1,1,1,1,1,1,1
cravats 1
containing 1,1
Eglonitz 1
fugitives 1
Anyhow 1,1
letter 1,1,1,1,1,1,1,1,1,1,1,1,1,1,1,1,1,1,1,1,1,1,1,1,1,1,1,1,1,1,1
acquire 1
outweigh 1
Hay 1
repeated 1,1,1,1,1
vulnerable 1
worse 1,1,1,1,1
Holmes 1,1,1,1,1,1,1,1,1,1,1,1,1,1,1,1,1,1,1,1,1,1,1,1,1,1,1,1,1,1,1,1,1,1,1,1,1,1,1,1,1,1,1,1,1,1,1,1,1,1,1,1,1,1,1,1,1,1,1,1,1,1,1,1,1,1,1,1,1,1,1,1,1,1,1,1,1,1,1,1,1,1,1,1,1,1,1,1,1,1,1,1,1,1,1,1,1,1,1,1,1,1,1,1,1,1,1,1,1,1,1,1,1,1,1,1,1,1,1,1,1,1,1,1,1,1,1,1,1,1,1,1,1,1,1,1,1,1,1,1,1,1,1,1,1,1,1,1,1,1,1,1,1,1,1,1,1,1,1,1,1,1,1,1,1,1,1,1,1,1,1,1,1,1,1,1,1,1,1,1,1,1,1,1,1,1,1,1,1,1,1,1,1,1,1,1,1,1,1,1,1,1,1,1,1,1,1,1,1,1,1,1,1,1,1,1,1,1,1,1,1,1,1,1,1,1,1,1,1,1,1,1,1,1,1,1,1,1,1,1,1,1,1,1,1,1,1,1,1,1,1,1,1,1,1,1,1,1,1,1,1,1,1,1,1,1,1,1,1,1,1,1,1,1,1,1,1,1,1,1,1,1,1,1,1,1,1,1,1,1,1,1,1,1,1,1,1,1,1,1,1,1,1,1,1,1,1,1,1,1,1,1,1,1,1,1,1,1,1,1,1,1,1,1,1,1,1,1,1,1,1,1,1,1,1,1,1,1,1,1,1,1,1,1,1,1,1,1,1,1,1,1,1,1,1,1,1,1,1,1,1,1,1,1,1,1,1,1,1,1,1,1,1,1,1,1,1,1,1,1,1,1,1,1,1,1,1,1,1,1,1,1,1,1,1,1,1,1,1,1,1,1,1,1,1,1,1,1,1,1,1,1,1,1,1,1,1,1,1,1,1,1,1,1,1,1,1,1,1,1,1,1,1,1,1,1,1,1,1,1,1,1,1,1,1,1,1,1,1,1,1,1,1,1,1,1,1,1,1,1,1
planted 1
bonny 1
suddenly 1,1,1,1,1,1,1,1,1,1,1,1,1,1,1,1,1,1,1,1,1,1,1,1,1,1,1,1,1,1,1,1,1,1,1,1,1
awakened 1,1,1
canvas 1
rummaged 1,1,1
criminals 1,1,1,1
stress 1
devoured 1
solicitation 1
Shall 1
Bakers 1,1
Charing 1,1
offer 1,1,1
disclaim 1
Atlantic 1,1
beamed 1
rooms 1,1,1,1,1,1,1,1,1,1,1,1,1,1,1,1,1,1,1,1,1,1,1,1,1,1,1,1,1
helps 1
party 1,1,1,1,1,1,1,1
Alexander 1
aunt 1,1,1
INDIRECT 1
corridor 1,1,1,1,1,1,1,1,1,1
vain 1,1,1
ruthless 1
thinking 1,1,1,1,1,1,1
lure 1
composed 1,1,1
programme 1
bread 1
hide 1,1
falls 1
sailed 1
belongs 1,1,1
Whitney 1,1,1,1,1,1,1,1
vary 1
Metropolitan 1
intruding 1
access 1,1,1,1,1,1,1,1,1,1
addicted 1
unacquainted 1
extreme 1,1,1,1,1,1,1,1,1
curving 1
records 1,1,1,1,1,1,1
figured 1
transmit 1
between 1,1,1,1,1,1,1,1,1,1,1,1,1,1,1,1,1,1,1,1,1,1,1,1,1,1,1,1,1,1,1,1,1,1,1,1,1,1,1,1,1,1,1,1,1,1,1,1,1,1,1,1,1,1,1,1
overhead 1
regular 1,1,1
beckoning 1,1
1890 1,1
Sholtos 1
only 1,1,1,1,1,1,1,1,1,1,1,1,1,1,1,1,1,1,1,1,1,1,1,1,1,1,1,1,1,1,1,1,1,1,1,1,1,1,1,1,1,1,1,1,1,1,1,1,1,1,1,1,1,1,1,1,1,1,1,1,1,1,1,1,1,1,1,1,1,1,1,1,1,1,1,1,1,1,1,1,1,1,1,1,1,1,1,1,1,1,1,1,1,1,1,1,1,1,1,1,1,1,1,1,1,1,1,1,1,1,1,1,1,1,1,1,1,1,1,1,1,1,1,1,1,1,1,1,1,1,1,1,1,1,1,1,1,1,1,1,1,1,1,1,1,1,1,1,1,1,1,1,1,1,1,1
excitement 1,1,1,1,1,1
regards 1,1
Pentonville 1
secretive 1
huffed 1
electronically 1,1
reproach 1
extracts 1
accessible 1
bowing 1,1
policy 1,1
police 1,1,1,1,1,1,1,1,1,1,1,1,1,1,1,1,1,1,1,1,1,1,1,1,1,1,1,1,1,1,1,1,1,1,1,1,1,1,1,1,1,1,1,1,1,1,1,1,1,1,1
check 1,1,1,1,1,1
mines 1,1
soles 1
decrepitude 1
arranged 1,1,1,1,1
Young 1,1
imperturbably 1
concentrate 1
myth 1
averse 1,1,1,1,1
bandage 1
produce 1,1,1,1
hobbies 1
confided 1,1
lets 1
upon 1,1,1,1,1,1,1,1,1,1,1,1,1,1,1,1,1,1,1,1,1,1,1,1,1,1,1,1,1,1,1,1,1,1,1,1,1,1,1,1,1,1,1,1,1,1,1,1,1,1,1,1,1,1,1,1,1,1,1,1,1,1,1,1,1,1,1,1,1,1,1,1,1,1,1,1,1,1,1,1,1,1,1,1,1,1,1,1,1,1,1,1,1,1,1,1,1,1,1,1,1,1,1,1,1,1,1,1,1,1,1,1,1,1,1,1,1,1,1,1,1,1,1,1,1,1,1,1,1,1,1,1,1,1,1,1,1,1,1,1,1,1,1,1,1,1,1,1,1,1,1,1,1,1,1,1,1,1,1,1,1,1,1,1,1,1,1,1,1,1,1,1,1,1,1,1,1,1,1,1,1,1,1,1,1,1,1,1,1,1,1,1,1,1,1,1,1,1,1,1,1,1,1,1,1,1,1,1,1,1,1,1,1,1,1,1,1,1,1,1,1,1,1,1,1,1,1,1,1,1,1,1,1,1,1,1,1,1,1,1,1,1,1,1,1,1,1,1,1,1,1,1,1,1,1,1,1,1,1,1,1,1,1,1,1,1,1,1,1,1,1,1,1,1,1,1,1,1,1,1,1,1,1,1,1,1,1,1,1,1,1,1,1,1,1,1,1,1,1,1,1,1,1,1,1,1,1,1,1,1,1,1,1,1,1,1,1,1,1,1,1,1,1,1,1,1,1,1,1,1,1,1,1,1,1,1,1,1,1,1,1,1,1,1,1,1,1,1,1,1,1,1,1,1,1,1,1,1,1,1,1,1,1,1,1,1,1,1,1,1,1,1,1,1,1,1,1,1,1,1,1,1,1,1,1,1,1,1,1,1,1,1,1,1,1,1,1,1,1,1,1,1,1,1,1,1,1,1,1,1,1,1,1,1,1,1,1,1,1,1,1,1,1,1,1,1,1,1,1,1,1,1,1,1,1,1,1,1,1,1,1,1,1,1,1,1,1,1,1,1,1,1,1,1,1,1,1,1,1,1,1,1,1,1,1
coins 1,1
lest 1,1,1
ceremony 1,1,1,1,1
spoken 1,1,1,1,1,1,1,1,1,1,1,1,1
untamed 1
thirty 1,1,1,1,1,1,1,1,1,1,1,1,1,1,1,1
surely 1,1,1,1,1
feathers 1
merest 1,1,1
refusal 1,1,1
advised 1
imbecile 1,1,1
entreated 1
saluted 1
None 1,1,1,1,1,1,1,1,1
vizard 1
necessitate 1
Striding 1
jealousy 1,1
thither 1
park 1,1,1,1,1
revellers 1
past 1,1,1,1,1,1,1,1,1,1,1,1,1,1,1,1,1,1,1,1,1,1,1,1,1,1,1,1,1
whoso 1
whose 1,1,1,1,1,1,1,1,1,1,1,1,1,1,1,1,1,1,1,1,1
senior 1,1
richest 1,1
Watson 1,1,1,1,1,1,1,1,1,1,1,1,1,1,1,1,1,1,1,1,1,1,1,1,1,1,1,1,1,1,1,1,1,1,1,1,1,1,1,1,1,1,1,1,1,1,1,1,1,1,1,1,1,1,1,1,1,1,1,1,1,1,1,1,1,1,1,1,1,1,1,1,1,1,1,1,1,1,1,1,1
down 1,1,1,1,1,1,1,1,1,1,1,1,1,1,1,1,1,1,1,1,1,1,1,1,1,1,1,1,1,1,1,1,1,1,1,1,1,1,1,1,1,1,1,1,1,1,1,1,1,1,1,1,1,1,1,1,1,1,1,1,1,1,1,1,1,1,1,1,1,1,1,1,1,1,1,1,1,1,1,1,1,1,1,1,1,1,1,1,1,1,1,1,1,1,1,1,1,1,1,1,1,1,1,1,1,1,1,1,1,1,1,1,1,1,1,1,1,1,1,1,1,1,1,1,1,1,1,1,1,1,1,1,1,1,1,1,1,1,1,1,1,1,1,1,1,1,1,1,1,1,1,1,1,1,1,1,1,1,1,1,1,1,1,1,1,1,1,1,1,1,1,1,1,1,1,1,1,1,1,1,1,1,1,1,1,1,1,1,1,1,1,1,1,1,1,1,1,1,1,1,1,1,1,1,1,1,1,1,1,1,1,1,1,1,1,1,1,1,1,1,1,1,1,1,1,1,1,1,1
habit 1,1,1,1,1,1,1,1
month 1,1,1,1,1,1,1
rather 1,1,1,1,1,1,1,1,1,1,1,1,1,1,1,1,1,1,1,1,1,1,1,1,1,1,1,1,1,1,1,1,1,1,1,1,1,1,1,1,1,1,1,1,1,1,1,1,1,1,1,1,1,1,1,1,1,1,1,1,1,1,1
bite 1,1
Shipping 1
Montague 1
remanded 1
inspection 1,1,1
Director 1
bonniest 1
wilderness 1
stamped 1
skirmishes 1
breastpin 1
feet 1,1,1,1,1,1,1,1,1,1,1,1,1,1,1,1,1,1,1,1,1,1,1,1,1,1,1,1
defending 1
entries 1,1
bonnet 1,1,1,1,1
fiver 1,1
men 1,1,1,1,1,1,1,1,1,1,1,1,1,1,1,1,1,1,1,1,1,1,1,1,1,1,1,1,1,1,1,1,1,1,1,1
exactly 1,1,1,1,1,1,1
orange 1,1,1,1,1,1,1,1,1
unseat 1
Jephro 1
myself 1,1,1,1,1,1,1,1,1,1,1,1,1,1,1,1,1,1,1,1,1,1,1,1,1,1,1,1,1,1,1,1,1,1,1,1,1,1,1,1,1,1,1,1,1,1,1,1,1,1,1,1,1,1,1,1,1,1,1,1,1,1,1,1,1,1,1,1,1,1,1,1,1,1,1,1,1
animal 1,1,1,1
invested 1
outset 1
Swindon 1
destruction 1
stiff 1,1
compasses 1
First 1
beard 1,1,1
postmarks 1
bitten 1,1
peculiarly 1
actionable 1,1
relation 1,1,1
swash 1
among 1,1,1,1,1,1,1,1,1,1,1,1,1,1,1,1,1,1,1,1,1,1,1,1,1,1,1,1,1,1,1,1,1
capture 1
cleaned 1,1
billet 1,1
Oxford 1,1,1
locus 1
moving 1,1,1,1
merchant 1
descend 1
Doran 1,1,1,1,1,1,1,1,1,1,1,1
layers 1
insist 1,1
sobbing 1
visited 1,1,1
atmosphere 1
career 1
rien 1
MAN 1
slip 1,1,1,1,1,1,1,1
new 1,1,1,1,1,1,1,1,1,1,1,1,1,1,1,1,1,1,1,1,1,1,1,1,1,1,1,1,1,1
Grice 1
shading 1
whisper 1
manageress 1
decided 1
patches 1
liberated 1
tout 1,1,1
Fire 1,1
objections 1,1,1
sovereign 1,1,1,1,1
girl 1,1,1,1,1,1,1,1,1,1,1,1,1,1,1,1,1,1,1,1,1,1,1,1,1,1,1
trifle 1,1,1,1
now 1,1,1,1,1,1,1,1,1,1,1,1,1,1,1,1,1,1,1,1,1,1,1,1,1,1,1,1,1,1,1,1,1,1,1,1,1,1,1,1,1,1,1,1,1,1,1,1,1,1,1,1,1,1,1,1,1,1,1,1,1,1,1,1,1,1,1,1,1,1,1,1,1,1,1,1,1,1,1,1,1,1,1,1,1,1,1,1,1,1,1,1,1,1,1,1,1,1,1,1,1,1,1,1,1,1,1,1,1,1,1,1,1,1,1,1,1,1,1,1,1,1,1,1,1,1,1,1,1,1,1,1,1,1,1,1,1,1,1,1,1,1,1,1,1,1,1,1,1,1,1,1,1,1,1,1,1,1,1,1,1,1,1,1,1,1,1,1,1
pinch 1,1
Toller 1,1,1,1,1,1,1,1,1,1,1,1,1,1,1
sobered 1
panted 1
Francis 1,1,1
probed 1,1
fagged 1
Station 1,1,1,1,1,1
ladies 1,1,1,1,1,1,1,1,1
housekeeper 1,1,1
Leadenhall 1,1,1,1,1
carbolised 1
board 1,1,1
whip 1,1,1,1
mustard 1
visible 1,1,1,1,1
conventions 1
acute 1,1,1
JEPHRO 1
transpired 1,1
necessarily 1
rearing 1
ribbed 1
bring 1,1,1,1,1,1,1,1,1,1,1,1,1,1,1,1,1,1,1,1,1
perch 1,1
peace 1,1,1,1,1
frank 1
recourse 1
cardboard 1,1
ceaseless 1
danseuse 1
survivor 1,1
essential 1,1,1,1,1,1,1
fourteen 1,1,1,1
burst 1,1,1,1,1,1,1
metier 1
excavating 1
correspondent 1,1
DEAREST 1
Plain 1,1
windowsill 1
mangled 1
draw 1,1,1,1,1,1,1,1,1,1
Morris 1,1
outbreaks 1
fight 1,1,1
brief 1
evidently 1,1,1,1,1,1,1,1,1,1,1,1
promises 1,1,1,1
spoils 1
starting 1,1,1,1
insolence 1
stormy 1
satisfactory 1
puny 1
trove 1
learning 1
unpleasantness 1
conjectured 1,1,1
come 1,1,1,1,1,1,1,1,1,1,1,1,1,1,1,1,1,1,1,1,1,1,1,1,1,1,1,1,1,1,1,1,1,1,1,1,1,1,1,1,1,1,1,1,1,1,1,1,1,1,1,1,1,1,1,1,1,1,1,1,1,1,1,1,1,1,1,1,1,1,1,1,1,1,1,1,1,1,1,1,1,1,1,1,1,1,1,1,1,1,1,1,1,1,1,1,1,1,1,1,1,1,1,1,1,1,1,1,1,1,1,1,1,1,1,1,1,1,1,1,1,1,1,1,1,1,1,1,1,1,1,1,1,1,1,1,1,1,1,1,1,1,1,1,1,1,1
distribution 1,1,1,1,1,1
Case 1
Yard 1,1,1,1,1,1,1,1,1,1
tomboy 1
data 1,1,1,1,1,1,1,1,1,1
own 1,1,1,1,1,1,1,1,1,1,1,1,1,1,1,1,1,1,1,1,1,1,1,1,1,1,1,1,1,1,1,1,1,1,1,1,1,1,1,1,1,1,1,1,1,1,1,1,1,1,1,1,1,1,1,1,1,1,1,1,1,1,1,1,1,1,1,1,1,1,1,1,1,1,1,1,1,1,1,1,1,1,1,1,1,1,1,1,1,1,1,1,1,1,1,1,1,1,1,1,1
Excellent 1,1,1,1
consequences 1
maxim 1
resource 1,1
prolonged 1,1
fraud 1
hills 1,1
link 1,1,1,1
Thoreau 1
limb 1,1
will 1,1,1,1,1,1,1,1,1,1,1,1,1,1,1,1,1,1,1,1,1,1,1,1,1,1,1,1,1,1,1,1,1,1,1,1,1,1,1,1,1,1,1,1,1,1,1,1,1,1,1,1,1,1,1,1,1,1,1,1,1,1,1,1,1,1,1,1,1,1,1,1,1,1,1,1,1,1,1,1,1,1,1,1,1,1,1,1,1,1,1,1,1,1,1,1,1,1,1,1,1,1,1,1,1,1,1,1,1,1,1,1,1,1,1,1,1,1,1,1,1,1,1,1,1,1,1,1,1,1,1,1,1,1,1,1,1,1,1,1,1,1,1,1,1,1,1,1,1,1,1,1,1,1,1,1,1,1,1,1,1,1,1,1,1,1,1,1,1,1,1,1,1,1,1,1,1,1,1,1,1,1,1,1,1,1,1,1,1,1,1,1,1,1,1,1,1,1,1,1,1,1,1,1,1,1,1,1,1,1,1,1,1,1,1,1,1,1,1,1,1,1,1,1,1,1,1,1,1,1,1,1,1,1,1,1,1,1,1,1,1,1,1,1,1,1,1,1,1,1,1,1,1,1,1,1,1,1,1,1,1,1,1,1
confidence 1,1,1,1,1
tilted 1
Beryl 1,1
sister 1,1,1,1,1,1,1,1,1,1,1,1,1,1,1,1,1,1,1,1,1,1,1,1,1,1,1,1,1,1,1,1,1,1
Flora 1,1,1,1,1,1,1,1
folly 1
carriage 1,1,1,1,1,1,1,1,1,1,1,1,1,1,1,1,1,1,1,1,1,1
lips 1,1,1,1,1,1,1,1,1,1,1,1,1,1,1,1,1,1
discuss 1,1,1,1,1
pay 1,1,1,1,1,1,1,1,1,1,1,1,1,1,1,1,1,1
Dear 1,1
fatal 1,1,1,1
coffee 1,1,1,1,1,1,1,1
bleeding 1,1
pea 1,1,1
breasted 1
even 1,1,1,1,1,1,1,1,1,1,1,1,1,1,1,1,1,1,1,1,1,1,1,1,1,1,1,1,1,1,1,1,1,1,1,1,1,1,1,1,1,1,1,1,1,1,1,1,1,1,1,1,1,1,1,1,1,1,1,1,1,1,1,1,1
meetings 1,1
kings 1
prisoner 1,1,1,1,1,1,1,1,1,1,1
grievous 1
parlance 1
saddest 1
digesting 1
Hatherley 1,1,1,1,1,1,1,1,1,1,1,1,1,1,1,1,1,1
confidential 1,1
landed 1
thickly 1
routine 1,1,1
funny 1,1,1,1,1,1,1
standing 1,1,1,1,1,1,1,1,1,1,1,1,1,1,1,1,1,1,1,1,1,1,1
Arthur 1,1,1,1,1,1,1,1,1,1,1,1,1,1,1,1,1,1,1,1,1,1,1
placing 1
rustic 1
gravely 1,1,1,1,1,1
speciously 1
shadow 1,1,1,1,1,1,1,1,1,1
striving 1
desire 1,1,1,1,1,1
Road 1,1,1,1,1,1,1,1,1,1,1,1,1,1,1
Quite 1,1,1,1,1,1,1,1,1,1,1,1,1,1,1,1,1
brimmed 1,1,1,1
porch 1
managing 1
their 1,1,1,1,1,1,1,1,1,1,1,1,1,1,1,1,1,1,1,1,1,1,1,1,1,1,1,1,1,1,1,1,1,1,1,1,1,1,1,1,1,1,1,1,1,1,1,1,1,1,1,1,1,1,1,1,1,1,1,1,1,1,1,1,1,1,1,1,1,1,1,1,1,1,1,1,1,1,1,1,1,1,1,1,1,1,1,1,1,1,1,1,1,1,1
grieved 1
hurry 1,1,1,1,1,1,1,1,1
Visited 1
unforeseen 1,1,1,1
safes 1
happen 1,1,1
gasfitters 1,1
feigned 1
legged 1,1,1,1
represent 1,1
Sand 1
trail 1
Gold 1
Same 1
commonly 1
landlord 1,1,1,1,1
iron 1,1,1,1,1,1,1,1,1,1,1,1
cream 1,1,1
ostrich 1
Persian 1
Still 1,1,1,1,1,1,1,1,1,1,1
gathered 1,1,1
inconsequential 1
occur 1,1,1,1,1,1,1,1
since 1,1,1,1,1,1,1,1,1,1,1,1,1,1,1,1,1,1,1,1,1,1,1,1,1,1,1,1,1,1,1,1,1,1,1,1,1,1
dangerous 1,1,1,1,1,1
quivering 1
TWISTED 1
divan 1
experienced 1
sought 1
firm 1,1,1,1,1,1,1,1,1,1,1,1
dissatisfied 1,1,1
One 1,1,1,1,1,1,1,1,1,1,1,1,1,1,1,1,1,1,1,1,1,1,1,1,1,1,1,1,1,1,1,1,1,1,1,1,1,1
unless 1,1,1,1,1,1,1,1,1,1,1,1
broadest 1
inside 1,1,1,1,1,1,1,1,1,1,1,1,1
ploughed 1
restrain 1
Jersey 1
guessed 1,1
firemen 1
reasoning 1,1,1,1,1,1,1,1,1,1,1
leggings 1
Vegetarian 1
Our 1,1,1,1,1,1,1,1,1,1,1,1,1,1,1,1,1
requests 1
established 1,1
clues 1,1,1
arrange 1
bridegroom 1,1,1,1,1,1,1
delicately 1
statements 1,1
network 1
Holland 1,1
performance 1,1
horsey 1,1
lighting 1,1,1
essence 1
pulled 1,1,1,1,1,1,1,1,1,1,1,1,1,1,1,1,1
robber 1
helped 1,1,1
duplicates 1
begged 1,1,1
rifle 1
Holder 1,1,1,1,1,1,1,1,1,1,1,1,1,1,1,1,1,1
Exactly 1
scuffle 1,1,1
erected 1,1
Klan 1,1
Maggie 1,1
circumspect 1
body 1,1,1,1,1,1,1,1,1,1,1,1,1,1,1,1,1,1,1,1,1
cage 1
mouthed 1
Remarkable 1
simpler 1,1
footfalls 1,1
silently 1,1,1
Mall 1
nail 1
Bank 1,1,1,1
increased 1,1,1,1
ADVENTURE 1,1,1,1,1,1,1,1,1,1,1,1
arc 1
Star 1,1,1,1,1,1,1
arm 1,1,1,1,1,1,1,1,1,1,1,1
imprisoned 1
travelling 1,1
Domain 1
gloves 1,1,1
resting 1
bone 1,1,1
WARRANTIES 1,1
broad 1,1,1,1,1,1,1,1,1,1,1,1,1,1,1,1
loosed 1
affections 1
flesh 1,1
card 1,1,1,1,1,1,1,1,1
cooking 1
caged 1
misgivings 1,1
Produced 1,1
consultations 1
meanly 1
moss 1,1
Klux 1,1
causing 1,1,1
enough 1,1,1,1,1,1,1,1,1,1,1,1,1,1,1,1,1,1,1,1,1,1,1,1,1,1,1,1,1,1,1,1,1,1,1,1,1,1,1,1,1,1,1,1,1,1,1,1,1,1,1,1,1,1,1,1,1,1
depression 1
Museum 1,1
Chamber 1
hesitation 1,1
facing 1
proved 1,1,1,1
peeping 1
ARTHUR 1
SIMON 1
Near 1,1
battle 1
bee 1
faddy 1,1
faded 1,1,1
she 1,1,1,1,1,1,1,1,1,1,1,1,1,1,1,1,1,1,1,1,1,1,1,1,1,1,1,1,1,1,1,1,1,1,1,1,1,1,1,1,1,1,1,1,1,1,1,1,1,1,1,1,1,1,1,1,1,1,1,1,1,1,1,1,1,1,1,1,1,1,1,1,1,1,1,1,1,1,1,1,1,1,1,1,1,1,1,1,1,1,1,1,1,1,1,1,1,1,1,1,1,1,1,1,1,1,1,1,1,1,1,1,1,1,1,1,1,1,1,1,1,1,1,1,1,1,1,1,1,1,1,1,1,1,1,1,1,1,1,1,1,1,1,1,1,1,1,1,1,1,1,1,1,1,1,1,1,1,1,1,1,1,1,1,1,1,1,1,1,1,1,1,1,1,1,1,1,1,1,1,1,1,1,1,1,1,1,1,1,1,1,1,1,1,1,1,1,1,1,1,1,1,1,1,1,1,1,1,1,1,1,1,1,1,1,1,1,1,1,1,1,1,1,1,1,1,1,1,1,1,1,1,1,1,1,1,1,1,1,1,1,1,1,1,1,1,1,1,1,1,1,1,1,1,1,1,1,1,1,1,1,1,1,1,1,1,1,1,1,1,1,1,1,1,1,1,1,1,1,1,1,1,1,1,1,1,1,1,1,1,1,1,1,1,1,1,1,1,1,1,1,1,1,1,1,1,1,1,1,1,1,1,1,1,1,1,1,1,1,1,1,1,1,1,1,1,1,1,1,1
confined 1,1,1,1
shy 1
explained 1,1,1,1,1,1,1,1,1
sin 1
six 1,1,1,1,1,1,1,1,1,1,1,1,1,1,1,1,1,1,1,1,1,1,1,1,1,1,1,1
breathing 1,1,1,1,1,1
assuring 1
observant 1,1
grasped 1,1,1,1,1
compromised 1
table 1,1,1,1,1,1,1,1,1,1,1,1,1,1,1,1,1,1,1,1,1,1,1,1,1,1,1,1,1,1,1,1,1,1,1,1,1,1,1,1,1,1,1,1,1,1,1,1,1,1,1
systematic 1
suspicions 1,1,1
cursed 1
several 1,1,1,1,1,1,1,1,1,1,1,1,1,1,1,1,1,1,1,1,1,1,1,1,1,1,1,1,1,1
boy 1,1,1,1,1,1,1,1,1,1,1,1,1,1,1,1,1,1,1,1,1
prices 1,1,1
quarrel 1,1,1,1,1
paint 1,1,1
drawn 1,1,1,1,1,1,1,1,1,1,1,1,1,1,1,1,1,1,1,1,1,1
remorseless 1
doctors 1,1,1
autumn 1
slipping 1,1
ungenerously 1
enemies 1,1
threatened 1,1,1,1,1,1
150 1
clattered 1,1
astronomy 1
bye 1,1,1,1,1,1
Arizona 1
Californian 1
aquiline 1,1
beggar 1,1,1,1,1,1
scared 1,1
flag 1
Starving 1
suggest 1,1,1,1,1,1,1,1
confessed 1,1,1,1
sharpened 1
goes 1,1,1,1,1,1,1,1,1
Coventry 1
flung 1,1,1
hair 1,1,1,1,1,1,1,1,1,1,1,1,1,1,1,1,1,1,1,1,1,1,1,1,1,1,1,1,1,1,1,1,1,1,1,1,1,1,1,1,1,1,1,1,1
filthy 1
flew 1,1,1,1
village 1,1,1,1,1,1,1
smooth 1,1,1
fault 1,1,1,1,1
billycock 1
