4 1,1,1,1,1,1
jackass 1,1
squatting 1
H 1
gold 1,1,1,1,1,1,1,1,1,1,1,1,1,1
R 1
same 1,1,1,1,1,1,1,1,1,1,1,1,1,1,1,1,1,1,1,1,1,1,1,1,1,1,1,1,1,1,1,1,1,1,1,1,1,1,1,1,1,1,1,1,1,1,1,1,1,1,1,1,1,1,1,1,1,1,1,1,1,1,1,1,1
f 1,1,1,1,1,1,1,1,1,1,1,1,1,1
p 1,1,1,1,1,1
sunset 1
tie 1,1,1,1,1,1,1,1,1,1,1,1,1
PGLAF 1
sand 1,1,1,1,1
hark 1
saddish 1
root 1
hats 1,1,1,1
sass 1,1
skimmed 1
Emmeline 1,1,1,1,1,1
pins 1
taller 1
Four 1
intellectual 1,1
roun 1,1,1,1,1,1,1,1
pardon 1
Row 1
blindfold 1
rattlin 1
Getting 1,1,1
cut 1,1,1,1,1,1,1,1,1,1,1,1,1,1,1,1,1,1,1,1
think 1,1,1,1,1,1,1,1,1,1,1,1,1,1,1,1,1,1,1,1,1,1,1,1,1,1,1,1,1,1,1,1,1,1,1,1,1,1,1,1,1,1,1,1,1,1,1,1,1,1,1,1,1,1,1,1,1,1,1,1,1,1,1,1,1,1,1,1,1,1,1,1,1,1,1,1,1,1,1,1,1,1,1,1,1,1,1,1,1,1,1,1,1,1,1,1,1,1,1,1,1,1,1,1,1,1,1,1,1,1,1,1,1,1,1,1,1,1,1,1,1,1,1,1,1,1,1,1,1,1,1,1,1
Indignation 1
considable 1,1,1,1,1,1
domestic 1
Heel 1
suited 1,1,1
easiest 1
concept 1,1
Feathers 1
kivered 1,1
PARAGRAPH 1
enter 1
flowers 1,1,1
destroy 1,1
doings 1
Thirty 1
propped 1
survive 1
hound 1,1,1,1
performed 1,1
fetch 1,1,1,1,1,1,1,1,1,1,1,1,1,1,1,1,1,1,1,1,1,1,1,1,1,1,1,1,1,1,1,1,1,1,1,1,1,1,1,1,1,1,1,1,1,1,1,1,1
bushels 1
created 1,1,1
fried 1,1
Towards 1,1,1
dey 1,1,1,1,1,1,1,1,1,1,1,1,1,1,1,1,1,1,1,1,1,1,1,1,1,1,1,1,1,1,1,1,1,1,1,1,1,1,1,1,1,1,1,1,1,1,1,1,1,1,1,1,1,1,1,1,1,1,1,1,1,1,1,1,1,1,1,1,1
going 1,1,1,1,1,1,1,1,1,1,1,1,1,1,1,1,1,1,1,1,1,1,1,1,1,1,1,1,1,1,1,1,1,1,1,1,1,1,1,1,1,1,1,1,1,1,1,1,1,1,1,1,1,1,1,1,1,1,1,1,1,1,1,1,1,1,1,1,1,1,1,1,1,1,1,1,1,1,1,1,1,1,1,1,1,1,1,1,1,1,1,1,1,1,1,1,1,1,1,1,1,1,1,1,1,1,1,1,1,1,1,1,1,1,1,1,1,1,1,1,1,1,1,1,1,1,1,1,1,1,1,1,1,1,1,1,1,1,1,1,1,1,1,1,1,1,1,1,1,1,1,1,1,1,1,1,1,1,1,1,1,1,1,1,1,1,1,1,1,1,1,1,1,1,1,1,1,1,1,1,1,1,1,1,1,1,1,1,1,1,1,1,1,1,1,1,1,1,1,1,1,1,1,1
ashes 1,1,1,1,1
attitude 1
treatment 1,1
business 1,1,1,1,1,1,1,1,1,1,1,1,1,1,1,1,1,1,1,1,1,1,1,1,1,1,1,1,1,1,1,1,1,1,1,1
staff 1
right 1,1,1,1,1,1,1,1,1,1,1,1,1,1,1,1,1,1,1,1,1,1,1,1,1,1,1,1,1,1,1,1,1,1,1,1,1,1,1,1,1,1,1,1,1,1,1,1,1,1,1,1,1,1,1,1,1,1,1,1,1,1,1,1,1,1,1,1,1,1,1,1,1,1,1,1,1,1,1,1,1,1,1,1,1,1,1,1,1,1,1,1,1,1,1,1,1,1,1,1,1,1,1,1,1,1,1,1,1,1,1,1,1,1,1,1,1,1,1,1,1,1,1,1,1,1,1,1,1,1,1,1,1,1,1,1,1,1,1,1,1,1,1,1,1,1,1,1,1,1,1,1,1,1,1,1,1,1,1,1,1,1,1,1,1,1,1,1,1,1,1,1,1,1,1,1,1,1,1,1,1,1,1,1,1,1,1,1,1,1,1,1,1,1,1,1,1,1,1,1,1,1,1,1,1,1,1,1,1,1,1,1,1,1,1,1,1,1,1,1,1,1,1,1,1,1,1,1,1,1,1,1,1,1,1,1,1,1,1,1,1,1,1,1,1,1,1,1,1,1,1,1,1,1,1,1,1,1,1,1,1,1,1,1,1,1,1,1,1,1,1,1,1,1,1,1,1,1,1,1,1,1,1,1,1,1,1,1,1,1,1,1,1,1,1,1,1,1,1,1
Anybody 1,1,1
stage 1,1,1,1,1,1
under 1,1,1,1,1,1,1,1,1,1,1,1,1,1,1,1,1,1,1,1,1,1,1,1,1,1,1,1,1,1,1,1,1,1,1,1,1,1,1,1,1,1,1,1,1,1,1,1,1,1,1,1,1,1,1,1,1,1,1,1,1,1,1,1,1,1,1,1,1,1,1,1,1,1,1,1,1,1,1,1,1,1,1,1,1,1
_without_ 1
brown 1,1,1,1
puzzled 1,1,1
ferry 1,1,1,1,1,1,1,1,1
Despite 1
Sly 1
towing 1
knows 1,1,1,1,1,1,1,1,1,1,1,1,1,1,1,1
COL 1
cabbages 1
Peter 1,1,1,1,1,1,1,1,1,1,1,1,1,1,1,1,1,1,1,1,1
strip 1
necks 1,1,1,1,1
Information 1,1,1,1,1,1,1
County 1,1
uncommon 1,1,1,1,1,1
opposed 1
Wake 1,1
bank 1,1,1,1,1,1,1,1,1,1,1,1,1,1,1,1,1,1,1,1,1,1,1,1,1,1,1,1,1,1,1,1,1,1,1,1,1,1,1,1,1,1,1
drawing 1
treed 1
wiping 1
long 1,1,1,1,1,1,1,1,1,1,1,1,1,1,1,1,1,1,1,1,1,1,1,1,1,1,1,1,1,1,1,1,1,1,1,1,1,1,1,1,1,1,1,1,1,1,1,1,1,1,1,1,1,1,1,1,1,1,1,1,1,1,1,1,1,1,1,1,1,1,1,1,1,1,1,1,1,1,1,1,1,1,1,1,1,1,1,1,1,1,1,1,1,1,1,1,1,1,1,1,1,1,1,1,1,1,1,1,1,1,1,1,1,1,1,1,1,1,1,1,1,1,1,1,1,1,1,1,1,1,1,1,1,1,1,1,1,1,1,1,1,1,1,1,1,1,1,1,1,1,1,1,1,1,1,1,1,1,1,1,1,1
bother 1,1,1,1,1,1,1,1,1,1,1,1,1
turpentine 1
murderer 1
modification 1
THIS 1,1,1,1,1
60 1
interest 1,1,1,1,1
worl 1
ear 1,1,1,1,1
sejest 1
jist 1,1,1,1,1,1,1,1,1
_What_ 1
instead 1,1,1
allowed 1,1,1,1,1,1,1,1,1,1,1,1,1,1,1,1,1,1,1,1,1,1,1,1,1,1,1,1,1,1,1,1
blubbering 1,1,1,1
handy 1,1,1,1,1,1,1,1,1,1,1,1,1,1,1
near 1,1,1,1,1,1,1,1,1,1,1,1,1,1
_beg_ 1
_better_ 1
need 1,1,1,1,1,1,1,1,1,1,1
Dr 1,1,1,1,1,1,1
hardly 1,1,1,1,1,1,1,1,1,1,1,1,1,1,1,1,1,1,1,1,1,1,1,1,1
drugged 1
complained 1
gates 1
snoring 1,1,1,1,1
royalties 1,1
Go 1,1,1,1,1,1,1,1,1
turns 1,1,1,1,1,1,1,1,1,1,1,1,1,1,1,1,1
Asks 1
hummin 1
hooing 1
everytime 1
sharp 1,1,1,1,1,1,1,1,1
shall 1,1,1,1
woody 1,1
M_ 1
pounding 1
pivot 1
himself 1,1,1,1,1,1,1,1,1,1,1,1,1,1,1,1,1,1,1,1,1,1,1,1,1,1,1,1,1,1,1,1,1,1,1,1,1,1,1,1,1,1,1,1,1
enemy 1
Royalty 1,1,1,1
ducked 1,1
SO 1
nest 1,1,1,1
Tragedy 1,1
grab 1,1,1,1,1,1
Baldy 1
Fact 1
thieving 1
Fishing 1,1
Hornback 1,1,1,1
window 1,1,1,1,1,1,1,1,1,1,1,1,1,1,1,1,1,1,1,1,1,1,1,1,1,1,1,1,1
prized 1
_Well_ 1,1,1,1,1
Chickens 1
hump 1,1
pensive 1
stuff 1,1,1,1,1,1,1,1,1,1,1,1,1,1,1
Grace 1,1,1,1,1,1
looks 1,1,1,1,1,1,1,1,1,1,1,1
despises 1
few 1,1,1,1,1,1,1,1,1,1,1,1,1,1
drafts 1
_k 1
VII 1,1
extent 1
_are_ 1
blowing 1,1,1,1,1,1
as 1,1,1,1,1,1,1,1,1,1,1,1,1,1,1,1,1,1,1,1,1,1,1,1,1,1,1,1,1,1,1,1,1,1,1,1,1,1,1,1,1,1,1,1,1,1,1,1,1,1,1,1,1,1,1,1,1,1,1,1,1,1,1,1,1,1,1,1,1,1,1,1,1,1,1,1,1,1,1,1,1,1,1,1,1,1,1,1,1,1,1,1,1,1,1,1,1,1,1,1,1,1,1,1,1,1,1,1,1,1,1,1,1,1,1,1,1,1,1,1,1,1,1,1,1,1,1,1,1,1,1,1,1,1,1,1,1,1,1,1,1,1,1,1,1,1,1,1,1,1,1,1,1,1,1,1,1,1,1,1,1,1,1,1,1,1,1,1,1,1,1,1,1,1,1,1,1,1,1,1,1,1,1,1,1,1,1,1,1,1,1,1,1,1,1,1,1,1,1,1,1,1,1,1,1,1,1,1,1,1,1,1,1,1,1,1,1,1,1,1,1,1,1,1,1,1,1,1,1,1,1,1,1,1,1,1,1,1,1,1,1,1,1,1,1,1,1,1,1,1,1,1,1,1,1,1,1,1,1,1,1,1,1,1,1,1,1,1,1,1,1,1,1,1,1,1,1,1,1,1,1,1,1,1,1,1,1,1,1,1,1,1,1,1,1,1,1,1,1,1,1,1,1,1,1,1,1,1,1,1,1,1,1,1,1,1,1,1,1,1,1,1,1,1,1,1,1,1,1,1,1,1,1,1,1,1,1,1,1,1,1,1,1,1,1,1,1,1,1,1,1,1,1,1,1,1,1,1,1,1,1,1,1,1,1,1,1,1,1,1,1,1,1,1,1,1,1,1,1,1,1,1,1,1,1,1,1,1,1,1,1,1,1,1,1,1,1,1,1,1,1,1,1,1,1,1,1,1,1,1,1,1,1,1,1,1,1,1,1,1,1,1,1,1,1,1,1,1,1,1,1,1,1,1,1,1,1,1,1,1,1,1,1,1,1,1,1,1,1,1,1,1,1,1,1,1,1,1,1,1,1,1,1,1,1,1,1,1,1,1,1,1,1,1,1,1,1,1,1,1,1,1,1,1,1,1,1,1,1,1,1,1,1,1,1,1,1,1,1,1,1,1,1,1,1,1,1,1,1,1,1,1,1,1,1,1,1,1,1,1,1,1,1,1,1,1,1,1,1,1,1,1,1,1,1,1,1,1,1,1
br 1
fool 1,1,1,1,1,1,1,1,1,1,1,1,1,1,1,1,1,1,1,1,1,1,1,1,1,1,1,1,1,1,1,1,1,1,1,1,1,1,1
quicker 1,1
_set_ 1
Father 1,1,1
grub 1
language 1
needn 1,1,1,1,1,1,1,1,1
Pork 1
rats 1,1,1,1,1,1,1,1,1,1,1,1,1,1,1,1,1,1,1,1,1,1,1
rat_ 1
cylinder 1,1,1
transcription 1
Dog 1
aimed 1,1,1
noses 1,1,1
RIGHT 1
lantern 1,1,1,1,1,1,1,1,1,1,1,1,1,1,1,1,1,1,1,1,1,1,1
misunderstood 1
picked 1,1,1
feeling 1,1,1,1,1,1,1,1,1,1,1,1,1,1,1,1,1,1,1
careful 1,1,1
head 1,1,1,1,1,1,1,1,1,1,1,1,1,1,1,1,1,1,1,1,1,1,1,1,1,1,1,1,1,1,1,1,1,1,1,1,1,1,1,1,1,1,1,1,1,1,1,1,1,1,1,1,1,1,1,1,1,1,1,1,1,1,1,1,1,1,1,1,1,1,1,1,1,1,1,1,1,1,1,1,1,1,1,1,1,1,1,1,1,1,1,1,1,1,1,1,1,1,1,1,1,1,1,1,1,1,1,1,1,1,1,1,1,1,1,1,1,1,1,1,1,1,1,1,1
Archive 1,1,1,1,1,1,1,1,1,1,1,1,1
straightened 1,1,1
they 1,1,1,1,1,1,1,1,1,1,1,1,1,1,1,1,1,1,1,1,1,1,1,1,1,1,1,1,1,1,1,1,1,1,1,1,1,1,1,1,1,1,1,1,1,1,1,1,1,1,1,1,1,1,1,1,1,1,1,1,1,1,1,1,1,1,1,1,1,1,1,1,1,1,1,1,1,1,1,1,1,1,1,1,1,1,1,1,1,1,1,1,1,1,1,1,1,1,1,1,1,1,1,1,1,1,1,1,1,1,1,1,1,1,1,1,1,1,1,1,1,1,1,1,1,1,1,1,1,1,1,1,1,1,1,1,1,1,1,1,1,1,1,1,1,1,1,1,1,1,1,1,1,1,1,1,1,1,1,1,1,1,1,1,1,1,1,1,1,1,1,1,1,1,1,1,1,1,1,1,1,1,1,1,1,1,1,1,1,1,1,1,1,1,1,1,1,1,1,1,1,1,1,1,1,1,1,1,1,1,1,1,1,1,1,1,1,1,1,1,1,1,1,1,1,1,1,1,1,1,1,1,1,1,1,1,1,1,1,1,1,1,1,1,1,1,1,1,1,1,1,1,1,1,1,1,1,1,1,1,1,1,1,1,1,1,1,1,1,1,1,1,1,1,1,1,1,1,1,1,1,1,1,1,1,1,1,1,1,1,1,1,1,1,1,1,1,1,1,1,1,1,1,1,1,1,1,1,1,1,1,1,1,1,1,1,1,1,1,1,1,1,1,1,1,1,1,1,1,1,1,1,1,1,1,1,1,1,1,1,1,1,1,1,1,1,1,1,1,1,1,1,1,1,1,1,1,1,1,1,1,1,1,1,1,1,1,1,1,1,1,1,1,1,1,1,1,1,1,1,1,1,1,1,1,1,1,1,1,1,1,1,1,1,1,1,1,1,1,1,1,1,1,1,1,1,1,1,1,1,1,1,1,1,1,1,1,1,1,1,1,1,1,1,1,1,1,1,1,1,1,1,1,1,1,1,1,1,1,1,1,1,1,1,1,1,1,1,1,1,1,1,1,1,1,1,1,1,1,1,1,1,1,1,1,1,1,1,1,1,1,1,1,1,1,1,1,1,1,1,1,1,1,1,1,1,1,1,1,1,1,1,1,1,1,1,1,1,1,1,1,1,1,1,1,1,1,1,1,1,1,1,1,1,1,1,1,1,1,1,1,1,1,1,1,1,1,1,1,1,1,1,1,1,1,1,1,1,1,1,1,1,1,1,1,1,1,1,1,1,1,1,1,1,1,1,1,1,1,1,1,1,1,1,1,1,1,1,1,1,1,1,1,1,1,1,1,1,1,1,1,1,1,1,1,1,1,1,1,1,1,1,1,1,1,1,1,1,1,1,1,1,1,1,1,1,1,1,1,1,1,1,1,1,1,1,1,1,1,1,1,1,1,1,1,1,1,1,1,1,1,1,1,1,1,1,1,1,1,1,1,1,1,1,1,1,1,1,1,1,1,1,1,1,1,1,1,1,1,1,1,1,1,1,1,1,1,1,1,1,1,1,1,1,1,1,1,1,1,1,1,1,1,1,1,1,1,1,1,1,1,1,1,1,1,1,1,1,1,1,1
thee 1
sk 1,1,1
UNDER 1
closed 1,1
us 1,1,1,1,1,1,1,1,1,1,1,1,1,1,1,1,1,1,1,1,1,1,1,1,1,1,1,1,1,1,1,1,1,1,1,1,1,1,1,1,1,1,1,1,1,1,1,1,1,1,1,1,1,1,1,1,1,1,1,1,1,1,1,1,1,1,1,1,1,1,1,1,1,1,1,1,1,1,1,1,1,1,1,1,1,1,1,1,1,1,1,1,1,1,1,1,1,1,1,1,1,1,1,1,1,1,1,1,1,1,1,1,1,1,1,1,1,1,1,1,1,1,1,1,1,1,1,1,1,1,1,1,1,1,1,1,1,1,1,1,1,1,1,1,1,1,1,1,1,1,1,1,1,1,1,1,1,1,1,1,1,1,1,1,1,1
sees 1,1,1,1,1,1
spidery 1
Susan 1,1,1,1,1,1,1,1,1,1
gap 1,1,1,1
argue 1
Nigger 1,1
ye 1,1,1,1,1,1,1,1
yo 1,1,1,1,1,1,1,1,1,1,1,1,1,1,1
praying 1
gasps 1,1
thoo 1,1
sell 1,1,1,1,1,1,1,1,1,1,1,1,1,1,1,1,1
ended 1
curious 1,1,1,1,1,1,1,1
sent 1,1,1,1,1,1,1,1,1,1
fretted 1,1
purpose 1,1
Friendship 1
lawsamercy 1
factory 1
scamp 1,1
puncheon 1
thus 1
Dunlap 1,1
currents 1
Shakespeare 1,1
wrap 1
Brother 1,1
_pray_ 1
young 1,1,1,1,1,1,1,1,1,1,1,1,1,1,1,1,1,1,1,1,1,1,1,1,1,1,1,1,1,1,1,1,1,1,1,1,1,1,1,1,1,1,1,1,1,1,1,1,1,1,1,1,1
gaudiest 1
forlorn 1
Bricksville 1,1
cowpath 1
turkles 1
queen 1
particularly 1
names 1,1,1,1,1,1,1,1,1,1,1
Proctors 1,1
earlier 1
Thish 1
governor 1
muse 1
tied 1,1,1,1,1,1,1,1,1,1,1,1,1,1,1,1,1,1,1,1,1
lamb 1
wall 1,1,1,1,1,1,1,1,1,1,1,1,1,1,1,1,1
Pilgrim 1
Cincinnati 1,1,1,1
want 1,1,1,1,1,1,1,1,1,1,1,1,1,1,1,1,1,1,1,1,1,1,1,1,1,1,1,1,1,1,1,1,1,1,1,1,1,1,1,1,1,1,1,1,1,1,1,1,1,1,1,1,1,1,1,1,1,1,1,1,1,1,1,1,1,1,1,1,1,1,1,1,1,1,1,1,1,1,1,1,1,1,1,1,1,1,1,1,1,1,1,1,1,1,1,1,1,1,1,1,1,1,1,1,1,1,1,1,1,1,1,1,1,1,1,1,1,1,1,1,1,1,1,1,1,1,1,1,1,1,1,1,1,1,1,1,1,1,1,1,1,1,1,1,1,1,1
blessedest 1
Benvenuto 1
ghosts 1,1
shoves 1
lynch 1,1,1,1
late 1,1,1,1,1,1,1,1,1,1,1,1,1,1,1,1,1,1,1,1
swig 1
seegars 1,1
_one_ 1
brung 1,1,1,1,1,1
ways 1,1,1,1,1,1,1,1,1,1,1,1,1,1,1,1,1,1,1,1,1,1,1,1,1,1,1,1,1,1,1,1,1,1,1
yit 1,1,1,1,1,1,1
chap 1,1,1,1,1,1,1,1
beat 1,1,1,1,1,1,1,1,1,1,1,1,1,1
Who 1,1,1,1,1,1,1,1,1,1,1,1,1,1,1,1,1,1,1,1,1,1,1,1
Why 1,1,1,1,1,1,1,1,1,1,1,1,1,1,1,1,1,1,1,1,1,1,1,1,1,1,1,1,1,1,1,1,1,1,1,1,1,1,1,1,1,1,1,1,1,1,1,1,1,1,1,1,1,1,1,1,1,1,1,1,1,1,1,1,1,1,1,1,1,1,1,1,1,1,1,1,1,1,1,1,1,1,1,1,1,1,1,1,1,1,1,1,1,1,1,1,1,1,1,1,1,1,1,1,1,1,1,1,1,1,1,1,1,1,1,1,1,1,1,1,1,1,1,1,1,1,1,1,1,1,1,1,1,1,1,1,1,1,1,1,1,1,1,1,1,1,1,1,1,1,1,1,1,1,1,1,1,1,1,1,1,1,1,1,1,1,1,1
fixings 1
garters 1
monstrous 1,1,1,1,1,1,1,1,1
XXII 1,1
beef 1
gardens 1
bully 1,1,1,1,1,1
befo 1,1
dragged 1,1,1,1
ANYTHING 1
listened 1,1,1,1,1,1,1,1,1,1,1,1,1,1,1,1,1,1,1
ignored 1
Knives 1
horseback 1,1,1
swallowed 1
exposed 1
Knock 1
hue 1
basket 1,1,1,1,1
lumbus 1
reached 1,1,1,1,1
XXV 1,1
marks 1,1,1,1,1,1,1
difficult 1,1
_first_ 1,1
curtain 1,1,1,1,1,1,1,1,1,1,1
Pray 1
Orleans 1,1,1,1,1,1,1,1,1,1,1,1,1,1,1
something 1,1,1,1,1,1,1,1,1,1,1,1,1,1,1,1,1,1,1,1,1,1,1,1,1,1,1,1,1,1,1,1,1,1,1,1,1,1,1,1,1,1,1,1,1,1,1,1,1,1,1,1,1,1,1,1,1,1,1,1,1,1,1,1,1,1,1,1,1,1,1,1,1,1,1,1,1,1,1,1,1,1,1,1,1,1,1,1,1,1,1
religgion 1
weary 1
knitting 1,1
independence 1
heppin 1
please 1,1,1,1,1,1,1,1,1,1
Away 1,1,1
_right_ 1,1,1
arise 1
_yit_ 1
boarding 1
refund 1,1,1,1,1,1,1,1
first 1,1,1,1,1,1,1,1,1,1,1,1,1,1,1,1,1,1,1,1,1,1,1,1,1,1,1,1,1,1,1,1,1,1,1,1,1,1,1,1,1,1,1,1,1,1,1,1,1,1,1,1,1,1,1,1,1,1,1,1,1,1,1,1,1,1,1,1,1,1,1,1,1,1,1,1,1,1,1,1,1,1,1,1,1,1,1,1,1,1,1,1,1,1,1,1,1,1,1,1
clearly 1
pole 1,1,1
Spanish 1,1,1,1,1
bench 1,1,1,1
Git 1,1,1
rust 1
_mumps_ 1,1
ink 1,1,1
nigh 1,1,1,1,1,1,1
Easy 1,1
farm 1,1,1,1,1,1
charged 1,1,1
providing 1,1,1,1
frum 1
Mind 1
God 1,1
bolted 1
resks 1,1
Theatres 1
jabber 1
Locked 1
Forty 1
Miss 1,1,1,1,1,1,1,1,1,1,1,1,1,1,1,1,1,1,1,1,1,1,1,1,1,1,1,1,1,1,1,1,1,1,1,1,1,1,1,1,1,1,1,1,1,1,1,1,1,1,1,1,1,1,1,1,1,1,1,1,1,1,1,1,1,1,1,1,1
filled 1,1
read 1,1,1,1,1,1,1,1,1,1,1,1,1,1,1,1,1,1,1,1,1,1,1,1,1,1,1,1,1,1,1,1,1,1,1,1
hilltop 1
Missus 1,1,1
barking 1,1,1
jam 1,1,1
jaw 1,1
Asleep 1
devil 1,1,1,1,1,1,1,1
soundings 1
pitying 1
jes 1,1
flattering 1
winding 1
shop 1,1
Deffisit 1
madam 1
His 1,1,1,1,1,1,1,1,1,1,1,1,1,1
shut 1,1,1,1,1,1,1,1,1,1,1,1,1,1,1,1,1,1,1,1,1,1,1,1,1
Exercise 1
afternoon 1,1,1,1,1,1,1,1
investigation 1,1
_Who_ 1,1
How 1,1,1,1,1,1,1,1,1,1,1,1,1,1,1,1,1,1,1,1,1,1,1,1,1,1,1,1,1,1,1,1,1
plans 1,1,1,1
PAST 1
contain 1,1
Arkansaw 1,1,1,1,1,1
contact 1,1,1
lucky 1,1,1,1,1
trembling 1,1,1
sperits 1
scorns 1
kags 1
prompt 1,1
join 1,1
costume 1
ordinary 1,1
world 1,1,1,1,1,1,1,1,1,1,1,1,1,1,1,1,1,1,1,1,1,1,1,1,1,1,1,1,1,1,1,1,1,1,1,1,1,1,1,1,1,1,1,1,1,1,1
bundle 1,1,1,1,1
Jane 1,1,1,1,1,1,1,1,1,1,1,1,1,1,1,1,1,1,1,1,1,1,1,1,1,1,1,1,1,1,1,1,1,1,1,1,1,1,1,1,1,1,1,1,1,1,1,1,1
century 1
married 1,1,1,1
Casanova 1
earth 1,1,1
Never 1,1,1,1,1,1
accept 1
Wilks 1,1,1,1,1,1,1,1,1,1,1,1,1,1
ker 1
laying 1,1,1,1,1,1,1,1,1,1,1,1,1,1,1,1,1,1,1,1,1,1,1,1,1,1,1,1,1,1,1
fourth 1
hustling 1,1
dismal 1,1,1
feathered 1
expend 1
mumps 1,1,1,1,1,1
Whar 1,1,1
kin 1,1,1,1,1,1,1,1,1,1,1,1,1
distressid 1
sighs 1,1
$200 1
saltire 1
balditude 1
bigger 1,1,1,1,1,1
When 1,1,1,1,1,1,1,1,1,1,1,1,1,1,1,1,1,1,1,1,1,1,1,1,1,1,1,1,1,1,1,1,1,1,1,1,1,1,1,1,1,1,1,1,1,1,1,1,1,1,1,1,1,1,1,1,1,1,1,1,1,1,1,1,1,1,1,1,1,1,1,1,1,1,1,1,1,1,1,1,1,1,1,1,1
owdacious 1,1
knocking 1,1,1
plain 1,1,1,1,1,1,1,1,1
begone 1
shuck 1,1,1,1
Mellow 1
eaves 1
Frenchman 1,1
quiet 1,1,1,1,1,1,1,1,1,1,1,1,1,1,1,1,1,1,1
crawfished 1
woundin 1
nowhere 1
pilot 1,1,1,1
ticket 1,1
cheek 1,1,1
swords 1,1,1
flour 1,1,1,1
listens 1,1
noise 1,1,1,1,1,1,1,1,1,1,1,1,1,1,1,1,1
Providences 1
Very 1
raise 1,1,1,1,1,1,1,1,1,1,1,1,1,1
quite 1,1,1,1,1
Vigilance 1
Goshen 1,1,1,1,1,1,1,1,1
opening 1
leg 1,1,1,1,1,1,1,1,1,1,1,1,1,1,1,1,1,1,1,1,1,1,1,1,1,1,1,1
Offering 1
perfectly 1,1,1,1,1,1,1,1,1,1,1,1,1,1,1,1,1,1,1,1
situation 1
lazying 1,1
doubt 1
cler 1
verses 1
lection 1
log 1,1,1,1,1,1,1,1,1,1,1,1,1,1,1,1,1,1,1,1,1,1,1,1,1,1,1,1,1,1,1
angels 1
merely 1
means 1,1,1,1,1,1,1,1,1
_with_ 1,1
putrified 1
done 1,1,1,1,1,1,1,1,1,1,1,1,1,1,1,1,1,1,1,1,1,1,1,1,1,1,1,1,1,1,1,1,1,1,1,1,1,1,1,1,1,1,1,1,1,1,1,1,1,1,1,1,1,1,1,1,1,1,1,1,1,1,1,1,1,1,1,1,1,1,1,1,1,1,1,1,1,1,1,1,1,1,1,1,1,1,1,1,1,1,1,1,1,1,1,1,1,1,1,1,1,1,1,1,1,1,1,1,1,1,1,1,1,1,1,1,1,1,1,1,1,1,1,1,1,1,1,1,1,1,1,1,1,1,1,1,1,1,1,1,1,1,1,1,1,1,1,1,1,1,1,1,1,1,1,1,1,1,1,1,1,1,1,1,1,1,1,1,1,1,1,1,1,1,1,1,1,1,1,1,1,1,1,1,1,1,1,1,1,1,1,1,1,1,1,1,1,1,1,1,1,1,1,1,1,1,1,1,1,1,1,1,1,1,1,1,1,1,1,1,1,1,1
pause 1
mathematics 1
principal 1,1,1,1
_just_ 1
Date 1
Second 1,1,1
earn 1
Winn 1
Handcuffs 1
nineteen 1,1,1
mild 1
bile 1,1
Line 1
Nichols 1,1,1,1
touched 1,1,1,1,1,1
club 1
_duty_ 1
Because 1,1,1,1,1,1,1,1,1
With 1,1
obleegd 1
_sense_ 1
shinning 1,1
blacker 1
_knowed_ 1
printer 1
signed 1,1
sense 1,1,1,1,1,1,1,1,1,1,1,1,1,1,1
feel 1,1,1,1,1,1,1,1,1,1,1,1,1,1,1,1,1,1,1,1,1,1,1,1,1,1,1,1,1,1,1,1,1,1,1,1,1,1,1,1,1,1,1
curdling 1
_begged_ 1
prancing 1,1
depend 1,1
branching 1
stripes 1
scornful 1,1
belted 1
stick 1,1,1,1,1,1,1,1,1,1,1,1,1,1,1,1,1,1
scratching 1,1
wonderful 1,1,1,1,1,1,1
drownd 1
into 1,1,1,1,1,1,1,1,1,1,1,1,1,1,1,1,1,1,1,1,1,1,1,1,1,1,1,1,1,1,1,1,1,1,1,1,1,1,1,1,1,1,1,1,1,1,1,1,1,1,1,1,1,1,1,1,1,1,1,1,1,1,1,1,1,1,1,1,1,1,1,1,1,1,1,1,1,1,1,1,1,1,1,1,1,1,1,1,1,1,1,1,1,1,1,1,1,1,1,1,1,1,1,1,1,1,1,1,1,1,1,1,1,1,1,1,1,1,1,1,1,1,1,1,1,1,1,1,1,1,1,1,1,1,1,1,1,1
_How_ 1
swamp 1,1,1,1,1,1
associated 1,1,1,1,1,1,1,1
_give 1
goggles 1
bedroom 1
money 1,1,1,1,1,1,1,1,1,1,1,1,1,1,1,1,1,1,1,1,1,1,1,1,1,1,1,1,1,1,1,1,1,1,1,1,1,1,1,1,1,1,1,1,1,1,1,1,1,1,1,1,1,1,1,1,1,1,1,1,1,1,1,1,1,1,1,1,1,1,1,1,1,1,1,1,1,1,1,1,1,1,1,1,1,1,1,1,1
fingers 1,1,1,1
COME 1
still 1,1,1,1,1,1,1,1,1,1,1,1,1,1,1,1,1,1,1,1,1,1,1,1,1,1,1,1,1,1,1,1,1,1,1,1,1,1,1,1,1,1,1,1,1,1,1,1,1,1,1,1,1,1,1,1,1,1,1,1,1,1,1,1,1,1,1,1,1,1,1,1,1,1,1,1,1,1
shotgun 1
books 1,1,1,1,1,1,1,1,1,1,1,1,1,1,1,1
naturally 1,1,1
writing 1,1,1,1,1,1
bullyrag 1
_whah_ 1
sleeve 1
saphead 1
blubber 1
greens 1,1
WILL 1
June 1
Jump 1,1,1
tods 1,1
sweet 1,1,1,1,1,1,1,1,1,1,1,1
slap 1,1,1
volume 1
Hole 1
Sold 1,1
mistake 1,1,1,1,1,1,1,1,1
_border_ 1
rich 1,1,1,1,1,1,1,1,1,1,1,1,1,1,1,1,1,1,1,1,1,1,1
tackled 1,1,1,1
Just 1,1,1,1,1,1,1,1,1,1,1,1,1
nonnamous 1,1,1,1,1
EVEN 1
pouring 1
Breathes 1
puffed 1
shingle 1,1,1,1,1
Traveling 1
_as_ 1
bureau 1
fended 1
tore 1,1,1,1,1,1,1,1
Begone 1
ring 1,1,1,1,1,1,1,1,1,1
tumbling 1,1
permitted 1,1
ripe 1,1
Lie 1,1
tartar 1
swinging 1,1,1
drops 1,1,1,1
lived 1,1,1,1,1,1,1,1,1,1,1,1,1,1,1,1
_bully_ 1
Otto 1
market 1,1
Lafayettes 1
solemn 1,1,1,1,1,1,1,1,1,1
screamed 1
brickbat 1,1
weigh 1
rocky 1,1
_sot_ 1
Nebokoodneezer 1
thanking 1
Fourth 1,1,1
dipper 1
veil 1
thirds 1
consideration 1
brother 1,1,1,1,1,1,1,1,1,1,1,1,1,1,1,1,1,1,1,1,1,1,1
drifted 1,1
Lordy 1,1
furnace 1
stealthy 1,1
chairs 1,1,1,1,1,1,1,1,1
oar 1,1,1,1,1,1,1
counter 1
Spot 1
whoopin 1
Preachin 1
strings 1,1
gliding 1,1,1,1
hammer 1
trouser 1
Preacher 1
remainders 1,1,1
_Maggiore 1
_families_ 1
unloads 1
waltz 1,1,1
variety 1
one 1,1,1,1,1,1,1,1,1,1,1,1,1,1,1,1,1,1,1,1,1,1,1,1,1,1,1,1,1,1,1,1,1,1,1,1,1,1,1,1,1,1,1,1,1,1,1,1,1,1,1,1,1,1,1,1,1,1,1,1,1,1,1,1,1,1,1,1,1,1,1,1,1,1,1,1,1,1,1,1,1,1,1,1,1,1,1,1,1,1,1,1,1,1,1,1,1,1,1,1,1,1,1,1,1,1,1,1,1,1,1,1,1,1,1,1,1,1,1,1,1,1,1,1,1,1,1,1,1,1,1,1,1,1,1,1,1,1,1,1,1,1,1,1,1,1,1,1,1,1,1,1,1,1,1,1,1,1,1,1,1,1,1,1,1,1,1,1,1,1,1,1,1,1,1,1,1,1,1,1,1,1,1,1,1,1,1,1,1,1,1,1,1,1,1,1,1,1,1,1,1,1,1,1,1,1,1,1,1,1,1,1,1,1,1,1,1,1,1,1,1,1,1,1,1,1,1,1,1,1,1,1,1,1,1,1,1,1,1,1,1,1,1,1,1,1,1,1,1,1,1,1,1,1,1,1,1,1,1,1,1,1,1,1,1,1,1,1,1,1,1,1,1,1,1,1,1,1,1,1,1,1,1,1,1,1,1,1,1,1,1,1,1,1,1,1,1,1,1,1,1,1,1,1,1,1,1,1,1,1,1,1,1,1,1,1,1,1,1,1,1,1,1,1,1,1,1,1,1,1,1,1,1,1,1,1,1,1,1,1,1,1,1,1,1,1,1,1,1,1,1,1,1,1,1,1,1,1,1,1,1,1,1,1,1
whirling 1
buying 1
country 1,1,1,1,1,1,1,1,1,1,1,1,1,1,1,1,1,1,1,1,1,1,1,1,1,1,1,1,1,1,1,1,1,1,1,1,1,1,1
Explains 1,1
DAMAGES 1,1
_hole_ 1
region 1
Whenever 1,1,1
turnip 1,1
none 1,1,1,1,1,1,1,1,1,1,1,1,1,1,1,1,1,1,1,1
asleep 1,1,1,1,1,1,1,1,1,1,1,1,1,1,1,1,1,1,1,1,1,1,1,1,1,1,1,1,1,1,1,1
seized 1
Identity 1
Wiretap 1
ACTUAL 1
our 1,1,1,1,1,1,1,1,1,1,1,1,1,1,1,1,1,1,1,1,1,1,1,1,1,1,1,1,1,1,1,1,1,1,1,1,1,1,1,1,1,1,1,1,1,1,1,1,1,1,1,1,1,1,1,1,1,1,1,1,1,1,1,1,1,1,1,1,1,1,1,1,1,1,1,1,1,1,1,1,1,1,1,1,1,1,1,1,1,1,1,1,1,1,1,1,1,1,1,1,1,1,1,1,1
noon 1,1,1
dare 1
flipped 1
dasn 1,1,1,1,1,1,1,1,1,1,1,1,1
galluses 1
locations 1,1
wild 1,1,1,1,1,1,1,1,1,1,1,1,1,1,1,1,1
calculate 1
squirrels 1
headline 1
shoving 1,1,1
borrowed 1,1,1,1,1,1
Unless 1
remove 1
Over 1
live 1,1,1,1,1,1,1,1,1,1,1,1,1,1,1,1,1,1,1,1,1,1,1,1,1,1,1,1,1,1
spoons 1,1,1,1,1,1,1
Deef 1
pew 1,1,1,1
Deep 1,1
tanned 1
indicating 1
cavortings 1
homely 1
burying 1
judgment 1,1,1,1
mahogany 1
design 1
_something_ 1
_ever_ 1,1
plunder 1
Elder 1
Throw 1
Englishmen 1
giving 1,1,1
pow 1,1
gives 1,1,1,1,1
consulting 1
slides 1,1
disappointed 1,1,1,1
thicket 1,1
Raftsman 1
dronings 1
awhile 1,1,1,1,1,1,1,1,1
barred 1
_make_ 1,1,1
travel 1,1,1,1
BOTS 1
tree 1,1,1,1,1,1,1,1,1,1,1,1,1,1,1,1,1,1,1,1,1
_between_ 1
requirements 1,1,1,1
_very_ 1,1
hearing 1,1
Medicine 1
tale 1,1
outdated 1
train 1
rafter 1
Hang 1
sawed 1,1,1,1,1,1,1,1
Henri 1
_us_ 1,1,1,1,1,1
prettiest 1,1
sont 1
_anybody_ 1,1
creek 1,1,1
practically 1
awning 1,1,1
heart 1,1,1,1,1,1,1,1,1,1,1,1,1,1,1,1,1,1,1,1,1,1,1,1,1,1,1
Spidery 1
contagion 1
Congress 1,1,1
racket 1,1,1,1,1
houn 1
Sister 1,1,1,1,1,1,1,1,1,1,1,1
stirrups 1
fire 1,1,1,1,1,1,1,1,1,1,1,1,1,1,1,1,1,1,1,1,1,1,1,1,1,1,1,1,1,1,1,1
_our_ 1,1
howl 1,1,1,1,1
fiddler 1
Sixteen 1
Ope 1
maidy 1
slept 1,1,1,1,1,1,1,1,1,1,1
father 1,1,1,1,1,1,1,1,1,1,1,1,1,1,1,1,1,1,1,1,1,1,1,1
assistance 1
again 1,1,1,1,1,1,1,1,1,1,1,1,1,1,1,1,1,1,1,1,1,1,1,1,1,1,1,1,1,1,1,1,1,1,1,1,1,1,1,1,1,1,1,1,1,1,1,1,1,1,1,1,1,1,1,1,1,1,1,1,1,1,1,1,1,1,1,1,1,1,1,1,1,1,1,1,1,1,1,1,1,1,1,1,1,1,1,1,1,1,1,1,1,1,1,1,1,1,1,1,1,1,1,1,1,1,1,1,1,1,1,1,1,1,1,1,1,1,1,1,1,1,1,1,1,1,1,1,1,1,1,1,1,1,1,1,1,1,1,1,1,1,1,1,1,1,1,1,1,1,1,1,1,1,1,1,1,1,1,1,1,1,1,1,1,1,1,1,1,1,1,1,1,1,1,1,1,1,1,1,1,1,1,1,1,1,1,1
balcony 1,1
Out 1,1,1,1,1,1,1
_where 1
pride 1
birds 1,1,1,1,1,1,1,1
uniform 1
_when_ 1
slogan 1
tract 1
laughs 1,1
Mercy 1
crept 1,1,1,1,1,1,1,1,1
round 1,1,1,1,1,1,1,1,1,1,1,1,1,1,1,1,1,1,1,1,1,1,1,1,1,1,1
building 1
setting 1,1,1,1,1,1,1,1,1,1,1,1,1,1,1,1,1,1
_baa_ 1,1
spin 1
act 1,1,1,1,1,1
escapes 1,1
smashing 1,1
slouch 1,1,1,1,1,1,1,1
morals 1
duds 1,1
prevent 1
label 1
Shirt 1
eggs 1,1
ain 1,1,1,1,1,1,1,1,1,1,1,1,1,1,1,1,1,1,1,1,1,1,1,1,1,1,1,1,1,1,1,1,1,1,1,1,1,1,1,1,1,1,1,1,1,1,1,1,1,1,1,1,1,1,1,1,1,1,1,1,1,1,1,1,1,1,1,1,1,1,1,1,1,1,1,1,1,1,1,1,1,1,1,1,1,1,1,1,1,1,1,1,1,1,1,1,1,1,1,1,1,1,1,1,1,1,1,1,1,1,1,1,1,1,1,1,1,1,1,1,1,1,1,1,1,1,1,1,1,1,1,1,1,1,1,1,1,1,1,1,1,1,1,1,1,1,1,1,1,1,1,1,1,1,1,1,1,1,1,1,1,1,1,1,1,1,1,1,1,1,1,1,1,1,1,1,1,1,1,1,1,1,1,1,1,1,1,1,1,1,1,1,1,1,1,1,1,1,1,1,1,1,1,1,1,1,1,1,1,1,1,1,1,1,1,1,1,1,1,1,1,1,1,1,1,1,1,1,1,1,1,1,1,1,1,1,1,1,1,1,1,1,1,1,1,1,1,1,1,1,1,1,1,1,1,1,1,1,1,1,1,1,1,1,1,1,1,1,1,1,1,1,1,1,1,1,1,1,1,1,1,1,1,1,1,1,1,1,1,1,1,1,1,1,1,1,1,1,1,1
HAVE 1
spry 1
speak 1,1,1,1,1,1,1,1,1
boat 1,1,1,1,1,1,1,1,1,1,1,1,1,1,1,1,1,1,1,1,1,1,1,1,1,1,1,1,1,1,1,1,1
muleheaded 1
_away_ 1
expense 1,1,1
flabby 1
Widow 1,1,1
burglars 1
catfish 1,1,1,1
Make 1,1
truer 1
are 1,1,1,1,1,1,1,1,1,1,1,1,1,1,1,1,1,1,1,1,1,1,1,1,1,1,1,1,1,1,1,1,1,1,1,1,1,1,1,1,1,1,1,1,1,1,1,1,1,1,1,1,1,1,1,1,1,1,1,1,1,1,1,1,1,1,1,1,1,1,1,1,1,1,1,1,1
captive 1
pglaf 1
call 1,1,1,1,1,1,1,1,1,1,1,1,1,1,1,1,1,1,1,1,1,1,1,1,1,1,1
ourn 1,1,1,1,1
palace 1,1,1,1,1,1,1
Christmas 1,1
Step 1
kicking 1
_again_ 1,1,1,1
yard 1,1,1,1,1,1,1,1,1,1,1
nary 1
case 1,1,1,1,1,1,1,1,1,1,1,1,1,1,1
dared 1
display 1
aggravate 1
yarn 1,1,1,1,1,1
_think_ 1,1,1,1
bout 1,1,1,1,1,1,1,1,1,1,1,1,1,1,1,1,1,1,1,1,1,1,1,1,1,1,1,1,1,1,1,1,1,1,1,1,1,1,1,1,1,1,1,1,1
handwritings 1
kind 1,1,1,1,1,1,1,1,1,1,1,1,1,1,1,1,1,1,1,1,1,1,1,1,1,1,1,1,1,1,1,1,1,1,1,1,1,1,1,1,1,1,1,1,1,1,1,1,1,1,1,1,1,1,1,1,1,1,1,1,1,1,1,1,1,1,1,1,1,1,1,1,1,1,1,1,1,1,1,1,1,1,1,1,1,1,1,1,1,1,1,1,1,1,1,1,1,1,1,1,1,1,1,1,1,1,1,1,1,1,1,1,1,1,1,1,1,1,1,1,1,1,1,1,1,1,1,1,1,1,1,1,1,1,1,1,1
contumely 1
sad 1,1,1
timbered 1
favor 1
hopper 1,1,1,1
Stop 1
kiss 1,1,1,1,1,1,1,1,1
hussy 1
scarcity 1
dear 1,1,1,1,1,1,1,1,1,1,1,1,1,1,1,1
set 1,1,1,1,1,1,1,1,1,1,1,1,1,1,1,1,1,1,1,1,1,1,1,1,1,1,1,1,1,1,1,1,1,1,1,1,1,1,1,1,1,1,1,1,1,1,1,1,1,1,1,1,1,1,1,1,1,1,1,1,1,1,1,1,1,1,1,1,1,1,1,1,1,1,1,1,1,1,1,1,1,1,1,1,1,1,1,1,1,1,1,1,1,1,1,1,1,1,1,1,1,1,1,1,1,1,1,1,1,1,1,1,1,1,1,1,1,1,1,1,1,1,1,1,1,1,1,1,1,1,1,1,1,1,1,1,1,1,1,1,1,1,1,1,1
quilts 1
river 1,1,1,1,1,1,1,1,1,1,1,1,1,1,1,1,1,1,1,1,1,1,1,1,1,1,1,1,1,1,1,1,1,1,1,1,1,1,1,1,1,1,1,1,1,1,1,1,1,1,1,1,1,1,1,1,1,1,1,1,1,1,1,1,1,1,1,1,1,1,1,1,1,1,1,1,1,1,1,1,1,1,1,1,1,1,1,1,1,1,1,1,1,1,1,1,1,1,1,1,1,1,1,1,1,1,1,1,1,1,1,1,1,1,1,1,1,1,1,1,1,1,1,1,1,1,1,1,1,1,1,1,1,1,1,1,1,1,1,1
astonished 1,1,1
subscriptions 1
beg 1
faithfuller 1
little 1,1,1,1,1,1,1,1,1,1,1,1,1,1,1,1,1,1,1,1,1,1,1,1,1,1,1,1,1,1,1,1,1,1,1,1,1,1,1,1,1,1,1,1,1,1,1,1,1,1,1,1,1,1,1,1,1,1,1,1,1,1,1,1,1,1,1,1,1,1,1,1,1,1,1,1,1,1,1,1,1,1,1,1,1,1,1,1,1,1,1,1,1,1,1,1,1,1,1,1,1,1,1,1,1,1,1,1,1,1,1,1,1,1,1,1,1,1,1,1,1,1,1,1,1,1,1,1,1,1,1,1,1,1,1,1,1,1,1,1,1,1,1,1,1,1,1,1,1,1,1,1,1,1,1,1,1,1,1,1,1,1,1,1,1,1,1,1,1,1,1,1,1,1,1,1,1,1,1,1,1,1,1,1,1,1,1,1,1,1,1,1,1,1,1,1,1,1,1,1,1
deed 1,1,1,1
Robinson 1,1,1,1,1,1
stroke 1,1
mesmerizing 1
satisfied 1,1,1,1,1,1,1,1,1,1,1,1,1,1,1,1,1,1,1,1,1,1,1,1,1,1
parrot 1
towhead 1,1,1,1,1,1,1,1,1,1,1,1,1,1,1,1
_dey_ 1,1
viewed 1
clews 1
change 1,1,1,1,1,1,1,1,1,1,1,1
sot 1,1,1,1
snatched 1,1
ANY 1,1,1
ripped 1,1,1
dwelling 1
Sections 1
geography 1
deny 1,1,1
crawled 1,1,1,1,1,1,1,1,1,1
mission 1,1,1
mongst 1,1
sun 1,1,1,1,1,1,1,1,1,1,1,1,1,1,1,1,1,1
Packard 1,1,1,1,1,1,1
wished 1,1,1,1,1,1,1,1,1,1,1,1,1,1,1,1,1,1
Territory 1,1,1,1
horseshoe 1,1
General 1,1,1,1,1
Rubbage 1
fooling 1,1,1,1,1,1,1,1,1,1,1,1
magicians 1,1
streets 1,1,1,1,1
_sawed_ 1
inches 1,1,1,1
road 1,1,1,1,1,1,1,1,1,1,1,1,1,1,1,1,1,1,1,1,1,1,1,1,1,1,1,1,1,1
weather 1,1,1,1,1,1,1,1,1,1,1,1
_please_ 1,1
spiling 1
somewheres 1,1,1,1,1,1,1,1,1,1,1
Hanner 1
Matilda 1
realms 1
Rail 1
cat 1,1,1,1,1,1,1,1,1,1,1,1,1,1,1,1,1,1,1,1,1
arter 1,1,1,1,1
cabins 1,1,1,1,1
hurrying 1,1
rascality 1
