shooting 1,1
Eventually 1
conceal 1,1,1,1,1
spreading 1
incites 1
1 1,1,1,1,1,1,1,1,1,1,1,1,1,1,1,1,1,1,1,1,1,1,1,1,1,1,1,1,1,1,1,1,1,1,1,1,1,1,1,1,1,1,1,1,1
neatness 1
rounded 1
telling 1,1,1,1,1,1
turf 1
glade 1
E 1,1,1,1,1,1,1,1,1,1,1,1,1,1,1,1,1,1,1,1,1,1,1
O 1
barricade 1
c 1,1,1,1,1
artistic 1,1
m 1,1,1,1
motioned 1
obvious 1,1,1,1,1,1,1,1,1,1,1,1,1,1,1,1,1,1,1,1,1,1,1,1,1,1,1,1,1
straining 1
empty 1,1,1,1,1,1,1,1,1,1
laugh 1,1,1,1,1,1,1
suspecting 1,1
disguised 1
sank 1,1,1,1,1,1
permit 1
Imitated 1
braving 1
rending 1,1
Wilton 1
buckles 1
hypertext 1
top 1,1,1,1,1,1,1,1,1,1,1,1,1,1
casting 1
Fairbanks 1
spirit 1
reclaim 1
representative 1
actress 1
unenforceability 1
direction 1,1,1,1,1,1,1,1,1,1,1,1,1,1,1,1,1,1,1
undated 1
impatience 1,1
respond 1
witted 1,1
tut 1,1,1,1,1,1
refrain 1
Then 1,1,1,1,1,1,1,1,1,1,1,1,1,1,1,1,1,1,1,1,1,1,1,1,1,1,1,1,1,1,1,1,1,1,1,1,1,1,1,1,1,1,1,1,1,1,1,1,1,1,1,1,1,1,1,1,1,1,1,1,1,1,1,1,1,1,1,1,1,1,1,1,1,1,1,1,1,1,1,1,1,1,1,1,1,1,1,1,1,1,1,1,1,1,1,1,1,1,1,1,1,1,1,1,1,1,1,1,1,1,1,1,1,1,1,1,1,1,1,1,1,1,1,1,1,1,1,1,1,1,1,1,1,1,1
249 1
reporter 1
dying 1,1,1,1,1,1,1,1,1
deception 1
ultimate 1
26s 1
overhauled 1
listless 1,1
trains 1
dates 1,1,1,1
clink 1,1
daresay 1,1
shown 1,1,1,1,1,1,1,1,1,1,1,1,1,1,1,1,1,1,1,1
exceedingly 1,1,1,1,1,1,1,1,1,1,1
third 1,1,1,1,1,1,1,1,1,1,1,1,1,1,1
possible 1,1,1,1,1,1,1,1,1,1,1,1,1,1,1,1,1,1,1,1,1,1,1,1,1,1,1,1,1,1,1,1,1,1,1,1,1,1,1,1,1,1,1,1,1,1,1,1,1,1
borrow 1
confectioner 1
Heavy 1
dangerously 1
fears 1,1,1,1,1
$5 1
possibly 1,1,1,1,1,1,1,1,1,1,1,1
Doyle 1,1,1
knots 1,1
reared 1
attempt 1,1,1,1,1,1,1,1,1,1
December 1,1
curve 1,1
stamp 1
Altogether 1
mail 1,1,1
Swan 1,1
grain 1
includes 1
establishment 1
cheating 1
Walk 1
transformer 1
constable 1,1
intensity 1
LIABILITY 1
furtive 1
sober 1
worlds 1
examine 1,1,1,1,1,1
Prussian 1
30 1,1,1,1,1,1,1
But 1,1,1,1,1,1,1,1,1,1,1,1,1,1,1,1,1,1,1,1,1,1,1,1,1,1,1,1,1,1,1,1,1,1,1,1,1,1,1,1,1,1,1,1,1,1,1,1,1,1,1,1,1,1,1,1,1,1,1,1,1,1,1,1,1,1,1,1,1,1,1,1,1,1,1,1,1,1,1,1,1,1,1,1,1,1,1,1,1,1,1,1,1,1,1,1,1,1,1,1,1,1,1,1,1,1,1,1,1,1,1,1,1,1,1,1,1,1,1,1,1,1,1,1,1,1,1,1,1,1,1,1,1,1,1,1,1,1,1,1,1,1,1,1,1,1,1,1,1,1,1,1,1,1,1,1,1,1,1,1,1,1,1,1,1,1,1,1,1,1,1,1,1,1,1,1,1,1,1,1,1,1
stay 1,1,1,1,1,1,1,1
eyeglasses 1
devote 1,1
seller 1
palpitating 1,1
surprise 1,1,1,1,1,1,1,1,1,1,1,1,1,1,1,1
blanche 1,1
converse 1
speed 1
marm 1
85 1,1,1
reabsorbed 1
spotted 1,1,1
loss 1,1,1,1,1,1,1,1,1,1
relate 1
sterner 1
tattoo 1
rickety 1
theory 1,1,1,1,1,1,1,1,1
unwise 1
Doctor 1,1,1,1,1,1,1,1,1,1,1,1,1,1,1,1,1,1,1,1
vex 1
provision 1,1
commence 1,1,1,1
Chief 1
platform 1,1,1,1
walking 1,1,1,1,1,1,1,1,1,1,1,1,1,1
advantage 1,1,1,1,1,1
whispered 1,1,1,1,1,1,1,1,1,1,1,1,1,1,1,1
unlink 1
exception 1,1
absent 1
sleepily 1
humbler 1
Ah 1,1,1,1,1,1,1,1,1,1,1,1,1,1,1,1,1,1,1,1,1,1,1,1,1,1,1,1,1,1,1,1
The 1,1,1,1,1,1,1,1,1,1,1,1,1,1,1,1,1,1,1,1,1,1,1,1,1,1,1,1,1,1,1,1,1,1,1,1,1,1,1,1,1,1,1,1,1,1,1,1,1,1,1,1,1,1,1,1,1,1,1,1,1,1,1,1,1,1,1,1,1,1,1,1,1,1,1,1,1,1,1,1,1,1,1,1,1,1,1,1,1,1,1,1,1,1,1,1,1,1,1,1,1,1,1,1,1,1,1,1,1,1,1,1,1,1,1,1,1,1,1,1,1,1,1,1,1,1,1,1,1,1,1,1,1,1,1,1,1,1,1,1,1,1,1,1,1,1,1,1,1,1,1,1,1,1,1,1,1,1,1,1,1,1,1,1,1,1,1,1,1,1,1,1,1,1,1,1,1,1,1,1,1,1,1,1,1,1,1,1,1,1,1,1,1,1,1,1,1,1,1,1,1,1,1,1,1,1,1,1,1,1,1,1,1,1,1,1,1,1,1,1,1,1,1,1,1,1,1,1,1,1,1,1,1,1,1,1,1,1,1,1,1,1,1,1,1,1,1,1,1,1,1,1,1,1,1,1,1,1,1,1,1,1,1,1,1,1,1,1,1,1,1,1,1,1,1,1,1,1,1,1,1,1,1,1,1,1,1,1,1,1,1,1,1,1,1,1,1,1,1,1,1,1,1,1,1,1,1,1,1,1,1,1,1,1,1,1,1,1,1,1,1,1,1,1,1,1,1,1,1,1,1,1,1,1,1,1,1,1,1,1,1,1,1,1,1,1,1,1,1,1,1,1,1,1,1,1,1
stump 1,1,1
musician 1
dreary 1
rounds 1
official 1,1,1,1,1,1,1,1,1,1,1,1,1,1,1
melon 1
De 1
Do 1,1,1,1,1,1,1,1,1,1,1,1,1,1,1,1,1,1,1,1,1,1,1,1,1,1,1,1,1,1,1,1,1,1,1,1
typewriter 1,1,1
syllables 1
finely 1
von 1,1
lines 1,1,1,1,1,1
GUTENBERG 1,1,1,1
betray 1
happens 1,1
newly 1,1,1,1,1
Ha 1,1,1,1,1,1,1,1,1,1,1,1,1,1,1,1,1,1
proceedings 1,1,1
shape 1,1,1,1,1,1,1
IV 1,1
graver 1
It 1,1,1,1,1,1,1,1,1,1,1,1,1,1,1,1,1,1,1,1,1,1,1,1,1,1,1,1,1,1,1,1,1,1,1,1,1,1,1,1,1,1,1,1,1,1,1,1,1,1,1,1,1,1,1,1,1,1,1,1,1,1,1,1,1,1,1,1,1,1,1,1,1,1,1,1,1,1,1,1,1,1,1,1,1,1,1,1,1,1,1,1,1,1,1,1,1,1,1,1,1,1,1,1,1,1,1,1,1,1,1,1,1,1,1,1,1,1,1,1,1,1,1,1,1,1,1,1,1,1,1,1,1,1,1,1,1,1,1,1,1,1,1,1,1,1,1,1,1,1,1,1,1,1,1,1,1,1,1,1,1,1,1,1,1,1,1,1,1,1,1,1,1,1,1,1,1,1,1,1,1,1,1,1,1,1,1,1,1,1,1,1,1,1,1,1,1,1,1,1,1,1,1,1,1,1,1,1,1,1,1,1,1,1,1,1,1,1,1,1,1,1,1,1,1,1,1,1,1,1,1,1,1,1,1,1,1,1,1,1,1,1,1,1,1,1,1,1,1,1,1,1,1,1,1,1,1,1,1,1,1,1,1,1,1,1,1,1,1,1,1,1,1,1,1,1,1,1,1,1,1,1,1,1,1,1,1,1,1,1,1,1,1,1,1,1,1,1,1,1,1,1,1,1,1,1,1,1,1,1,1,1,1,1,1,1,1,1,1,1,1,1,1,1,1,1,1,1,1,1,1,1,1,1,1,1,1,1,1,1,1,1,1,1,1,1,1,1,1,1,1,1,1,1,1,1,1,1,1,1,1,1,1,1,1,1,1,1,1,1,1,1,1,1,1,1,1,1,1,1,1,1,1,1,1,1,1,1,1,1,1,1,1,1,1,1,1,1,1,1,1,1,1,1,1,1,1,1,1,1,1,1,1,1,1,1,1,1,1,1,1,1,1,1,1,1,1,1,1,1,1,1,1,1,1,1,1,1,1,1,1,1,1,1,1,1
rights 1,1,1
chairman 1,1
hoarsely 1
Try 1
MR 1,1,1
brass 1,1,1,1
driving 1,1,1,1,1,1,1
elderly 1,1,1,1
OF 1,1,1,1,1,1,1,1,1,1,1,1,1,1,1,1,1,1,1,1
No 1,1,1,1,1,1,1,1,1,1,1,1,1,1,1,1,1,1,1,1,1,1,1,1,1,1,1,1,1,1,1,1,1,1,1,1,1,1,1,1,1,1,1,1,1,1,1,1,1,1,1,1,1,1,1,1,1,1,1,1,1,1,1,1,1,1,1,1,1,1,1,1,1,1,1,1,1,1,1,1,1,1,1,1,1,1,1,1,1,1,1
On 1,1,1,1,1,1,1,1,1,1,1,1,1,1,1,1,1,1,1,1,1,1,1,1,1,1,1,1,1,1,1,1,1,1,1,1,1,1,1,1,1,1,1,1
represented 1,1
blotting 1,1
indemnify 1
magician 1
disregarding 1
black 1,1,1,1,1,1,1,1,1,1,1,1,1,1,1,1,1,1,1,1,1,1,1,1,1,1,1,1,1,1,1,1,1,1,1,1,1,1,1,1,1,1,1,1,1,1,1,1
gras 1
exacting 1
St 1,1,1,1,1,1,1,1,1,1,1,1,1,1,1,1,1,1,1,1,1,1,1,1,1,1,1,1,1,1,1,1,1,1,1,1,1,1,1,1,1,1,1,1,1,1,1,1,1,1,1,1,1,1,1,1,1,1,1,1,1,1,1,1,1,1,1,1,1,1,1,1,1,1,1,1,1,1,1,1,1
deposes 1
UT 1
superb 1
duplicate 1
expressions 1
Awake 1
limps 1
VI 1,1
blotched 1
Irene 1,1,1,1,1,1,1,1,1,1,1,1,1,1,1,1
central 1,1,1,1
trademark 1,1,1,1,1,1,1,1,1
green 1,1,1,1,1,1
grey 1,1,1,1,1,1,1,1,1,1,1,1,1,1,1,1,1,1,1,1,1,1,1,1
Within 1,1,1
fad 1
taxes 1
rested 1,1,1
study 1,1,1,1,1,1,1
climate 1
staggering 1
arrest 1,1,1,1,1
discontent 1
foie 1
padlocked 1
strain 1,1
heirs 1
hangs 1,1
sunk 1,1,1,1,1,1,1,1,1
personally 1,1,1,1
outside 1,1,1,1,1,1,1,1,1,1,1,1,1,1,1,1,1,1,1,1,1,1,1,1,1
volley 1
cashier 1,1
gale 1,1,1,1
craggy 1
visit 1,1,1,1,1,1,1,1,1,1,1,1
denied 1,1,1
rake 1
gaol 1,1,1
greeting 1,1,1,1
honest 1
doubts 1,1,1,1,1
yonder 1
formed 1,1,1,1,1,1,1,1,1,1,1
Lordship 1
be 1,1,1,1,1,1,1,1,1,1,1,1,1,1,1,1,1,1,1,1,1,1,1,1,1,1,1,1,1,1,1,1,1,1,1,1,1,1,1,1,1,1,1,1,1,1,1,1,1,1,1,1,1,1,1,1,1,1,1,1,1,1,1,1,1,1,1,1,1,1,1,1,1,1,1,1,1,1,1,1,1,1,1,1,1,1,1,1,1,1,1,1,1,1,1,1,1,1,1,1,1,1,1,1,1,1,1,1,1,1,1,1,1,1,1,1,1,1,1,1,1,1,1,1,1,1,1,1,1,1,1,1,1,1,1,1,1,1,1,1,1,1,1,1,1,1,1,1,1,1,1,1,1,1,1,1,1,1,1,1,1,1,1,1,1,1,1,1,1,1,1,1,1,1,1,1,1,1,1,1,1,1,1,1,1,1,1,1,1,1,1,1,1,1,1,1,1,1,1,1,1,1,1,1,1,1,1,1,1,1,1,1,1,1,1,1,1,1,1,1,1,1,1,1,1,1,1,1,1,1,1,1,1,1,1,1,1,1,1,1,1,1,1,1,1,1,1,1,1,1,1,1,1,1,1,1,1,1,1,1,1,1,1,1,1,1,1,1,1,1,1,1,1,1,1,1,1,1,1,1,1,1,1,1,1,1,1,1,1,1,1,1,1,1,1,1,1,1,1,1,1,1,1,1,1,1,1,1,1,1,1,1,1,1,1,1,1,1,1,1,1,1,1,1,1,1,1,1,1,1,1,1,1,1,1,1,1,1,1,1,1,1,1,1,1,1,1,1,1,1,1,1,1,1,1,1,1,1,1,1,1,1,1,1,1,1,1,1,1,1,1,1,1,1,1,1,1,1,1,1,1,1,1,1,1,1,1,1,1,1,1,1,1,1,1,1,1,1,1,1,1,1,1,1,1,1,1,1,1,1,1,1,1,1,1,1,1,1,1,1,1,1,1,1,1,1,1,1,1,1,1,1,1,1,1,1,1,1,1,1,1,1,1,1,1,1,1,1,1,1,1,1,1,1,1,1,1,1,1,1,1,1,1,1,1,1,1,1,1,1,1,1,1,1,1,1,1,1,1,1,1,1,1,1,1,1,1,1,1,1,1,1,1,1,1,1,1,1,1,1,1,1,1,1,1,1,1,1,1,1,1,1,1,1,1,1,1,1,1,1,1,1,1,1,1,1,1,1,1,1,1,1,1,1,1,1,1,1,1,1,1,1,1,1,1,1,1,1,1,1,1,1,1,1,1,1,1,1,1,1,1,1,1,1,1,1,1,1,1,1,1,1,1,1,1,1,1,1,1,1,1,1,1,1,1,1,1,1,1,1,1,1,1,1,1,1,1,1,1,1,1,1,1,1,1,1,1,1,1,1,1,1,1,1,1,1,1,1,1,1,1,1,1,1,1,1,1,1,1,1,1,1,1,1,1,1,1,1,1,1,1,1
rapt 1
excitable 1
virus 1
masonry 1
by 1,1,1,1,1,1,1,1,1,1,1,1,1,1,1,1,1,1,1,1,1,1,1,1,1,1,1,1,1,1,1,1,1,1,1,1,1,1,1,1,1,1,1,1,1,1,1,1,1,1,1,1,1,1,1,1,1,1,1,1,1,1,1,1,1,1,1,1,1,1,1,1,1,1,1,1,1,1,1,1,1,1,1,1,1,1,1,1,1,1,1,1,1,1,1,1,1,1,1,1,1,1,1,1,1,1,1,1,1,1,1,1,1,1,1,1,1,1,1,1,1,1,1,1,1,1,1,1,1,1,1,1,1,1,1,1,1,1,1,1,1,1,1,1,1,1,1,1,1,1,1,1,1,1,1,1,1,1,1,1,1,1,1,1,1,1,1,1,1,1,1,1,1,1,1,1,1,1,1,1,1,1,1,1,1,1,1,1,1,1,1,1,1,1,1,1,1,1,1,1,1,1,1,1,1,1,1,1,1,1,1,1,1,1,1,1,1,1,1,1,1,1,1,1,1,1,1,1,1,1,1,1,1,1,1,1,1,1,1,1,1,1,1,1,1,1,1,1,1,1,1,1,1,1,1,1,1,1,1,1,1,1,1,1,1,1,1,1,1,1,1,1,1,1,1,1,1,1,1,1,1,1,1,1,1,1,1,1,1,1,1,1,1,1,1,1,1,1,1,1,1,1,1,1,1,1,1,1,1,1,1,1,1,1,1,1,1,1,1,1,1,1,1,1,1,1,1,1,1,1,1,1,1,1,1,1,1,1,1,1,1,1,1
keeping 1,1,1,1,1,1
interview 1,1,1,1,1,1
freely 1,1,1,1,1,1,1,1,1,1
gash 1
marble 1
perhaps 1,1,1,1,1,1,1,1,1,1,1,1,1,1,1,1,1,1,1,1,1,1,1,1,1,1,1,1,1,1,1,1,1,1,1,1,1,1,1,1,1,1,1,1,1,1,1
placed 1,1,1,1,1,1,1,1,1,1,1,1,1,1,1,1,1,1,1
easily 1,1,1,1,1,1,1,1,1,1,1
Don 1,1,1,1,1
schemer 1
glints 1
alteration 1
gave 1,1,1,1,1,1,1,1,1,1,1,1,1,1,1,1,1,1,1,1,1,1,1,1,1,1,1,1,1,1,1,1,1,1,1,1,1,1,1,1,1,1,1,1,1,1
Division 1
knee 1,1,1,1,1,1,1
disposition 1,1,1,1,1,1
fattened 1,1
political 1,1
possessed 1,1,1
City 1,1,1,1,1,1,1,1,1,1,1,1,1,1,1,1
Mauritius 1
disc 1
whine 1
Globe 1
rescue 1
cousin 1,1,1
pa 1,1,1,1,1,1,1,1
stretching 1,1,1
extremely 1,1,1,1,1,1
seat 1,1,1,1,1,1,1,1,1,1,1
unobservant 1
necessary 1,1,1,1,1
Melbourne 1
up 1,1,1,1,1,1,1,1,1,1,1,1,1,1,1,1,1,1,1,1,1,1,1,1,1,1,1,1,1,1,1,1,1,1,1,1,1,1,1,1,1,1,1,1,1,1,1,1,1,1,1,1,1,1,1,1,1,1,1,1,1,1,1,1,1,1,1,1,1,1,1,1,1,1,1,1,1,1,1,1,1,1,1,1,1,1,1,1,1,1,1,1,1,1,1,1,1,1,1,1,1,1,1,1,1,1,1,1,1,1,1,1,1,1,1,1,1,1,1,1,1,1,1,1,1,1,1,1,1,1,1,1,1,1,1,1,1,1,1,1,1,1,1,1,1,1,1,1,1,1,1,1,1,1,1,1,1,1,1,1,1,1,1,1,1,1,1,1,1,1,1,1,1,1,1,1,1,1,1,1,1,1,1,1,1,1,1,1,1,1,1,1,1,1,1,1,1,1,1,1,1,1,1,1,1,1,1,1,1,1,1,1,1,1,1,1,1,1,1,1,1,1,1,1,1,1,1,1,1,1,1,1,1,1,1,1,1,1,1,1,1,1,1,1,1,1,1,1,1,1,1,1,1,1,1,1,1,1,1,1,1,1,1,1,1,1,1,1,1,1,1,1,1,1,1,1,1,1,1,1,1,1,1,1,1,1,1,1,1,1,1,1,1,1,1,1,1,1,1,1,1,1,1,1
ve 1,1,1,1,1,1,1,1,1,1,1,1,1,1
Theological 1
previous 1,1,1,1,1,1,1
vacancies 1,1
uncovered 1
demurely 1
precautions 1
course 1,1,1,1,1,1,1,1,1,1,1,1,1,1,1,1,1,1,1,1,1,1,1,1,1,1,1,1,1,1,1,1,1,1,1,1,1,1,1,1,1,1,1,1,1,1,1,1,1,1,1,1,1,1,1,1,1,1,1,1
sally 1
Devonshire 1
criminal 1,1,1,1,1,1,1,1
brace 1
judged 1
Zealand 1
addressed 1,1
herd 1
pattered 1,1
youth 1,1,1,1,1,1,1
Omne 1
much 1,1,1,1,1,1,1,1,1,1,1,1,1,1,1,1,1,1,1,1,1,1,1,1,1,1,1,1,1,1,1,1,1,1,1,1,1,1,1,1,1,1,1,1,1,1,1,1,1,1,1,1,1,1,1,1,1,1,1,1,1,1,1,1,1,1,1,1,1,1,1,1,1,1,1,1,1,1,1,1,1,1,1,1,1,1,1,1,1,1,1,1,1,1,1,1,1,1,1,1,1,1,1,1,1,1,1,1,1,1,1,1,1,1,1,1,1,1,1,1,1
12th 1
weekly 1
ruined 1,1
veins 1,1,1
returned 1,1,1,1,1,1,1,1,1,1,1,1,1,1,1,1,1,1,1,1,1,1,1,1,1,1,1,1,1,1,1,1,1,1,1,1
adopted 1,1
reports 1,1
sworn 1,1
possessions 1
ambition 1
contributed 1
area 1
success 1,1,1,1,1,1,1,1,1,1
remarked 1,1,1,1,1,1,1,1,1,1,1,1,1,1,1,1,1,1,1,1,1,1,1,1,1,1,1,1,1,1,1,1,1,1,1,1,1,1,1,1,1,1,1,1,1,1,1,1,1,1,1,1,1,1,1,1,1,1,1,1,1,1,1,1
End 1,1,1
obsolete 1
reasoner 1,1,1,1,1,1
departed 1,1
Underground 1,1
Manor 1,1
John 1,1,1,1,1,1,1,1,1,1,1,1,1,1,1,1,1,1,1,1,1,1,1,1,1,1
minutely 1,1,1
entire 1
wrist 1,1,1,1,1,1,1,1,1
vigorously 1,1,1
gum 1
Finally 1,1,1,1
larger 1,1,1,1,1,1,1
native 1,1
lingering 1
chronicle 1,1,1
rejoin 1
whether 1,1,1,1,1,1,1,1,1,1,1,1,1,1,1,1,1,1,1,1,1,1,1,1,1,1,1,1,1,1,1,1,1,1,1,1,1,1,1,1,1,1,1
beneath 1,1,1,1,1,1,1,1,1,1
Public 1,1
resolute 1,1,1
wriggled 1
countryside 1,1
darting 1
thinks 1,1,1,1
difference 1,1,1
Kate 1,1,1,1
Once 1,1
secure 1,1,1,1,1,1,1,1,1,1,1
alternation 1
buttoned 1,1,1,1,1
warm 1,1,1
Was 1,1,1,1,1,1,1,1,1,1,1,1,1,1,1,1,1,1
buzz 1
heh 1
her 1,1,1,1,1,1,1,1,1,1,1,1,1,1,1,1,1,1,1,1,1,1,1,1,1,1,1,1,1,1,1,1,1,1,1,1,1,1,1,1,1,1,1,1,1,1,1,1,1,1,1,1,1,1,1,1,1,1,1,1,1,1,1,1,1,1,1,1,1,1,1,1,1,1,1,1,1,1,1,1,1,1,1,1,1,1,1,1,1,1,1,1,1,1,1,1,1,1,1,1,1,1,1,1,1,1,1,1,1,1,1,1,1,1,1,1,1,1,1,1,1,1,1,1,1,1,1,1,1,1,1,1,1,1,1,1,1,1,1,1,1,1,1,1,1,1,1,1,1,1,1,1,1,1,1,1,1,1,1,1,1,1,1,1,1,1,1,1,1,1,1,1,1,1,1,1,1,1,1,1,1,1,1,1,1,1,1,1,1,1,1,1,1,1,1,1,1,1,1,1,1,1,1,1,1,1,1,1,1,1,1,1,1,1,1,1,1,1,1,1,1,1,1,1,1,1,1,1,1,1,1,1,1,1,1,1,1,1,1,1,1,1,1,1,1,1,1,1,1,1,1,1,1,1,1,1,1,1,1,1,1,1,1,1,1,1,1,1,1,1,1,1,1,1,1,1,1,1,1,1,1,1,1,1,1,1,1,1,1,1,1,1,1,1,1,1,1,1,1,1,1,1,1,1,1,1,1,1,1,1,1,1,1,1,1,1,1,1,1,1,1,1,1,1,1,1,1,1,1,1,1,1,1,1,1,1,1,1,1,1,1,1,1,1,1,1,1,1,1,1,1,1,1,1,1,1,1,1,1,1,1,1,1,1,1,1,1,1,1,1,1,1,1,1,1,1,1,1,1,1,1,1,1,1,1,1,1,1,1,1,1,1,1,1,1,1,1,1,1,1,1,1,1,1,1,1,1,1,1,1,1,1,1,1,1,1
laws 1,1,1,1,1,1,1,1
having 1,1,1,1,1,1,1,1,1,1,1,1,1,1,1,1,1,1,1,1,1,1,1,1,1,1,1,1,1,1,1,1,1,1,1,1,1,1,1,1,1,1,1,1,1,1,1,1,1,1,1,1,1,1,1,1,1,1
doubled 1
ledger 1,1,1
editor 1
chair 1,1,1,1,1,1,1,1,1,1,1,1,1,1,1,1,1,1,1,1,1,1,1,1,1,1,1,1,1,1,1,1,1,1,1,1,1,1,1,1,1,1,1,1,1,1,1,1,1,1,1,1,1,1,1,1,1,1,1,1,1,1
Alicia 1
hid 1
before 1,1,1,1,1,1,1,1,1,1,1,1,1,1,1,1,1,1,1,1,1,1,1,1,1,1,1,1,1,1,1,1,1,1,1,1,1,1,1,1,1,1,1,1,1,1,1,1,1,1,1,1,1,1,1,1,1,1,1,1,1,1,1,1,1,1,1,1,1,1,1,1,1,1,1,1,1,1,1,1,1,1,1,1,1,1,1,1,1,1,1,1,1,1,1,1,1,1,1,1,1,1,1,1,1,1,1,1,1,1,1,1,1,1,1,1,1,1,1,1,1,1,1,1,1,1,1,1,1,1,1,1,1,1,1,1,1,1,1,1,1,1,1,1,1,1,1,1,1,1,1,1,1,1,1,1,1,1,1,1,1,1,1,1
square 1,1,1,1,1,1,1,1,1,1
tenable 1
you 1,1,1,1,1,1,1,1,1,1,1,1,1,1,1,1,1,1,1,1,1,1,1,1,1,1,1,1,1,1,1,1,1,1,1,1,1,1,1,1,1,1,1,1,1,1,1,1,1,1,1,1,1,1,1,1,1,1,1,1,1,1,1,1,1,1,1,1,1,1,1,1,1,1,1,1,1,1,1,1,1,1,1,1,1,1,1,1,1,1,1,1,1,1,1,1,1,1,1,1,1,1,1,1,1,1,1,1,1,1,1,1,1,1,1,1,1,1,1,1,1,1,1,1,1,1,1,1,1,1,1,1,1,1,1,1,1,1,1,1,1,1,1,1,1,1,1,1,1,1,1,1,1,1,1,1,1,1,1,1,1,1,1,1,1,1,1,1,1,1,1,1,1,1,1,1,1,1,1,1,1,1,1,1,1,1,1,1,1,1,1,1,1,1,1,1,1,1,1,1,1,1,1,1,1,1,1,1,1,1,1,1,1,1,1,1,1,1,1,1,1,1,1,1,1,1,1,1,1,1,1,1,1,1,1,1,1,1,1,1,1,1,1,1,1,1,1,1,1,1,1,1,1,1,1,1,1,1,1,1,1,1,1,1,1,1,1,1,1,1,1,1,1,1,1,1,1,1,1,1,1,1,1,1,1,1,1,1,1,1,1,1,1,1,1,1,1,1,1,1,1,1,1,1,1,1,1,1,1,1,1,1,1,1,1,1,1,1,1,1,1,1,1,1,1,1,1,1,1,1,1,1,1,1,1,1,1,1,1,1,1,1,1,1,1,1,1,1,1,1,1,1,1,1,1,1,1,1,1,1,1,1,1,1,1,1,1,1,1,1,1,1,1,1,1,1,1,1,1,1,1,1,1,1,1,1,1,1,1,1,1,1,1,1,1,1,1,1,1,1,1,1,1,1,1,1,1,1,1,1,1,1,1,1,1,1,1,1,1,1,1,1,1,1,1,1,1,1,1,1,1,1,1,1,1,1,1,1,1,1,1,1,1,1,1,1,1,1,1,1,1,1,1,1,1,1,1,1,1,1,1,1,1,1,1,1,1,1,1,1,1,1,1,1,1,1,1,1,1,1,1,1,1,1,1,1,1,1,1,1,1,1,1,1,1,1,1,1,1,1,1,1,1,1,1,1,1,1,1,1,1,1,1,1,1,1,1,1,1,1,1,1,1,1,1,1,1,1,1,1,1,1,1,1,1,1,1,1,1,1,1,1,1,1,1,1,1,1,1,1,1,1,1,1,1,1,1,1,1,1,1,1,1,1,1,1,1,1,1,1,1,1,1,1,1,1,1,1,1,1,1,1,1,1,1,1,1,1,1,1,1,1,1,1,1,1,1,1,1,1,1,1,1,1,1,1,1,1,1,1,1,1,1,1,1,1,1,1,1,1,1,1,1,1,1,1,1,1,1,1,1,1,1,1,1,1,1,1,1,1,1,1,1,1,1,1,1,1,1,1,1,1,1,1,1,1,1,1,1,1,1,1,1,1,1,1,1,1,1,1,1,1,1,1,1,1,1,1,1,1,1,1,1,1,1,1,1,1,1,1,1,1,1,1,1,1,1,1,1,1,1,1,1,1,1,1,1,1,1,1,1,1,1,1,1,1,1,1,1,1,1,1,1,1,1,1,1,1,1,1,1,1,1,1,1,1,1,1,1,1,1,1,1,1,1,1,1,1,1,1,1,1,1,1,1,1,1,1,1,1,1,1,1,1,1,1,1,1,1,1,1,1,1,1,1,1,1,1,1,1,1,1,1,1,1,1,1,1,1,1,1,1,1,1,1,1,1,1,1,1,1,1,1,1,1,1,1,1,1,1,1,1,1,1,1,1,1,1,1,1,1,1,1,1,1,1,1,1,1,1,1,1,1,1,1,1,1,1,1,1,1,1,1,1,1,1,1,1,1,1,1,1,1,1,1,1,1,1,1,1,1,1,1,1,1,1,1,1,1,1,1,1,1,1,1,1,1,1,1,1,1,1,1,1,1,1,1,1,1,1,1,1,1,1,1,1,1,1,1,1,1,1,1,1,1,1,1,1,1,1,1,1,1,1,1,1,1,1,1,1,1,1,1,1,1,1,1,1,1,1,1,1,1,1,1,1,1,1,1,1,1,1,1,1,1,1,1,1,1,1,1,1,1,1,1,1,1,1,1,1,1,1,1,1,1,1,1,1,1,1,1,1,1,1,1,1,1,1,1,1,1,1,1,1,1,1,1,1,1,1,1,1,1,1,1,1,1,1,1,1,1,1,1,1,1,1,1,1,1,1,1,1,1,1,1,1,1,1,1,1,1,1,1,1,1,1,1,1,1,1,1,1,1,1,1,1,1,1,1,1,1,1,1,1,1,1,1,1,1,1,1,1,1,1,1,1,1,1,1,1,1,1,1,1,1,1,1,1,1,1,1,1,1,1,1,1,1,1,1,1,1,1,1,1,1,1,1,1,1,1,1,1,1,1,1,1,1,1,1,1,1,1,1,1,1,1,1,1,1,1,1,1,1,1,1,1,1,1,1,1,1,1,1,1,1,1,1,1,1,1,1,1,1,1,1,1,1,1,1,1,1,1,1,1,1,1,1,1,1,1,1,1,1,1,1,1,1,1,1,1,1,1,1,1,1,1,1,1,1,1,1,1,1,1,1,1,1,1,1,1,1,1,1,1,1,1,1,1,1,1,1,1,1,1,1,1,1,1,1,1,1,1,1,1,1,1,1,1,1,1,1,1,1,1,1,1,1,1,1,1,1,1,1,1,1,1,1,1,1,1,1,1,1,1,1,1,1,1,1,1,1,1,1,1,1,1,1,1,1,1,1,1,1,1,1,1,1,1,1,1,1,1,1,1,1,1,1,1,1,1,1,1,1,1,1,1,1,1,1,1,1,1,1
preference 1
Ormstein 1,1
sweetly 1
mirror 1,1,1
shiver 1
leaned 1,1,1,1,1
lumber 1,1,1
bend 1
mantelpiece 1,1,1,1,1,1
altered 1
DISTRIBUTE 1
eight 1,1,1,1,1,1,1,1,1,1,1,1
beggary 1
looming 1
concerned 1,1,1,1,1,1,1,1,1
steps 1,1,1,1,1,1,1,1,1,1,1,1,1,1,1,1,1,1,1,1,1,1,1,1,1
forget 1,1,1,1,1
indiscreetly 1
bustled 1
West 1,1,1
negro 1
Each 1
United 1,1,1,1,1,1,1,1,1,1,1
convulse 1
adventures 1,1,1,1,1
pointed 1,1,1,1,1,1,1,1,1,1,1
honour 1,1,1,1,1,1,1,1,1,1,1,1
reaction 1,1,1,1
Jezail 1
evolve 1
face 1,1,1,1,1,1,1,1,1,1,1,1,1,1,1,1,1,1,1,1,1,1,1,1,1,1,1,1,1,1,1,1,1,1,1,1,1,1,1,1,1,1,1,1,1,1,1,1,1,1,1,1,1,1,1,1,1,1,1,1,1,1,1,1,1,1,1,1,1,1,1,1,1,1,1,1,1,1,1,1,1,1,1,1,1,1,1,1,1,1,1,1,1,1,1,1,1,1,1,1,1,1,1,1,1,1,1,1,1,1,1,1,1,1,1,1,1,1,1,1,1,1,1,1,1,1,1,1
dingy 1
afforded 1
panelled 1
expired 1
indeed 1,1,1,1,1,1,1,1,1,1,1,1,1,1,1,1,1,1,1,1,1,1,1,1,1,1,1,1,1,1,1,1,1,1,1,1,1,1,1,1,1,1,1,1,1,1
comment 1
zip 1
secreted 1
church 1,1,1,1,1,1,1,1,1,1,1
discontinue 1
forgot 1,1,1
perfect 1,1,1,1,1,1,1
spite 1,1,1,1,1,1,1,1,1,1
Thick 1
noiseless 1,1
winds 1,1
gush 1
Additional 1
stages 1
chaffed 1
Violet 1
fairly 1,1,1,1,1,1,1
untimely 1
CARBUNCLE 1
cigarettes 1
citizens 1,1
senses 1,1
fortunately 1,1
Edward 1,1
shag 1,1,1,1
Balzac 1
volumes 1
advertised 1,1,1
promptly 1
Gesellschaft 1
smashed 1
unfeigned 1
modified 1
Impossible 1
dusty 1,1
blunt 1,1,1,1
exalted 1,1,1
demand 1,1
acquiesce 1
Joseph 1
photography 1,1
Describe 1
strenuously 1
Had 1,1,1,1,1,1,1,1,1
Great 1,1,1,1
preach 1
worry 1
difficulty 1,1,1,1,1,1,1,1
longer 1,1,1,1,1,1,1,1,1,1
marrying 1,1
show 1,1,1,1,1,1,1,1,1,1,1,1,1,1,1,1
moustached 1
Vincent 1,1,1,1,1
vagueness 1
receipts 1
fancy 1,1,1,1,1,1,1,1,1,1,1,1,1,1
III 1,1,1
refined 1
bottles 1,1
settle 1,1,1,1,1,1,1
Absolute 1
coaxing 1
menaced 1
violin 1,1,1,1
Continental 1
stripped 1
gaining 1
hansoms 1
words 1,1,1,1,1,1,1,1,1,1,1,1,1,1,1,1,1,1,1,1,1,1,1,1,1,1,1,1,1,1,1,1,1,1,1,1,1,1,1,1,1,1,1,1,1,1
entered 1,1,1,1,1,1,1,1,1,1,1,1,1,1,1,1,1,1,1,1,1,1,1,1,1,1,1,1,1,1,1,1,1
introspective 1,1,1
Stoper 1,1,1,1,1,1
widower 1,1,1
parish 1,1
Oscillation 1
circumstantial 1
lucid 1
sparkles 1
distrusted 1
visiting 1
wearing 1,1,1
Agra 1
equalled 1
elaborate 1,1
Which 1,1,1,1,1,1,1,1
Majesty 1,1,1,1,1,1,1,1,1,1,1,1,1,1,1,1,1,1
tiara 1
selections 1
Besides 1,1,1,1,1,1,1,1,1,1
alive 1,1,1,1,1,1,1,1,1,1,1,1
Constable 1
sardonic 1
different 1,1,1,1,1,1,1,1,1,1,1,1,1,1
descends 1
establish 1,1
parents 1,1,1
chinchilla 1
implicates 1
lighten 1
lighted 1
badge 1
key 1,1,1,1,1,1,1,1,1,1,1,1,1,1,1,1
VIOLET 1
unusual 1,1,1,1,1,1,1,1
dismay 1
insists 1
peculiarities 1
speeding 1
throughout 1,1
hiss 1
collar 1,1,1,1,1,1,1
banker 1,1,1,1,1,1,1,1,1,1,1,1
deprived 1,1
bramble 1
Keep 1
justice 1,1,1,1,1,1
officers 1
ferocious 1
interposed 1
greatest 1,1,1,1,1,1
surgeon 1,1,1,1
solid 1,1,1,1,1
celebres 1
sideways 1
frantic 1
Leatherhead 1,1,1,1
minds 1,1,1
Harris 1
fifth 1
violent 1,1,1,1,1,1,1
unreasoning 1,1
Harrow 1,1,1
Whoa 1
supposed 1
cheer 1
extinguished 1
peeped 1,1,1,1,1
schools 1
implicating 1
spots 1
rails 1
meadow 1
Smart 1
nautical 1
horrify 1,1
minor 1,1,1
defective 1,1,1
less 1,1,1,1,1,1,1,1,1,1,1,1,1,1,1,1,1,1,1,1,1,1,1,1,1,1,1,1,1,1,1,1,1,1,1,1,1,1
successive 1,1,1
possibility 1,1,1,1
lengths 1
rabbits 1
expedition 1,1,1,1,1
led 1,1,1,1,1,1,1,1,1,1,1,1,1,1,1,1,1,1,1,1,1,1,1,1,1
unrepaired 1
document 1
source 1,1
Odessa 1
lit 1,1,1,1,1,1,1,1,1,1,1,1,1,1,1,1
sable 1
manage 1,1,1
fund 1,1
tobacconist 1
GIVE 1
famished 1
computer 1,1
characterises 1
fuss 1,1
contemplation 1,1
advancing 1
husband 1,1,1,1,1,1,1,1,1,1,1,1,1,1,1,1,1,1,1,1,1,1,1,1,1,1,1,1
merry 1,1,1
affair 1,1,1,1,1,1,1,1,1,1,1,1,1,1
combination 1
obtain 1,1,1
perceived 1
INDEMNITY 1
part 1,1,1,1,1,1,1,1,1,1,1,1,1,1,1,1,1,1,1,1,1,1,1,1,1,1,1,1,1,1,1,1,1,1,1,1
east 1,1,1,1,1,1
preposterous 1,1,1,1
sketched 1
asylum 1
path 1,1,1,1,1,1,1,1,1,1
pass 1,1,1,1,1,1,1,1,1,1,1,1,1,1
milk 1,1,1,1,1
bill 1,1,1,1,1,1,1
stiffness 1
dilate 1
outre 1,1
lichen 1,1
hydraulic 1,1,1,1,1,1,1,1,1,1
LICENSE 1,1
Early 1
glided 1,1
impossibility 1
custom 1,1,1,1,1
fattest 1
decidedly 1,1
individuality 1,1
relish 1
fees 1,1,1,1
senseless 1,1,1
physical 1,1
wicket 1
enters 1
about 1,1,1,1,1,1,1,1,1,1,1,1,1,1,1,1,1,1,1,1,1,1,1,1,1,1,1,1,1,1,1,1,1,1,1,1,1,1,1,1,1,1,1,1,1,1,1,1,1,1,1,1,1,1,1,1,1,1,1,1,1,1,1,1,1,1,1,1,1,1,1,1,1,1,1,1,1,1,1,1,1,1,1,1,1,1,1,1,1,1,1,1,1,1,1,1,1,1,1,1,1,1,1,1,1,1,1,1,1,1,1,1,1,1,1,1,1,1,1,1,1,1,1,1,1,1,1,1,1,1,1,1,1,1,1,1,1,1,1,1,1,1,1,1,1,1,1,1,1,1,1,1,1,1,1,1,1,1,1,1,1,1,1,1,1,1
crash 1,1
granted 1,1
disappearing 1
injunction 1
receiver 1
outer 1,1
fell 1,1,1,1,1,1,1,1,1,1,1,1,1,1,1,1,1,1
Trincomalee 1
holes 1,1
appeal 1
LIP 1
definitely 1
monotonous 1,1,1
suffering 1
forced 1,1,1,1,1,1,1
vigil 1
exclamation 1,1
tobacco 1,1,1,1,1,1,1,1
wired 1,1,1
sluggishly 1
lodger 1,1
paced 1,1,1,1,1,1,1
healthy 1
richer 1,1,1,1
profits 1
enjoy 1
slave 1
federal 1,1
tailed 1
coarse 1,1
sequence 1,1
command 1,1,1,1
detach 1
Munro 1,1
insects 1
levers 1,1,1
detail 1,1,1,1,1
slam 1,1
weird 1
burrowing 1,1
Take 1,1
cruel 1,1,1
exquisite 1
sailing 1,1,1,1
riser 1
loosened 1
scissors 1,1,1
winking 1
moral 1,1
similar 1,1,1,1,1
crossed 1,1,1,1
indicated 1,1,1,1,1,1
Living 1
Bohemia 1,1,1,1,1,1,1,1,1,1,1
stored 1,1
reaching 1,1,1
buffalo 1
NEGLIGENCE 1
professional 1,1,1,1,1,1,1,1,1,1,1,1,1,1
retorted 1
iota 1
forgiveness 1,1
mystery 1,1,1,1,1,1,1,1,1,1,1,1,1,1,1,1,1,1,1,1
exchanged 1,1
Restaurant 1
abnormally 1
woodcock 1,1
earrings 1,1
pitiful 1
occupant 1,1,1,1
Undoubtedly 1,1
endured 1
brooch 1
occasionally 1,1,1,1,1,1,1,1,1,1
springing 1,1,1
writhed 1,1,1
threaten 1
cellar 1,1,1,1,1,1,1,1,1,1,1,1,1,1,1
nearer 1,1,1
keen 1,1,1,1,1,1,1,1,1,1,1,1
refers 1,1
along 1,1,1,1,1,1,1,1,1,1,1,1,1,1,1,1,1,1
DISSOLVED 1
akimbo 1
Across 1
promoting 1,1
league 1
disclaimer 1,1
crystals 1
shutter 1,1,1,1
sidelong 1
elemental 1
temptation 1,1
necessity 1
management 1,1
drab 1
practice 1,1,1,1,1,1,1,1,1,1,1,1
bitterness 1
Private 1
imperilled 1
cheeks 1,1,1,1,1,1,1,1,1,1
library 1,1,1
camera 1
seemed 1,1,1,1,1,1,1,1,1,1,1,1,1,1,1,1,1,1,1,1,1,1,1,1,1,1,1,1,1,1,1,1,1,1,1,1,1,1,1,1,1,1,1,1,1,1,1,1,1,1,1,1,1,1,1,1,1,1,1,1,1,1,1,1,1,1,1,1,1
generally 1,1,1,1,1
squander 1
favourable 1
passionate 1
considerable 1,1,1,1,1,1,1,1,1,1,1,1,1,1,1,1,1,1,1,1,1,1,1
favourably 1,1
considerably 1,1,1,1,1,1,1
Daily 1
old 1,1,1,1,1,1,1,1,1,1,1,1,1,1,1,1,1,1,1,1,1,1,1,1,1,1,1,1,1,1,1,1,1,1,1,1,1,1,1,1,1,1,1,1,1,1,1,1,1,1,1,1,1,1,1,1,1,1,1,1,1,1,1,1,1,1,1,1,1,1,1,1
ignotum 1
disturb 1,1,1,1
caution 1
pulp 1
deceive 1
resolutions 1
lies 1,1,1,1,1,1,1,1,1
woven 1,1,1
competition 1
devils 1
presence 1,1,1,1,1,1,1,1,1,1,1,1,1,1
Retired 1
blanched 1
ghost 1
cool 1,1
dashed 1,1,1,1,1,1,1,1
Most 1,1,1,1
bitterly 1,1
brisk 1,1,1,1
hearts 1,1,1
piping 1
Also 1
govern 1
explanation 1,1,1,1,1,1,1,1,1,1,1
prison 1,1,1,1,1
apparent 1
humble 1,1
concluded 1,1
faced 1,1,1,1,1,1,1,1,1,1,1,1,1
speaks 1,1
Boots 1,1,1,1
deadly 1,1,1,1,1,1,1,1,1
conversation 1,1,1,1,1,1,1,1,1,1
roared 1,1
wiry 1
inquired 1,1,1
wire 1,1,1,1
producing 1
service 1,1,1,1
Crane 1
Boone 1,1,1,1,1,1,1,1
pet 1,1
unwelcome 1
lustrous 1
Quick 1
Ned 1
bearings 1
Azure 1
cause 1,1,1,1,1,1,1,1,1,1,1,1,1,1,1,1,1,1,1,1,1,1
hurling 1,1
vulgar 1,1,1
working 1,1,1,1,1,1,1
Through 1,1
displayed 1,1,1
began 1,1,1,1,1,1,1,1,1,1,1,1,1,1,1,1,1,1,1,1,1,1,1,1,1
facts 1,1,1,1,1,1,1,1,1,1,1,1,1,1,1,1,1,1,1,1,1,1,1,1,1,1,1,1,1,1,1,1,1,1,1
Really 1,1,1,1
theft 1
Amid 1
continue 1,1,1,1,1,1,1,1,1
insufficient 1,1
vestige 1
asking 1,1,1,1,1,1
surroundings 1
snigger 1
forgetfulness 1
windows 1,1,1,1,1,1,1,1,1,1,1,1,1,1,1,1,1,1,1,1,1,1,1,1,1
sodden 1,1
identified 1,1
trap 1,1,1,1,1,1,1,1,1,1,1,1,1
ivory 1
facility 1,1
ramblings 1
tack 1
employe 1,1
lounging 1,1,1,1,1
clear 1,1,1,1,1,1,1,1,1,1,1,1,1,1,1,1,1,1,1,1,1,1,1,1,1,1,1,1,1,1,1,1,1,1,1,1,1,1,1,1,1,1,1,1
confining 1
safer 1,1
planked 1
beryls 1,1,1,1
enthusiasm 1,1,1
honourable 1
spare 1,1,1,1,1,1,1,1
desultory 1
Highness 1
pistol 1,1,1,1,1,1,1,1,1
Half 1,1
purse 1,1
tall 1,1,1,1,1,1,1,1,1,1,1,1
brewer 1
boasting 1
trifles 1,1
respects 1,1,1
pigments 1
peculiar 1,1,1,1,1,1,1,1,1,1,1,1,1,1,1,1,1,1,1
explain 1,1,1,1,1,1,1,1,1,1,1,1,1,1,1,1
whimsical 1,1
vacant 1
Hart 1,1
serve 1,1,1
monograph 1,1,1
Save 1,1
position 1,1,1,1,1,1,1,1,1,1,1,1,1,1,1,1,1,1,1,1,1,1
handkerchiefs 1
falling 1,1
coming 1,1,1,1,1,1,1,1,1,1,1,1,1,1,1,1,1,1,1,1,1,1,1,1,1,1,1
tiger 1
loathed 1
wonderfully 1,1,1
reputation 1,1,1
budge 1
hesitated 1,1,1
rough 1,1,1,1
reasons 1,1,1,1,1,1,1,1
mansion 1
akin 1,1,1
madness 1
residing 1,1
degrees 1,1
sprig 1
resistance 1
fascination 1
itself 1,1,1,1,1,1,1,1,1,1,1,1,1,1,1,1,1,1
narrated 1
napoleons 1,1
Owe 1
witnesses 1
Extremely 1
reference 1,1,1,1,1,1,1
rumble 1
holding 1,1,1,1,1,1
expensive 1,1,1,1
redistribution 1
scorn 1
younger 1,1,1
Beyond 1,1,1,1
breathed 1
moved 1,1,1,1
Bridge 1,1,1,1
MYSTERY 1
soldiers 1
fished 1
cabs 1,1
rid 1,1,1,1,1
disappointment 1,1,1,1,1
slits 1
system 1,1,1,1
shrunk 1,1
accommodate 1
future 1,1,1,1,1,1,1,1,1,1,1,1
always 1,1,1,1,1,1,1,1,1,1,1,1,1,1,1,1,1,1,1,1,1,1,1,1,1,1,1,1,1,1,1,1,1,1,1,1,1,1,1,1,1,1,1,1,1,1,1,1,1,1,1,1,1,1,1,1,1
devouring 1,1
strangers 1,1
weakness 1
guilt 1,1,1,1
abroad 1,1
tunes 1
communicated 1,1
thought 1,1,1,1,1,1,1,1,1,1,1,1,1,1,1,1,1,1,1,1,1,1,1,1,1,1,1,1,1,1,1,1,1,1,1,1,1,1,1,1,1,1,1,1,1,1,1,1,1,1,1,1,1,1,1,1,1,1,1,1,1,1,1,1,1,1,1,1,1,1,1,1,1,1,1,1,1
prosecution 1,1
stuffs 1
triangular 1
cocked 1,1,1,1,1
cried 1,1,1,1,1,1,1,1,1,1,1,1,1,1,1,1,1,1,1,1,1,1,1,1,1,1,1,1,1,1,1,1,1,1,1,1,1,1,1,1,1,1,1,1,1,1,1,1,1,1,1,1,1,1,1,1,1,1,1,1,1,1,1,1,1,1,1,1,1
where 1,1,1,1,1,1,1,1,1,1,1,1,1,1,1,1,1,1,1,1,1,1,1,1,1,1,1,1,1,1,1,1,1,1,1,1,1,1,1,1,1,1,1,1,1,1,1,1,1,1,1,1,1,1,1,1,1,1,1,1,1,1,1,1,1,1,1,1,1,1,1,1,1,1,1,1,1,1,1,1,1,1,1,1,1,1,1,1,1,1,1,1,1,1,1,1,1,1,1,1,1,1,1,1
broader 1
curly 1
notices 1,1
bowed 1,1,1,1,1,1,1,1,1
ask 1,1,1,1,1,1,1,1,1,1,1,1,1,1,1,1,1,1,1,1,1,1,1,1,1,1,1,1,1,1,1,1,1,1,1
disregard 1
dusk 1,1
offices 1,1,1,1,1,1
justified 1
Petersfield 1
bulldog 1,1
mole 1,1
Mary 1,1,1,1,1,1,1,1,1,1,1,1,1,1,1,1,1,1,1,1,1
Wood 1
bond 1
pledged 1,1
sticks 1,1
slide 1
excessive 1
damage 1
heels 1,1,1,1,1,1
Moran 1,1,1,1,1,1,1,1,1,1,1,1,1
inaccurate 1
tailless 1
INCLUDING 1
described 1,1,1,1,1,1,1
kneeling 1
both 1,1,1,1,1,1,1,1,1,1,1,1,1,1,1,1,1,1,1,1,1,1,1,1,1,1,1,1,1,1,1,1,1,1,1,1,1,1,1,1,1,1,1
traced 1,1,1,1,1,1
accompanying 1
move 1,1,1,1
petered 1
bar 1,1,1,1,1,1,1,1,1
drowned 1
bachelors 1
affect 1,1
coldly 1,1,1
amuse 1
wheal 1
RED 1,1,1
bed 1,1,1,1,1,1,1,1,1,1,1,1,1,1,1,1,1,1,1,1,1,1,1,1,1,1,1,1,1,1,1,1,1,1,1,1,1,1,1
wavering 1
lemon 1
manifestations 1
bit 1,1,1,1,1,1
striking 1,1,1,1,1
manufactory 1
angle 1,1,1,1,1,1,1
coiners 1
punishment 1,1,1
beget 1
box 1,1,1,1,1,1,1,1,1,1,1,1,1,1,1,1,1,1,1
clerk 1
Severn 1
murderers 1
puckered 1
pains 1,1,1
eastward 1
Britain 1
extended 1,1,1,1
managed 1,1,1,1,1,1,1,1,1,1
makes 1,1,1,1,1,1,1,1,1,1
beloved 1
140 1
advocate 1
drawback 1,1
booted 1
passion 1,1,1,1,1,1,1,1
Chronicle 1,1
bending 1,1,1
doing 1,1,1,1,1,1,1,1,1,1,1,1,1,1,1,1,1,1,1,1,1
coldness 1
proprietary 1
lovely 1,1,1,1,1
chuckled 1,1,1,1,1,1,1
uncongenial 1
neighbouring 1,1,1
recall 1,1,1,1,1
flap 1,1,1
averted 1
inexorable 1,1
emotion 1,1,1,1,1
elements 1
argument 1,1
begun 1,1,1,1
strode 1,1
Eley 1
ugly 1
lovers 1
chances 1,1
hedge 1,1
eligible 1,1
Apaches 1
illustrious 1
carries 1,1,1
