frowning 1,1
plumes 1
salary 1,1
tea 1
relicts 1
6 1,1
whitened 1
bogus 1
hang 1,1,1,1,1,1,1,1,1,1,1,1,1,1,1
J 1
T 1
h 1,1,1,1
eating 1,1,1,1,1
straight 1,1,1,1,1,1,1,1,1,1,1,1,1,1,1,1,1,1,1,1,1,1,1,1,1,1,1,1,1,1,1
r 1,1,1,1,1,1,1,1,1,1,1,1
information 1,1,1,1
walked 1,1,1,1,1,1,1,1,1
ascend 1
harm 1,1,1,1,1,1,1,1,1,1,1,1,1,1,1,1,1,1,1,1
raging 1,1,1,1,1
dexter 1
creeps 1
scrunch 1
buckled 1
peddle 1
jolted 1
cry 1,1,1,1,1,1,1,1,1,1,1,1,1,1
pity 1
worked 1,1,1,1,1,1,1,1,1,1,1,1,1,1,1,1,1,1,1
appointments 1
Hear 1,1,1
superintended 1
cub 1
Ash 1
worried 1,1,1,1
speech 1,1,1,1,1,1,1,1,1,1,1
There 1,1,1,1,1,1,1,1,1,1,1,1,1,1,1,1,1,1,1,1,1,1,1,1,1,1,1,1,1,1,1,1,1,1,1,1,1,1,1,1,1,1,1,1,1,1,1,1,1,1,1,1,1,1,1,1,1,1,1,1,1,1,1,1,1,1,1,1,1,1,1,1,1,1,1,1,1,1,1,1,1,1,1,1,1,1,1,1,1,1,1,1,1,1,1,1,1,1
warranted 1
Ryo 1
_you 1,1,1
gules 1
shows 1,1,1,1,1,1
stays 1,1
_behind_ 1
mumble 1
tramping 1,1
sixteen 1,1,1,1,1,1,1
specimen 1
built 1,1,1,1,1,1
scampered 1
gingerbread 1
further 1,1,1,1,1,1,1,1,1,1,1,1,1,1,1,1,1,1,1
stack 1,1,1,1
preached 1
_Friend_ 1
Rouge 1
Arab 1
grass 1,1,1,1,1,1,1,1,1
latch 1,1
overslept 1
dim 1,1,1,1,1,1,1,1
Lady 1
sheets 1,1,1,1
engagements 1,1
length 1,1,1
grand 1,1,1,1,1,1,1,1,1
baby 1,1,1,1
colicky 1
ups 1,1,1
dog 1,1,1,1,1,1,1,1,1,1,1,1,1,1,1,1,1,1,1,1,1,1,1,1,1,1,1,1,1,1,1,1,1,1
chunks 1
stream 1,1,1,1,1,1,1,1,1,1,1,1,1,1
chunk_ 1
Son 1
Lamp 1,1
make 1,1,1,1,1,1,1,1,1,1,1,1,1,1,1,1,1,1,1,1,1,1,1,1,1,1,1,1,1,1,1,1,1,1,1,1,1,1,1,1,1,1,1,1,1,1,1,1,1,1,1,1,1,1,1,1,1,1,1,1,1,1,1,1,1,1,1,1,1,1,1,1,1,1,1,1,1,1,1,1,1,1,1,1,1,1,1,1,1,1,1,1,1,1,1,1,1,1,1,1,1,1,1,1,1,1,1,1,1,1,1,1,1,1,1,1,1,1,1,1,1,1,1,1,1,1,1,1,1,1,1,1,1,1,1,1,1,1,1,1,1,1,1,1,1,1,1,1,1,1,1,1,1,1,1,1,1,1,1,1,1,1,1,1,1,1,1
included 1,1,1
thread 1,1,1,1,1,1,1,1
bowie 1
THEY 1,1,1
Clergy 1
Lane 1,1,1,1
Antonette 1
underclothes 1
treat 1,1,1,1,1,1,1
Last 1,1,1,1
swapped 1,1
speck 1,1,1
knock 1,1
blankets 1,1,1,1,1,1
_nigger_ 1
bars 1,1
step 1,1,1,1,1
EBook 1,1,1
worn 1,1,1
bedquilt 1
word 1,1,1,1,1,1,1,1,1,1,1,1,1,1,1,1,1,1,1,1,1,1,1,1,1,1,1,1,1,1,1,1,1,1,1,1,1
eat 1,1,1,1,1,1,1,1,1,1,1,1,1,1,1,1,1,1,1,1,1,1,1,1,1,1,1,1,1,1,1
exists 1
thinned 1
spell 1,1,1,1,1,1,1
swindled 1
acrost 1,1,1,1
Can 1,1,1,1
sickest 1
Trash 1
gywne 1
_forty_ 1
DEC 1
spent 1
scow 1,1,1,1
neat 1,1
version 1
stop 1,1,1,1,1,1,1,1,1,1,1,1,1,1,1,1,1,1,1,1,1
corked 1
representing 1,1,1
tearing 1,1,1,1,1,1,1,1,1,1,1,1
Tis 1,1
lined 1,1,1
linen 1,1,1,1
forty 1,1,1,1,1,1,1,1,1,1,1,1,1,1,1,1
Laying 1,1,1
FINN_ 1
Chop 1,1,1
skinned 1
succeeding 1
idiots 1,1
bulled 1
Tom 1,1,1,1,1,1,1,1,1,1,1,1,1,1,1,1,1,1,1,1,1,1,1,1,1,1,1,1,1,1,1,1,1,1,1,1,1,1,1,1,1,1,1,1,1,1,1,1,1,1,1,1,1,1,1,1,1,1,1,1,1,1,1,1,1,1,1,1,1,1,1,1,1,1,1,1,1,1,1,1,1,1,1,1,1,1,1,1,1,1,1,1,1,1,1,1,1,1,1,1,1,1,1,1,1,1,1,1,1,1,1,1,1,1,1,1,1,1,1,1,1,1,1,1,1,1,1,1,1,1,1,1,1,1,1,1,1,1,1,1,1,1,1,1,1,1,1,1,1,1,1,1,1,1,1,1,1,1,1,1,1,1,1,1,1,1,1,1,1,1,1,1,1,1,1,1,1,1,1,1,1,1,1,1,1,1,1,1,1,1,1,1,1,1,1,1,1,1,1,1,1,1,1,1,1,1,1,1,1,1,1,1,1,1,1,1,1,1,1,1,1,1,1,1,1,1,1,1,1,1,1,1,1,1,1,1,1,1,1,1,1
shake 1,1,1,1,1,1,1,1,1
shaky 1
Truly 1,1
Ma 1
tribe 1,1,1
companionship 1
dreamy 1
muggins 1,1
Ph 1
degraded 1,1
Two 1,1
#76 1
argued 1
fetches 1,1
So 1,1,1,1,1,1,1,1,1,1,1,1,1,1,1,1,1,1,1,1,1,1,1,1,1,1,1,1,1,1,1,1,1,1,1,1,1,1,1,1,1,1,1,1,1,1,1,1,1,1,1,1,1,1,1,1,1,1,1,1,1,1,1,1,1,1,1,1,1,1,1,1,1,1,1,1,1,1,1,1,1,1,1,1,1,1,1,1,1,1,1,1,1,1,1,1,1,1,1,1,1,1,1,1,1,1,1,1,1,1,1,1,1,1,1,1,1,1,1,1,1,1,1,1,1,1,1,1,1,1,1,1,1,1,1,1,1,1,1,1,1,1,1,1,1,1,1,1,1,1,1,1,1,1,1,1,1,1,1,1,1,1,1,1,1,1,1,1,1,1,1,1,1,1,1,1,1,1,1,1,1,1,1,1,1,1,1,1,1,1,1,1,1,1,1,1,1,1,1,1,1,1,1,1,1,1,1,1,1,1,1,1,1,1,1,1,1,1,1,1,1,1,1,1,1,1,1,1,1,1,1,1,1,1,1,1,1,1
Other 1,1
sawlogs 1
sharing 1
clothing 1
XL 1,1
Battle 1
rabs 1,1,1,1,1
XV 1,1
synonymous 1
stuck 1,1,1,1,1,1,1,1,1,1,1,1,1,1,1,1,1
fas 1,1
PLEASE 1
leaky 1
older 1
Passenger 1
pirates 1,1,1,1
behold 1
fee 1,1,1,1,1,1,1,1
whiles 1
rail 1,1,1,1,1,1
hung 1,1,1,1,1,1,1,1,1,1,1,1,1,1,1,1,1,1,1,1,1,1,1,1
choked 1
who 1,1,1,1,1,1,1,1,1,1,1,1,1,1,1,1,1,1,1,1,1,1,1,1,1,1,1,1,1,1,1,1,1,1,1,1,1,1,1,1,1,1,1,1,1,1,1,1,1
faith 1
why 1,1,1,1,1,1,1,1,1,1,1,1,1,1,1,1,1,1,1,1,1,1,1,1,1,1,1,1,1,1,1,1,1,1,1,1,1,1,1
Ominous 1
wid 1,1,1,1,1,1,1,1,1,1,1,1,1,1,1,1,1,1
hospitality 1
win 1,1
butter 1,1,1,1,1,1,1,1
losing 1
Outrageous 1
addition 1
_sees_ 1
skips 1
aground 1,1,1,1
fennel 1
never 1,1,1,1,1,1,1,1,1,1,1,1,1,1,1,1,1,1,1,1,1,1,1,1,1,1,1,1,1,1,1,1,1,1,1,1,1,1,1,1,1,1,1,1,1,1,1,1,1,1,1,1,1,1,1,1,1,1,1,1,1,1,1,1,1,1,1,1,1,1,1,1,1,1,1,1,1,1,1,1,1,1,1,1,1,1,1,1,1,1,1,1,1,1,1,1,1,1,1,1,1,1,1,1,1,1,1,1,1,1,1,1,1,1,1,1,1,1,1,1,1,1,1,1,1,1,1,1,1,1,1,1,1,1,1,1,1,1,1,1,1,1,1,1,1,1,1,1,1,1,1,1,1,1,1,1,1,1,1,1,1,1,1,1,1,1,1,1,1,1,1,1,1,1,1,1,1,1,1,1,1,1,1,1,1,1,1,1
go 1,1,1,1,1,1,1,1,1,1,1,1,1,1,1,1,1,1,1,1,1,1,1,1,1,1,1,1,1,1,1,1,1,1,1,1,1,1,1,1,1,1,1,1,1,1,1,1,1,1,1,1,1,1,1,1,1,1,1,1,1,1,1,1,1,1,1,1,1,1,1,1,1,1,1,1,1,1,1,1,1,1,1,1,1,1,1,1,1,1,1,1,1,1,1,1,1,1,1,1,1,1,1,1,1,1,1,1,1,1,1,1,1,1,1,1,1,1,1,1,1,1,1,1,1,1,1,1,1,1,1,1,1,1,1,1,1,1,1,1,1,1,1,1,1,1,1,1,1,1,1,1,1,1,1,1,1,1,1,1,1,1,1,1,1,1,1,1,1,1,1,1,1,1,1,1,1,1,1,1,1,1,1,1,1,1,1,1,1,1,1,1,1,1,1,1,1,1,1,1,1,1,1,1,1,1,1,1,1,1,1,1,1,1,1,1,1,1,1,1,1,1,1,1,1,1,1,1,1,1,1,1,1,1,1,1,1,1,1,1,1,1,1,1,1,1,1,1,1,1,1,1,1,1,1,1,1,1,1,1,1,1,1,1,1
treetops 1
fork 1,1
Nine 1
appeared 1
four 1,1,1,1,1,1,1,1,1,1,1,1,1,1,1,1,1,1,1,1,1,1,1,1,1,1,1,1,1,1,1,1,1,1,1,1,1,1,1,1,1,1,1,1
im 1,1
places 1,1,1,1,1,1,1,1,1,1,1,1,1,1,1,1,1,1,1,1,1,1
wooden 1,1,1
locket 1
_Frenchman_ 1
dish 1,1
rushing 1
Shet 1,1
dive 1
heap 1,1,1,1,1
obsequies 1
596 1
rocked 1
crawls 1,1
heel 1,1,1
nightcap 1,1
witched 1,1
single 1,1,1,1,1
commercial 1
Misto 1,1,1
waters 1
usual 1,1,1,1
Please 1,1,1,1,1
knot 1
apron 1,1,1,1,1
courts 1,1
brain 1,1
located 1,1,1,1
addresses 1
proud 1,1,1,1,1,1,1,1
parlyment 1
starchy 1
candles 1,1,1,1,1,1,1,1,1,1,1,1
hers 1
Rest 1
git 1,1,1,1,1,1,1,1,1,1,1,1,1,1,1,1,1,1,1,1,1,1,1,1,1,1,1,1,1,1,1,1,1,1,1,1,1,1,1,1,1,1,1,1,1,1
audience 1,1,1
frills 1,1,1,1
Sheffield 1,1,1,1,1,1
cleared 1,1,1,1,1,1,1
sociable 1,1
groaned 1
corporation 1
Assisted 1
hundred 1,1,1,1,1,1,1,1,1,1,1,1,1,1,1,1,1,1,1,1,1,1,1,1,1,1,1,1,1,1,1,1,1,1,1
handkerchief 1,1,1
writ 1
Sick 1
wake 1,1,1,1,1,1,1,1,1,1
Charles 1
void 1
quarrelsome 1
READ 1
tarred 1
bush 1,1,1
High 1
grieve 1
Washington 1
skreeky 1
Window 1,1
tiptoes 1
_his_ 1,1,1,1,1,1
lash 1
rattle 1,1
stooped 1,1,1,1
yesterday 1,1,1,1,1,1,1,1,1,1,1
_dear_ 1
raftsman 1,1
sumter 1
_Tom_ 1
XII 1,1
his 1,1,1,1,1,1,1,1,1,1,1,1,1,1,1,1,1,1,1,1,1,1,1,1,1,1,1,1,1,1,1,1,1,1,1,1,1,1,1,1,1,1,1,1,1,1,1,1,1,1,1,1,1,1,1,1,1,1,1,1,1,1,1,1,1,1,1,1,1,1,1,1,1,1,1,1,1,1,1,1,1,1,1,1,1,1,1,1,1,1,1,1,1,1,1,1,1,1,1,1,1,1,1,1,1,1,1,1,1,1,1,1,1,1,1,1,1,1,1,1,1,1,1,1,1,1,1,1,1,1,1,1,1,1,1,1,1,1,1,1,1,1,1,1,1,1,1,1,1,1,1,1,1,1,1,1,1,1,1,1,1,1,1,1,1,1,1,1,1,1,1,1,1,1,1,1,1,1,1,1,1,1,1,1,1,1,1,1,1,1,1,1,1,1,1,1,1,1,1,1,1,1,1,1,1,1,1,1,1,1,1,1,1,1,1,1,1,1,1,1,1,1,1,1,1,1,1,1,1,1,1,1,1,1,1,1,1,1,1,1,1,1,1,1,1,1,1,1,1,1,1,1,1,1,1,1,1,1,1,1,1,1,1,1,1,1,1,1,1,1,1,1,1,1,1,1,1,1,1,1,1,1,1,1,1,1,1,1,1,1,1,1,1,1,1,1,1,1,1,1,1,1,1,1,1,1,1,1,1,1,1,1,1,1,1,1,1,1,1,1,1,1,1,1,1,1,1,1,1,1,1,1,1,1,1,1,1,1,1,1,1,1,1,1,1,1,1,1,1,1,1,1,1,1,1,1,1,1,1,1,1,1,1,1,1,1,1,1,1,1,1,1,1,1,1,1,1,1,1,1,1,1,1,1,1,1,1,1,1,1,1,1,1,1,1,1,1,1,1,1,1,1,1,1,1,1,1,1,1,1,1,1,1,1,1,1,1,1,1,1,1,1,1,1,1,1,1,1,1,1,1,1,1,1,1,1,1,1,1,1,1,1,1,1,1,1,1,1,1,1,1,1,1,1,1,1,1,1,1,1,1,1,1,1,1,1,1,1,1,1,1,1,1,1,1,1,1,1,1,1,1,1,1,1,1,1,1,1,1,1,1,1,1,1,1,1,1,1,1,1,1,1,1,1,1,1,1,1,1,1,1,1,1,1,1,1,1,1,1,1,1,1,1,1,1,1,1,1,1,1,1,1,1,1,1,1,1,1,1,1,1,1,1,1,1,1
Woman 1
history 1,1
point 1,1,1,1,1,1
wolves 1
brewing 1,1
deserve 1,1,1
mamsey 1
Times 1
advance 1,1
meetin 1
appreciate 1
_read_ 1
rumbling 1,1
LIMITED 1,1,1
beds 1,1,1
corpse 1,1,1,1,1
how 1,1,1,1,1,1,1,1,1,1,1,1,1,1,1,1,1,1,1,1,1,1,1,1,1,1,1,1,1,1,1,1,1,1,1,1,1,1,1,1,1,1,1,1,1,1,1,1,1,1,1,1,1,1,1,1,1,1,1,1,1,1,1,1,1,1,1,1,1,1,1,1,1,1,1,1,1,1,1,1,1,1,1,1,1,1,1,1,1,1,1,1,1,1,1,1,1,1,1,1,1,1,1,1,1,1,1,1,1,1,1,1,1,1,1,1,1,1,1,1,1,1,1,1,1,1,1,1,1,1,1,1,1,1,1,1,1,1,1,1,1,1,1,1,1,1,1,1,1,1,1,1,1,1,1,1,1,1,1,1,1,1,1,1,1,1,1,1,1,1
Jefferson 1
GOT 1
blast 1,1
bein 1,1,1,1,1,1,1
Escaping 1,1
sometimes 1,1,1,1,1,1,1,1,1,1,1,1,1,1,1,1,1,1,1,1,1,1,1,1,1,1,1,1,1,1,1,1,1,1
_ourn_ 1,1
Fog 1
dolphin 1
reckon 1,1,1,1,1,1,1,1,1,1,1,1,1,1,1,1,1,1,1,1,1,1,1,1,1,1,1,1,1,1,1,1,1,1,1,1,1,1,1,1,1,1,1,1,1,1,1,1,1,1,1,1,1,1,1,1,1,1,1,1,1,1,1,1,1,1,1,1,1,1,1,1,1,1,1,1,1,1,1,1,1,1,1,1,1,1,1,1,1,1,1,1,1,1,1,1,1,1,1,1,1,1,1,1,1,1,1,1,1,1,1,1,1,1,1,1,1,1,1,1
Well 1,1,1,1,1,1,1,1,1,1,1,1,1,1,1,1,1,1,1,1,1,1,1,1,1,1,1,1,1,1,1,1,1,1,1,1,1,1,1,1,1,1,1,1,1,1,1,1,1,1,1,1,1,1,1,1,1,1,1,1,1,1,1,1,1,1,1,1,1,1,1,1,1,1,1,1,1,1,1,1,1,1,1,1,1,1,1,1,1,1,1,1,1,1,1,1,1,1,1,1,1,1,1,1,1,1,1,1,1,1,1,1,1,1,1,1,1,1,1,1,1,1,1,1,1,1,1,1,1,1,1,1,1,1,1,1,1,1,1,1,1,1,1,1,1,1,1,1,1,1,1,1,1,1,1,1,1,1,1,1,1,1,1,1,1,1,1,1,1,1,1,1,1,1,1,1,1,1,1,1,1,1,1,1,1,1,1,1,1,1,1,1,1,1,1,1,1,1,1,1,1,1,1,1,1,1,1,1,1,1,1,1,1,1,1,1,1,1,1,1,1,1,1,1,1,1,1,1,1,1,1,1,1,1,1,1,1,1,1,1,1,1,1,1,1,1,1,1,1,1,1,1,1,1,1,1,1,1,1,1,1,1,1,1,1,1,1,1,1,1,1,1,1,1,1,1,1,1,1,1,1,1,1,1,1,1,1,1,1,1,1,1,1,1,1,1,1,1,1,1,1,1,1,1,1,1,1,1,1,1,1,1,1
Language 1
notice 1,1,1,1,1,1,1,1,1,1,1,1,1,1,1,1,1,1,1,1
Cairo 1,1,1,1,1,1,1,1,1,1,1,1,1
hug 1,1,1,1,1
fortunes 1
dropped 1,1,1,1,1,1,1,1,1,1,1,1,1,1,1,1,1,1,1,1,1,1,1,1,1,1,1
melt 1,1
Went 1,1
asks 1
XXX 1,1
able 1,1
cough 1,1,1
blade 1
_feel_ 1
downloading 1
jolly 1
sooner 1,1,1
smouched 1,1,1
_Romeo_ 1
steamboat 1,1,1,1,1,1,1,1,1,1,1,1,1,1,1,1,1,1,1,1,1,1,1,1,1,1,1,1,1,1,1
rubs 1,1
prentice 1
master 1,1
Drury 1,1,1
melodeum 1
fact 1
growin 1
Tommy 1
whenever 1,1,1,1,1,1,1,1
lookin 1,1,1
theirselves 1
smarter 1
_sell_ 1
guitar 1
Castle 1
rung 1
ratty 1,1,1,1
Dummy 1
wince 1
Floating 1,1
drawers 1
finished 1
pone 1,1,1,1,1
_done_ 1,1,1
Door 1
fans 1,1
invected 1
interruptions 1
swashing 1
Brewing 1
_dozen_ 1,1
pork 1,1,1
Montalban 1
close 1,1,1,1,1,1,1,1,1,1,1,1,1,1,1,1,1,1,1,1,1,1,1,1
pots 1,1
post 1,1,1,1,1
tiresome 1,1,1
respect 1
mixture 1
Tryin 1
cheats 1
bills 1,1,1,1,1,1,1,1
wadding 1,1
identify 1
pour 1
_Noth 1
clock 1,1,1,1,1,1,1,1,1,1,1,1,1,1,1,1,1,1
April 1
badly 1
shin 1,1,1,1,1,1
Refund 1
hymn 1,1,1
handed 1,1,1,1
worth 1,1,1,1,1,1,1,1,1,1,1,1,1,1,1,1,1,1,1,1,1,1,1,1,1
Has 1,1,1,1,1,1,1
yellocute 1
rafts 1,1,1,1,1,1,1
lifted 1
leaving 1,1,1,1,1
thout 1,1
stranger 1,1,1,1,1,1,1,1,1,1,1,1,1
bagged 1
Greek 1,1
Hey 1
carpenter 1,1
hardness 1
freedom 1,1,1,1,1,1
hotter 1,1,1
rers 1
Woods 1,1
compliment 1
plank 1,1,1
Bondage 1,1
Sales 1
Bridgewater 1,1,1,1
flocked 1
REFUND 1
Prague 1
parts 1,1,1
troublesomest 1
captured 1
mouths 1,1,1,1
breed 1,1,1
tunnel 1
Effusions 1
toted 1
plate 1,1,1,1,1,1,1,1,1
vale 1
housetops 1
knees 1,1,1,1,1,1,1,1,1,1,1,1,1,1
Executive 1
Europe 1
attached 1
Burton 1,1
chaws 1,1,1
interesting 1
raised 1,1,1,1,1,1,1,1,1,1,1,1,1,1,1,1,1,1
cross 1,1,1,1,1,1
lordy 1,1
gabbling 1
affront 1
screechy 1
declare 1,1
Town 1,1
grapes 1,1
hire 1
What 1,1,1,1,1,1,1,1,1,1,1,1,1,1,1,1,1,1,1,1,1,1,1,1,1,1,1,1,1,1,1,1,1,1,1,1,1,1,1,1,1,1,1,1,1,1,1,1,1,1,1,1,1,1,1,1,1,1,1,1,1,1,1,1,1,1,1,1,1,1,1,1,1,1,1,1,1,1,1,1,1,1,1,1,1,1,1,1,1,1,1,1,1,1,1,1,1,1,1,1,1,1,1,1,1,1,1,1,1
Answer 1,1,1
backed 1
weak 1,1
genlman 1,1
passage 1,1,1,1,1,1,1
eased 1
palings 1
_who_ 1,1,1
licks 1
example 1
characters 1,1
address 1
holts 1,1
throw 1,1,1,1,1,1,1,1,1,1,1,1,1,1,1,1,1,1,1
thank 1,1,1,1
Its 1,1
unstopped 1
Marys 1
derrick 1
stormed 1,1
Fallen 1
employee 1
bugged 1,1
pray 1,1,1,1,1,1,1,1,1,1,1
hunderd 1
law 1,1,1,1,1,1,1,1,1,1,1,1,1,1
adventure 1,1,1
sucking 1
mesmerism 1
nuther 1,1,1,1,1,1,1,1,1,1,1,1,1,1,1
clan 1
lie 1,1,1,1,1,1,1,1,1,1,1,1,1,1,1,1
_single_ 1
away 1,1,1,1,1,1,1,1,1,1,1,1,1,1,1,1,1,1,1,1,1,1,1,1,1,1,1,1,1,1,1,1,1,1,1,1,1,1,1,1,1,1,1,1,1,1,1,1,1,1,1,1,1,1,1,1,1,1,1,1,1,1,1,1,1,1,1,1,1,1,1,1,1,1,1,1,1,1,1,1,1,1,1,1,1,1,1,1,1,1,1,1,1,1,1,1,1,1,1,1,1,1,1,1,1,1,1,1,1,1,1,1,1,1,1,1,1,1,1,1,1,1,1,1,1,1,1,1,1,1,1,1,1,1,1,1,1,1,1,1,1,1,1,1,1,1,1,1,1,1,1,1,1,1,1,1,1,1,1,1,1,1,1,1,1,1,1,1,1,1,1,1,1,1,1,1,1,1,1,1,1,1
paid 1,1,1,1,1,1,1,1,1,1
pallet 1,1,1
plumb 1,1,1,1,1,1
plunk 1
pans 1,1,1,1,1
los 1,1,1,1,1,1,1
initial 1
fury 1
clip 1,1,1,1
disappeared 1,1
Fretta 1
suppos 1
shriveled 1
ease 1
wigwam 1,1,1,1,1,1,1,1,1,1,1,1,1,1,1,1,1,1,1,1
Colonel 1,1,1
interfere 1,1
easy 1,1,1,1,1,1,1,1,1,1,1,1,1,1,1,1,1,1,1,1,1,1,1,1,1,1,1,1,1,1,1,1,1,1,1,1,1,1,1,1,1,1,1,1,1,1,1,1,1,1
domain 1,1,1,1,1,1,1
dout 1,1,1
Strange 1
grateful 1,1,1,1,1
mind 1,1,1,1,1,1,1,1,1,1,1,1,1,1,1,1,1,1,1,1,1,1,1,1,1,1,1,1,1,1,1,1,1,1,1,1,1,1,1,1,1,1,1,1,1,1,1,1,1,1,1,1,1,1,1,1,1,1,1,1,1,1,1,1,1,1,1,1,1,1,1,1,1,1,1,1
smilin 1,1
hogged 1,1
miss 1,1,1,1,1,1,1,1,1,1
plantation 1,1,1,1,1,1
Brute 1
gwyne 1,1,1,1,1,1,1,1,1,1,1,1,1,1,1,1,1,1,1,1,1,1,1,1,1,1,1,1,1,1,1,1,1,1,1,1,1,1,1,1,1,1,1,1,1,1
spelling 1
Recollections 1
fear 1
Somebody 1,1,1
bits 1
mention 1,1
scutcheon 1
joking 1,1,1,1
equipment 1,1,1
Lize 1,1,1
feed 1,1
Directly 1,1
BLAM 1
waked 1,1,1,1,1,1,1,1,1,1,1,1,1,1,1,1
goals 1
brisken 1
believe 1,1,1,1,1,1,1,1,1,1,1,1,1,1,1,1,1,1,1,1,1,1,1,1,1,1,1,1
mix 1,1,1
afeared 1,1
open 1,1,1,1,1,1,1,1,1,1,1,1,1,1,1,1,1,1,1,1,1,1,1,1,1,1,1,1,1,1,1,1,1,1,1,1,1,1,1,1
washpan 1
_never_ 1,1
_git_ 1
sympathized 1
navigating 1
Romeo 1,1,1,1,1,1
nonproprietary 1
haggled 1
ourselves 1,1,1,1,1,1,1,1,1,1,1,1
voice 1,1,1,1,1,1,1,1,1,1,1
Stern 1
float 1,1,1,1,1,1,1,1,1,1
midday 1,1
_live_ 1
elder 1
toad 1
chisel 1,1,1
Contact 1
Seegars 1
swarm 1,1,1
happening 1
folded 1,1,1,1
wrenched 1
Tail 1
Takes 1
oozing 1
Little 1,1
bored 1
baggage 1,1,1,1,1,1,1,1
aloft 1
family 1,1,1,1,1,1,1,1,1,1,1,1,1,1,1,1,1,1,1,1,1,1,1,1,1,1,1,1,1,1,1,1
rolled 1,1,1,1,1,1,1,1,1,1
nabob 1
foundations 1
anyhow 1,1
crossing 1,1,1
Some 1,1,1,1,1,1,1,1,1,1,1,1,1,1,1,1
driver 1,1,1
holiday 1,1
bedstead 1,1
uncocked 1
havin 1,1
tomb 1
stores 1,1
Lay 1
tops 1,1
smarty 1
bothersome 1
nting 1
tote 1,1
shoulder 1,1,1,1,1,1,1,1,1,1,1,1,1,1,1
obeyed 1
mournful 1,1,1,1,1,1,1
hooky 1
swung 1,1
whah 1,1,1,1,1,1,1,1,1
Jawge 1,1,1
breaks 1,1
whar 1
deffisit 1,1,1
when 1,1,1,1,1,1,1,1,1,1,1,1,1,1,1,1,1,1,1,1,1,1,1,1,1,1,1,1,1,1,1,1,1,1,1,1,1,1,1,1,1,1,1,1,1,1,1,1,1,1,1,1,1,1,1,1,1,1,1,1,1,1,1,1,1,1,1,1,1,1,1,1,1,1,1,1,1,1,1,1,1,1,1,1,1,1,1,1,1,1,1,1,1,1,1,1,1,1,1,1,1,1,1,1,1,1,1,1,1,1,1,1,1,1,1,1,1,1,1,1,1,1,1,1,1,1,1,1,1,1,1,1,1,1,1,1,1,1,1,1,1,1,1,1,1,1,1,1,1,1,1,1,1,1,1,1,1,1,1,1,1,1,1,1,1,1,1,1,1,1,1,1,1,1,1,1,1,1,1,1,1,1,1,1,1,1,1,1,1,1,1,1,1,1,1,1,1,1,1,1,1,1,1,1,1,1,1,1,1,1,1,1,1,1,1,1,1,1,1,1,1,1,1,1,1,1,1,1,1,1,1,1,1,1,1,1,1,1,1,1,1,1,1,1,1,1,1,1,1,1,1,1,1,1,1,1,1,1,1,1,1,1,1,1,1,1,1,1,1,1,1,1,1,1,1,1,1,1,1,1,1,1,1,1,1,1,1,1,1,1,1,1,1,1,1,1,1,1,1,1,1,1,1,1,1,1,1,1,1,1,1,1,1,1,1,1,1,1,1,1,1,1,1,1,1,1,1,1,1,1,1,1,1,1,1,1,1,1,1,1,1,1,1,1
tremens 1
Starchy 1
chickens 1,1
shirt 1,1,1,1,1,1,1,1,1,1,1,1,1,1,1,1,1,1,1,1,1,1
widow 1,1,1,1,1,1,1,1,1,1,1,1,1,1,1,1,1,1,1,1,1,1,1,1,1,1,1,1,1,1,1,1,1,1,1,1,1,1,1,1,1,1,1,1
_how_ 1,1
softest 1
furrin 1
jingling 1
puppy 1
patted 1
onions 1
alternate 1
stairs 1,1,1,1,1,1,1,1,1,1,1,1,1,1,1,1,1,1,1,1,1,1,1
chipping 1,1
Scene 1,1
Steamboat 1
mountains 1
class 1,1
very 1,1,1,1,1,1,1,1,1,1,1,1,1,1,1,1,1,1,1,1,1,1,1,1,1,1,1,1,1,1,1,1,1,1,1,1,1,1,1,1,1,1,1,1,1,1,1,1,1,1,1,1,1,1,1,1,1,1,1,1,1,1,1,1,1,1,1,1,1,1,1,1,1,1,1,1,1,1,1,1,1,1,1,1,1,1,1,1,1,1,1,1,1,1,1,1,1,1
Tired 1
Morals 1
lunatic 1
drag 1,1,1
Man 1,1,1
whyd 1
grabbing 1
Conqueror 1
liar 1,1
braver 1,1
NOW 1
Hicksville 1,1
yearly 1
pure 1
lied 1,1
profitable 1
Level 1
out 1,1,1,1,1,1,1,1,1,1,1,1,1,1,1,1,1,1,1,1,1,1,1,1,1,1,1,1,1,1,1,1,1,1,1,1,1,1,1,1,1,1,1,1,1,1,1,1,1,1,1,1,1,1,1,1,1,1,1,1,1,1,1,1,1,1,1,1,1,1,1,1,1,1,1,1,1,1,1,1,1,1,1,1,1,1,1,1,1,1,1,1,1,1,1,1,1,1,1,1,1,1,1,1,1,1,1,1,1,1,1,1,1,1,1,1,1,1,1,1,1,1,1,1,1,1,1,1,1,1,1,1,1,1,1,1,1,1,1,1,1,1,1,1,1,1,1,1,1,1,1,1,1,1,1,1,1,1,1,1,1,1,1,1,1,1,1,1,1,1,1,1,1,1,1,1,1,1,1,1,1,1,1,1,1,1,1,1,1,1,1,1,1,1,1,1,1,1,1,1,1,1,1,1,1,1,1,1,1,1,1,1,1,1,1,1,1,1,1,1,1,1,1,1,1,1,1,1,1,1,1,1,1,1,1,1,1,1,1,1,1,1,1,1,1,1,1,1,1,1,1,1,1,1,1,1,1,1,1,1,1,1,1,1,1,1,1,1,1,1,1,1,1,1,1,1,1,1,1,1,1,1,1,1,1,1,1,1,1,1,1,1,1,1,1,1,1,1,1,1,1,1,1,1,1,1,1,1,1,1,1,1,1,1,1,1,1,1,1,1,1,1,1,1,1,1,1,1,1,1,1,1,1,1,1,1,1,1,1,1,1,1,1,1,1,1,1,1,1,1,1,1,1,1,1,1,1,1,1,1,1,1,1,1,1,1,1,1,1,1,1,1,1,1,1,1,1,1,1,1,1,1,1,1,1,1,1,1,1,1,1,1,1,1,1,1,1,1,1,1,1,1,1,1,1,1,1,1,1,1,1,1,1,1,1,1,1,1,1,1,1,1,1,1,1,1,1,1,1,1,1,1,1,1,1,1,1,1,1,1,1,1,1,1,1,1,1,1,1,1,1,1,1,1,1,1,1,1,1,1,1,1,1,1,1,1,1,1,1,1,1,1,1,1,1,1,1,1,1,1,1,1,1,1,1,1,1,1,1,1,1,1,1,1,1,1,1,1,1,1,1,1,1,1,1,1,1,1,1,1,1,1,1,1,1,1,1,1,1,1,1,1,1,1,1,1,1,1,1,1,1,1,1,1,1,1,1,1,1,1,1,1,1,1,1,1,1,1,1,1,1,1,1,1,1,1,1,1,1,1,1,1,1,1,1,1,1,1,1,1,1,1,1,1,1,1,1,1,1,1,1,1,1,1,1,1,1,1,1,1,1,1,1,1,1,1,1,1,1,1,1,1,1,1,1,1,1,1,1,1,1,1,1,1,1,1,1,1,1,1,1,1,1,1,1,1,1,1,1,1,1,1,1,1,1,1,1,1,1,1,1,1,1,1,1,1,1,1,1,1,1,1,1,1,1,1,1,1,1,1,1,1,1,1,1,1,1,1,1,1,1,1,1,1,1,1,1,1,1,1,1,1,1,1,1,1,1,1,1,1,1,1,1,1,1,1,1,1,1,1,1,1,1,1,1,1,1,1,1,1,1,1,1,1,1,1,1,1,1,1,1,1,1,1,1,1,1,1,1,1,1,1,1,1,1,1,1,1,1,1,1,1,1,1,1,1,1,1,1,1,1,1,1,1,1,1,1,1,1,1,1,1,1,1,1,1,1,1,1,1,1,1,1,1,1,1,1,1,1,1,1,1,1,1,1,1,1,1,1,1,1,1,1,1,1,1,1,1,1,1,1,1,1,1,1,1,1,1,1,1,1,1,1,1,1,1,1,1,1,1,1,1,1,1,1,1,1,1
drooping 1
contrive 1
date 1,1
corn 1,1,1,1,1,1,1,1,1,1,1,1,1,1,1,1,1
drug 1
spitting 1
branches 1,1,1,1,1,1,1,1
line 1,1,1,1,1,1,1,1,1,1,1,1,1,1,1,1,1,1,1,1,1,1,1,1,1,1
Boun 1
affairs 1
dashes 1
snap 1,1
begins 1,1,1,1,1,1,1
fumbling 1,1
wind 1,1,1,1,1,1,1,1,1,1,1,1,1
talking 1,1,1,1,1,1,1,1,1,1,1,1,1,1,1,1,1,1,1,1,1,1,1,1,1,1,1,1,1,1,1,1
cows 1,1
blue 1,1,1,1,1,1,1,1,1,1,1,1,1,1,1,1
Relationship 1
faces 1,1,1,1,1,1
_preacher_ 1
list 1,1,1
strange 1,1,1,1,1,1
darkened 1
with 1,1,1,1,1,1,1,1,1,1,1,1,1,1,1,1,1,1,1,1,1,1,1,1,1,1,1,1,1,1,1,1,1,1,1,1,1,1,1,1,1,1,1,1,1,1,1,1,1,1,1,1,1,1,1,1,1,1,1,1,1,1,1,1,1,1,1,1,1,1,1,1,1,1,1,1,1,1,1,1,1,1,1,1,1,1,1,1,1,1,1,1,1,1,1,1,1,1,1,1,1,1,1,1,1,1,1,1,1,1,1,1,1,1,1,1,1,1,1,1,1,1,1,1,1,1,1,1,1,1,1,1,1,1,1,1,1,1,1,1,1,1,1,1,1,1,1,1,1,1,1,1,1,1,1,1,1,1,1,1,1,1,1,1,1,1,1,1,1,1,1,1,1,1,1,1,1,1,1,1,1,1,1,1,1,1,1,1,1,1,1,1,1,1,1,1,1,1,1,1,1,1,1,1,1,1,1,1,1,1,1,1,1,1,1,1,1,1,1,1,1,1,1,1,1,1,1,1,1,1,1,1,1,1,1,1,1,1,1,1,1,1,1,1,1,1,1,1,1,1,1,1,1,1,1,1,1,1,1,1,1,1,1,1,1,1,1,1,1,1,1,1,1,1,1,1,1,1,1,1,1,1,1,1,1,1,1,1,1,1,1,1,1,1,1,1,1,1,1,1,1,1,1,1,1,1,1,1,1,1,1,1,1,1,1,1,1,1,1,1,1,1,1,1,1,1,1,1,1,1,1,1,1,1,1,1,1,1,1,1,1,1,1,1,1,1,1,1,1,1,1,1,1,1,1,1,1,1,1,1,1,1,1,1,1,1,1,1,1,1,1,1,1,1,1,1,1,1,1,1,1,1,1,1,1,1,1,1,1,1,1,1,1,1,1,1,1,1,1,1,1,1,1,1,1,1,1,1,1,1,1,1,1,1,1,1,1,1,1,1,1,1,1,1,1,1,1,1,1,1,1,1,1,1,1,1,1,1,1,1,1,1,1,1,1,1,1,1,1,1,1,1,1,1,1,1,1,1,1,1,1,1,1,1,1,1,1,1,1,1,1,1,1,1,1,1,1,1,1,1,1,1,1,1,1,1,1,1,1,1,1,1,1,1,1,1,1,1,1,1,1,1,1,1,1,1,1,1,1,1,1,1,1,1,1,1,1,1,1,1,1,1,1,1,1,1,1,1,1,1,1,1,1,1,1,1,1,1,1,1,1,1,1,1,1,1,1,1,1,1,1,1,1,1,1,1,1,1,1,1,1,1,1,1,1,1,1,1,1,1,1,1,1,1,1,1,1,1,1
desprate 1
ever 1,1,1,1,1,1,1,1,1,1,1,1,1,1,1,1,1,1,1,1,1,1,1,1,1,1,1,1,1,1,1,1,1,1,1,1,1,1,1,1,1,1,1,1,1,1,1,1,1,1,1,1,1,1,1,1,1,1,1,1,1,1,1,1,1,1,1,1,1,1,1,1,1,1,1,1,1,1,1,1,1,1,1,1,1,1,1,1,1,1,1,1,1,1,1,1,1,1,1,1,1,1,1,1,1,1,1,1,1,1,1,1,1,1,1,1,1,1,1,1,1,1,1,1,1,1,1,1,1,1,1,1,1,1,1,1,1,1,1,1,1,1,1,1,1,1,1,1,1,1,1,1,1,1,1,1,1,1,1,1,1,1,1,1,1,1,1,1,1,1,1,1,1,1,1,1,1,1,1,1,1,1,1,1,1,1,1,1,1,1,1,1,1,1,1,1,1,1,1,1,1,1,1,1,1,1,1,1,1,1
imperative 1
generly 1,1,1,1,1,1,1,1,1,1,1
Moore 1,1
jammed 1,1
Three 1,1
explanations 1
dancette 1
English 1,1,1
treading 1
languishy 1
meddling 1,1
declaration 1
_kind_ 1,1
Crack 1
gethered 1,1
_they_ 1,1,1,1,1,1,1,1,1,1,1
receipt 1,1,1
whoops 1,1,1,1
thicker 1,1
anything 1,1,1,1,1,1,1,1,1,1,1,1,1,1,1,1,1,1,1,1,1,1,1,1,1,1,1,1,1,1,1,1,1,1,1,1,1,1,1,1,1,1,1,1,1,1,1,1,1,1,1,1,1,1,1,1,1,1,1,1,1,1,1,1,1,1,1,1,1,1,1,1,1,1,1,1,1,1,1,1,1,1,1,1,1,1
pets 1,1
Country 1
_mighty_ 1,1
barrel 1,1,1,1,1,1,1,1
sliding 1,1,1,1,1
rubbage 1,1,1,1,1,1,1,1
KIND 1
Hain 1,1,1,1,1
fidgety 1,1,1
trim 1
jump 1,1,1,1,1,1,1,1,1,1,1,1,1,1,1
soft 1,1,1,1,1,1,1,1,1,1,1,1,1,1
trusting 1,1,1
Salt 1
traps 1,1,1,1,1,1,1,1
ashore 1,1,1,1,1,1,1,1,1,1,1,1,1,1,1,1,1,1,1,1
pecks 1
just 1,1,1,1,1,1,1,1,1,1,1,1,1,1,1,1,1,1,1,1,1,1,1,1,1,1,1,1,1,1,1,1,1,1,1,1,1,1,1,1,1,1,1,1,1,1,1,1,1,1,1,1,1,1,1,1,1,1,1,1,1,1,1,1,1,1,1,1,1,1,1,1,1,1,1,1,1,1,1,1,1,1,1,1,1,1,1,1,1,1,1,1,1,1,1,1,1,1,1,1,1,1,1,1,1,1,1,1,1,1,1,1,1,1,1,1,1,1,1,1,1,1,1,1,1,1,1,1,1,1,1,1,1,1,1,1,1,1,1,1,1,1,1,1,1,1,1,1,1,1,1,1,1,1,1,1,1,1,1,1,1,1,1,1,1,1,1,1,1,1,1,1,1,1,1,1,1,1,1,1,1,1,1,1,1,1,1,1,1,1,1,1,1,1,1,1,1,1,1,1,1,1,1,1,1,1,1,1,1,1,1,1,1,1,1,1,1,1,1,1,1,1,1,1,1,1,1,1,1,1,1,1,1,1,1,1,1,1,1,1,1,1,1,1,1,1,1,1,1,1,1,1,1,1,1,1,1,1,1,1
sold 1,1,1,1,1,1,1,1,1,1,1,1,1,1,1,1,1,1
midnight 1,1,1,1,1,1,1,1,1,1,1,1,1
holy 1
sqush 1
hole 1,1,1,1,1,1,1,1,1,1,1,1,1,1,1,1,1,1,1,1,1,1,1,1,1,1
royalty 1
skaddle 1
Hasn 1
Hare 1,1,1,1
dived 1,1
member 1
Pile 1
evening 1,1,1,1,1,1,1,1
return 1,1,1
seats 1,1,1
drown 1,1
Recovering 1
Oho 1
drove 1,1,1,1,1,1,1
patent 1
hove 1,1,1,1,1,1
unbolting 1
ignorant 1,1,1,1,1,1,1
sticking 1,1,1
benefactors 1
collection 1,1,1,1,1,1
Captive 1
moonshine 1
_out_ 1,1
Title 1
Leggo 1
dances 1
scatter 1,1
tight 1,1,1,1,1,1,1,1,1,1,1,1,1,1,1
clothesline 1
Louis 1,1,1,1,1,1,1,1,1,1,1,1,1,1,1
comin 1,1,1,1,1,1
Declaration 1
trader 1
kangaroo 1
rag 1,1,1,1,1,1,1,1
Maybe 1,1,1,1,1,1,1
unlocking 1
robbed 1,1,1
calling 1,1,1,1
Expectation 1
oilcloth 1
fishes 1
spot 1
Phelpses 1
Hopper 1
spun 1
_head_ 1
dumb 1,1,1,1,1,1
row 1,1,1,1,1,1,1,1,1,1
intellectural 1
plunkety 1
hired 1,1
aps 1
unbarring 1
000 1
Cuss 1,1
fluttering 1
grace 1,1,1,1
noticed 1,1,1,1,1,1,1,1,1,1,1,1,1,1,1,1,1,1,1
crick 1,1,1,1,1,1,1,1
Sophia 1,1,1,1,1,1,1,1
carryin 1
edition 1
crying 1,1,1,1,1,1,1,1,1,1,1,1,1,1,1,1,1,1
_Please_ 1
itch 1,1,1,1
duty 1,1,1,1
dangers 1
slick 1,1,1,1,1
trunk 1,1,1,1,1,1,1
glorious 1
scole 1
beings 1
accounts 1,1,1,1,1,1,1
_want_ 1,1,1,1,1,1,1,1,1
Mission 1
personal 1
aluz 1
sponge 1
nodded 1
lugged 1
bes 1,1
deep 1,1,1,1,1,1,1,1,1,1,1,1,1,1,1,1,1,1
deef 1,1,1,1,1,1
sir 1,1,1,1,1,1,1,1,1,1,1,1,1,1,1,1,1,1,1,1,1,1,1,1
over 1,1,1,1,1,1,1,1,1,1,1,1,1,1,1,1,1,1,1,1,1,1,1,1,1,1,1,1,1,1,1,1,1,1,1,1,1,1,1,1,1,1,1,1,1,1,1,1,1,1,1,1,1,1,1,1,1,1,1,1,1,1,1,1,1,1,1,1,1,1,1,1,1,1,1,1,1,1,1,1,1,1,1,1,1,1,1,1,1,1,1,1,1,1,1,1,1,1,1,1,1,1,1,1,1,1,1,1,1,1,1,1,1,1,1,1,1,1,1,1,1,1,1,1,1,1,1,1,1,1,1,1,1,1,1,1,1,1,1,1,1,1,1,1,1,1,1,1,1,1,1,1,1,1,1,1,1,1,1,1,1,1,1,1,1,1,1,1,1,1,1,1,1,1,1,1,1,1,1,1,1,1,1,1,1,1,1,1,1,1,1,1,1,1,1,1,1,1,1,1,1,1,1,1,1,1,1,1,1,1,1,1,1,1,1,1,1,1,1,1,1,1,1,1,1,1,1,1,1,1,1,1,1,1,1,1,1,1,1,1,1,1,1,1,1,1,1,1,1,1,1,1,1,1,1,1,1,1,1,1,1,1,1,1,1,1,1,1,1,1,1,1,1,1,1,1,1,1,1,1,1,1,1,1,1,1
chuckles 1
humans 1
husky 1,1,1
edging 1
tiptop 1
paragraph 1,1,1,1,1,1,1,1,1,1
sly 1,1,1,1
cupboard 1,1
constant 1,1,1
_Sold_ 1
whittling 1
friend 1,1,1,1,1,1,1,1,1,1,1,1,1,1,1,1,1,1
morning 1,1,1,1,1,1,1,1,1,1,1,1,1,1,1,1,1,1,1,1,1,1,1,1,1,1,1,1,1,1,1,1,1,1,1,1,1,1,1,1,1,1,1,1,1,1,1,1,1,1
joggle 1
smuggle 1,1
Anyways 1,1
_HUCK 1
flittering 1
Pikesville 1,1
tickled 1
Murders 1
bum 1,1,1,1,1,1
cheered 1,1
horns 1
ripply 1
gradual 1
Whack 1
Opposition 1
bluffs 1,1
Ophelia 1
Pardon 1
brazen 1
Sometimes 1,1,1,1,1,1,1,1,1,1,1,1,1
dozen 1,1,1,1,1,1,1,1,1,1
_go_ 1,1
dozed 1
patients 1
tune 1
sweetened 1,1
carried 1,1,1,1,1,1,1,1
bulges 1
hail 1,1,1
