plumes 1
idol 1
tea 1
6 1,1
whitened 1
hang 1,1,1,1,1,1,1,1,1,1
T 1,1,1,1
h 1,1
eating 1,1,1
straight 1,1,1,1,1,1,1
r 1
throned 1,1
information 1,1,1,1
walked 1,1,1,1,1,1,1,1,1,1
harm 1,1,1,1,1,1
raging 1,1
muster 1
marvels 1,1,1,1
ensue 1
pink 1
clodding 1
constituted 1
cry 1,1,1,1,1,1,1,1,1,1,1,1,1,1,1,1,1
spires 1
Curious 1
concert 1
pity 1,1,1,1,1,1,1,1,1,1
worked 1,1,1,1,1,1,1,1
unflagging 1
Hear 1
watchful 1
calmly 1,1
attack 1,1
worried 1
inclination 1
Movements 1
speech 1,1,1,1,1,1,1,1,1,1
envying 1
shapely 1
marring 1
There 1,1,1,1,1,1,1,1,1,1,1,1,1,1,1,1,1,1,1,1,1,1,1,1,1,1,1,1,1,1,1,1,1,1,1,1,1,1,1,1,1,1,1,1,1,1,1,1,1,1,1,1,1,1,1,1,1,1,1,1,1,1,1,1,1,1,1,1,1,1,1,1,1,1,1,1,1,1,1,1,1,1,1,1,1,1,1,1
shorn 1
fuddled 1,1
thish 1
furiously 1,1,1
deemed 1
flogged 1,1
Self 1
Send 1,1
shows 1
stays 1
elsewhere 1,1,1
mumble 1,1
revenge 1,1,1,1,1,1,1,1
built 1,1,1,1,1
further 1,1,1,1,1,1,1,1,1,1,1
matrons 1
preached 1
gloated 1
engraved 1
grass 1,1,1,1,1,1,1,1
latch 1
withdrawing 1
dim 1,1,1,1,1,1,1,1,1
tete 1,1
limestone 1,1
forgotten 1,1,1,1
transfixed 1
Lady 1,1
sheets 1,1,1
blinded 1
Big 1,1
length 1,1,1,1
grand 1,1,1
baby 1,1
blossoms 1
colicky 1
dog 1,1,1,1,1,1,1,1,1,1,1,1,1,1,1,1
stream 1,1,1,1,1,1,1
dully 1
make 1,1,1,1,1,1,1,1,1,1,1,1,1,1,1,1,1,1,1,1,1,1,1,1,1,1,1,1,1,1,1,1,1,1,1,1,1,1,1,1,1,1,1,1,1,1,1,1,1,1,1,1,1,1,1,1,1
included 1,1,1
waving 1
thread 1,1,1,1,1,1,1,1,1
bowie 1,1
orbit 1
Lane 1,1
miscreant 1
twinkle 1
expression 1,1
treat 1,1,1
Last 1,1,1,1,1
speck 1,1,1,1
admitted 1,1,1,1
sealed 1,1
crushed 1
knock 1,1,1,1
blankets 1,1
marbles 1,1,1,1,1,1,1
gratifying 1
bars 1,1
schoolyard 1,1
step 1,1,1,1,1,1,1
EBook 1,1
worn 1,1,1,1,1,1,1
priceless 1
delays 1
word 1,1,1,1,1,1,1,1,1,1,1,1,1,1,1,1,1,1,1,1,1,1,1,1,1,1,1,1
eat 1,1,1,1,1,1,1,1
exists 1
thinned 1,1
Tisn 1
spell 1
Can 1,1,1,1,1,1,1,1,1
thrust 1,1,1,1,1,1,1,1
spent 1,1,1,1,1,1,1
branch 1,1,1,1,1
kites 1,1
empire 1
neat 1,1
surveying 1
version 1
stop 1,1,1,1,1,1,1,1,1,1,1,1,1
Aw 1
representing 1,1
tearing 1,1,1,1,1,1
Tis 1,1,1
Market 1
ecstasies 1,1
tadpoles 1
forty 1,1,1,1,1,1,1
_There_ 1
_revenge_ 1
skinned 1
succeeding 1,1
Tom 1,1,1,1,1,1,1,1,1,1,1,1,1,1,1,1,1,1,1,1,1,1,1,1,1,1,1,1,1,1,1,1,1,1,1,1,1,1,1,1,1,1,1,1,1,1,1,1,1,1,1,1,1,1,1,1,1,1,1,1,1,1,1,1,1,1,1,1,1,1,1,1,1,1,1,1,1,1,1,1,1,1,1,1,1,1,1,1,1,1,1,1,1,1,1,1,1,1,1,1,1,1,1,1,1,1,1,1,1,1,1,1,1,1,1,1,1,1,1,1,1,1,1,1,1,1,1,1,1,1,1,1,1,1,1,1,1,1,1,1,1,1,1,1,1,1,1,1,1,1,1,1,1,1,1,1,1,1,1,1,1,1,1,1,1,1,1,1,1,1,1,1,1,1,1,1,1,1,1,1,1,1,1,1,1,1,1,1,1,1,1,1,1,1,1,1,1,1,1,1,1,1,1,1,1,1,1,1,1,1,1,1,1,1,1,1,1,1,1,1,1,1,1,1,1,1,1,1,1,1,1,1,1,1,1,1,1,1,1,1,1,1,1,1,1,1,1,1,1,1,1,1,1,1,1,1,1,1,1,1,1,1,1,1,1,1,1,1,1,1,1,1,1,1,1,1,1,1,1,1,1,1,1,1,1,1,1,1,1,1,1,1,1,1,1,1,1,1,1,1,1,1,1,1,1,1,1,1,1,1,1,1,1,1,1,1,1,1,1,1,1,1,1,1,1,1,1,1,1,1,1,1,1,1,1,1,1,1,1,1,1,1,1,1,1,1,1,1,1,1,1,1,1,1,1,1,1,1,1,1,1,1,1,1,1,1,1,1,1,1,1,1,1,1,1,1,1,1,1,1,1,1,1,1,1,1,1,1,1,1,1,1,1,1,1,1,1,1,1,1,1,1,1,1,1,1,1,1,1,1,1,1,1,1,1,1,1,1,1,1,1,1,1,1,1,1,1,1,1,1,1,1,1,1,1,1,1,1,1,1,1,1,1,1,1,1,1,1,1,1,1,1,1,1,1,1,1,1,1,1,1,1,1,1,1,1,1,1,1,1,1,1,1,1,1,1,1,1,1,1,1,1,1,1,1,1,1,1,1,1,1,1,1,1,1,1,1,1,1,1,1,1,1,1,1,1,1,1,1,1,1,1,1,1,1,1,1,1,1,1,1,1,1,1,1,1,1,1,1,1,1,1,1,1,1,1,1,1,1,1,1,1,1,1,1,1,1,1,1,1,1,1,1,1,1,1,1,1,1,1,1,1,1,1,1,1,1,1,1,1,1,1,1,1,1,1,1,1,1,1,1,1,1,1,1,1,1,1,1,1,1,1,1,1,1,1,1,1,1,1,1,1,1,1,1,1,1,1,1,1,1,1,1,1,1,1,1,1,1,1,1,1,1,1,1,1,1,1,1,1,1,1,1,1,1,1,1,1,1,1,1,1,1,1,1,1,1,1,1,1,1,1,1,1,1,1,1,1,1,1,1,1,1,1,1,1,1,1,1,1,1,1,1,1,1,1,1,1,1,1,1,1,1,1,1,1,1,1,1,1,1,1,1,1,1,1,1,1,1,1,1,1,1,1,1,1,1,1,1,1,1,1,1,1,1,1,1,1,1,1,1,1,1,1,1,1,1,1,1,1,1,1,1,1,1,1,1,1,1,1,1,1,1,1,1,1,1,1,1,1,1,1,1,1,1,1,1,1,1,1,1,1,1,1,1,1,1,1,1,1,1,1,1,1,1,1,1,1,1,1,1,1,1,1,1,1,1,1,1,1,1,1,1,1,1,1,1,1,1,1,1,1,1,1,1,1,1,1,1
climbed 1,1,1,1,1,1,1
awfully 1
remade 1
shake 1,1,1,1,1
shaky 1,1
tribe 1
companionship 1
dreamy 1,1
_lordy_ 1
antelope 1
relieve 1
Pleading 1
farther 1,1,1,1
personating 1,1
Two 1,1,1,1,1,1,1,1,1,1,1,1,1,1,1
Auntie 1,1,1
cemetery 1
So 1,1,1,1,1,1,1,1,1,1,1,1,1,1,1,1,1,1,1,1,1,1,1,1,1,1,1,1,1,1,1,1,1,1,1,1,1,1,1,1,1,1,1,1,1,1,1,1,1,1,1,1,1,1,1,1,1,1,1,1,1,1,1
Other 1,1
exclaimed 1,1,1,1,1,1,1,1,1,1,1
sharing 1
deposed 1
clothing 1,1,1
classes 1
Battle 1
XV 1,1
synonymous 1
stuck 1,1,1,1,1,1
taxed 1
Yi 1
PLEASE 1
leaky 1
older 1,1
relieved 1,1
pirates 1,1,1,1,1,1,1,1,1,1,1,1,1,1,1,1
grip 1
behold 1,1,1
fee 1,1,1,1,1,1,1,1
sullenly 1
rail 1
hung 1,1,1,1,1,1,1,1,1,1,1,1,1
choked 1,1
who 1,1,1,1,1,1,1,1,1,1,1,1,1,1,1,1,1,1,1,1,1,1,1,1,1,1,1,1,1,1,1,1,1,1,1,1,1,1,1,1,1,1,1,1,1,1,1,1,1,1,1,1,1,1,1,1,1,1,1
faith 1,1,1
why 1,1,1,1,1,1,1,1,1,1,1,1,1,1,1,1,1,1,1,1,1,1
remark 1,1,1,1,1,1
wid 1
hospitality 1,1
win 1,1,1,1
starboard 1
flitted 1
losing 1
rang 1,1
addition 1
proceeding 1
food 1,1,1,1,1
preceded 1
Ardor 1
decaying 1
Fate 1,1
never 1,1,1,1,1,1,1,1,1,1,1,1,1,1,1,1,1,1,1,1,1,1,1,1,1,1,1,1,1,1,1,1,1,1,1,1,1,1,1,1,1,1,1,1,1,1,1,1,1,1,1,1,1,1,1,1,1,1,1,1,1,1,1,1,1,1,1,1,1,1,1,1,1,1,1,1,1,1,1,1,1,1,1,1,1,1,1,1,1,1,1,1,1,1,1,1,1,1,1,1,1,1,1,1,1,1,1,1,1,1,1,1,1,1,1,1,1,1,1,1,1,1,1,1
foe 1
portly 1
revealments 1
go 1,1,1,1,1,1,1,1,1,1,1,1,1,1,1,1,1,1,1,1,1,1,1,1,1,1,1,1,1,1,1,1,1,1,1,1,1,1,1,1,1,1,1,1,1,1,1,1,1,1,1,1,1,1,1,1,1,1,1,1,1,1,1,1,1,1,1,1,1,1,1,1,1,1,1,1,1,1,1,1,1,1,1,1,1,1,1,1,1,1,1,1,1,1,1,1,1,1,1,1,1,1,1,1,1,1,1,1,1,1,1,1,1,1,1,1,1,1,1,1,1,1,1,1,1
treetops 1,1
fork 1
place_ 1
appeared 1,1,1,1,1,1,1,1,1,1,1,1
four 1,1,1,1,1,1,1,1,1,1,1,1
im 1
majestic 1,1,1,1
slackened 1,1
wooded 1
places 1,1,1,1,1,1,1,1,1,1
flowing 1
recollects 1
Mistake 1
heap 1
596 1
rocked 1
relapse 1,1
seek 1,1
heel 1,1,1
discoverer 1
witched 1
analyzed 1
single 1,1,1,1
Ship 1
commercial 1
Himself 1
usual 1,1,1,1,1,1,1,1,1,1,1
Please 1,1,1,1,1,1,1,1,1,1,1,1,1
frightened 1,1
apron 1,1
courts 1
drenching 1
gen 1
brain 1
located 1,1,1,1
addresses 1,1
lightest 1
proud 1,1,1,1,1,1
candles 1,1,1,1,1,1,1
threatenings 1
hers 1
Rest 1
git 1,1,1,1,1,1
undergoing 1
committal 1
audience 1,1,1,1,1
resolved 1,1,1,1,1,1
ungraspable 1
Vision 1
cleared 1,1
taint 1,1
indifference 1,1,1
groaned 1
camel 1
corporation 1
hundred 1,1,1,1,1,1,1,1,1,1,1,1,1,1,1,1
remembers 1
handkerchief 1,1,1
jaded 1,1
wake 1,1,1,1,1,1,1
void 1
READ 1
swag 1,1,1
bush 1
High 1
grieve 1,1
Married 1
relapsed 1
Washington 1
chasm 1
Writing 1
proclaimed 1
unlock 1
lash 1
rattle 1
stooped 1,1
yesterday 1,1,1
denying 1
wheeled 1
bowels 1
terrific 1,1
passenger 1
lawn 1,1
drowsed 1
XII 1,1
his 1,1,1,1,1,1,1,1,1,1,1,1,1,1,1,1,1,1,1,1,1,1,1,1,1,1,1,1,1,1,1,1,1,1,1,1,1,1,1,1,1,1,1,1,1,1,1,1,1,1,1,1,1,1,1,1,1,1,1,1,1,1,1,1,1,1,1,1,1,1,1,1,1,1,1,1,1,1,1,1,1,1,1,1,1,1,1,1,1,1,1,1,1,1,1,1,1,1,1,1,1,1,1,1,1,1,1,1,1,1,1,1,1,1,1,1,1,1,1,1,1,1,1,1,1,1,1,1,1,1,1,1,1,1,1,1,1,1,1,1,1,1,1,1,1,1,1,1,1,1,1,1,1,1,1,1,1,1,1,1,1,1,1,1,1,1,1,1,1,1,1,1,1,1,1,1,1,1,1,1,1,1,1,1,1,1,1,1,1,1,1,1,1,1,1,1,1,1,1,1,1,1,1,1,1,1,1,1,1,1,1,1,1,1,1,1,1,1,1,1,1,1,1,1,1,1,1,1,1,1,1,1,1,1,1,1,1,1,1,1,1,1,1,1,1,1,1,1,1,1,1,1,1,1,1,1,1,1,1,1,1,1,1,1,1,1,1,1,1,1,1,1,1,1,1,1,1,1,1,1,1,1,1,1,1,1,1,1,1,1,1,1,1,1,1,1,1,1,1,1,1,1,1,1,1,1,1,1,1,1,1,1,1,1,1,1,1,1,1,1,1,1,1,1,1,1,1,1,1,1,1,1,1,1,1,1,1,1,1,1,1,1,1,1,1,1,1,1,1,1,1,1,1,1,1,1,1,1,1,1,1,1,1,1,1,1,1,1,1,1,1,1,1,1,1,1,1,1,1,1,1,1,1,1,1,1,1,1,1,1,1,1,1,1,1,1,1,1,1,1,1,1,1,1,1,1,1,1,1,1,1,1,1,1,1,1,1,1,1,1,1,1,1,1,1,1,1,1,1,1,1,1,1,1,1,1,1,1,1,1,1,1,1,1,1,1,1,1,1,1,1,1,1,1,1,1,1,1,1,1,1,1,1,1,1,1,1,1,1,1,1,1,1,1,1,1,1,1,1,1,1,1,1,1,1,1,1,1,1,1,1,1,1,1,1,1,1,1,1,1,1,1,1,1,1,1,1,1,1,1,1,1,1,1,1,1,1,1,1,1,1,1,1,1,1,1,1,1,1,1,1,1,1,1,1,1,1,1,1,1,1,1,1,1,1,1,1,1,1,1,1,1,1,1,1,1,1,1,1,1,1,1,1,1,1,1,1,1,1,1,1,1,1,1,1,1,1,1,1,1,1,1,1,1,1,1,1,1,1,1,1,1,1,1,1,1,1,1,1,1,1,1,1,1,1,1,1,1,1,1,1,1,1,1,1,1,1,1,1,1,1,1,1,1,1,1,1,1,1,1,1,1,1,1,1,1,1,1,1,1,1,1,1,1,1,1,1,1,1,1,1,1,1,1,1,1,1,1,1,1,1,1,1,1,1,1,1,1,1,1,1,1,1,1,1,1,1,1,1,1,1,1,1,1,1,1,1,1,1,1,1,1,1,1,1,1,1,1,1,1,1,1,1,1,1,1,1,1,1,1,1,1,1,1,1,1,1,1,1,1,1,1,1,1,1,1,1,1,1,1,1,1,1,1,1,1,1,1,1,1,1,1,1,1,1,1,1,1,1,1,1,1,1,1,1,1,1,1,1,1,1,1,1,1,1,1,1,1,1,1,1,1,1,1,1,1,1
history 1,1,1,1,1,1,1
point 1,1,1,1,1,1,1,1,1,1
grownup 1
advance 1
Practices 1
dental 1
lacked 1,1
LIMITED 1,1,1
beds 1,1
waverer 1
corpse 1,1,1,1,1,1
how 1,1,1,1,1,1,1,1,1,1,1,1,1,1,1,1,1,1,1,1,1,1,1,1,1,1,1,1,1,1,1,1,1,1,1,1,1,1,1,1,1,1,1,1,1,1,1,1,1,1,1,1,1,1,1,1,1,1,1,1,1,1,1,1,1,1,1,1,1,1,1,1,1
blast 1,1,1,1
bolder 1
misplaced 1
sometimes 1,1,1,1,1,1,1,1,1,1,1,1
magnificently 1
reckon 1,1,1,1,1,1,1,1,1,1,1,1,1,1,1,1,1,1,1,1,1,1,1,1,1,1,1,1,1,1,1,1,1,1,1,1,1,1,1,1,1,1,1,1,1,1,1,1,1,1,1,1,1,1,1,1,1,1,1,1,1,1,1,1,1,1,1,1,1,1,1,1,1,1
confusion 1
Well 1,1,1,1,1,1,1,1,1,1,1,1,1,1,1,1,1,1,1,1,1,1,1,1,1,1,1,1,1,1,1,1,1,1,1,1,1,1,1,1,1,1,1,1,1,1,1,1,1,1,1,1,1,1,1,1,1,1,1,1,1,1,1,1,1,1,1,1,1,1,1,1,1,1,1,1,1,1,1,1,1,1,1,1,1,1,1,1,1,1,1,1,1,1,1,1,1,1,1,1,1,1,1,1,1,1,1,1,1,1,1,1,1,1,1,1,1,1,1,1,1,1
Language 1
notice 1,1,1,1,1,1,1,1,1,1,1
hug 1
repulsed 1
dropped 1,1,1,1,1,1,1,1,1,1,1,1,1,1,1,1,1,1,1,1,1
melt 1
XXX 1,1
trigger 1
able 1,1,1,1,1
blade 1,1
downloading 1
jolly 1,1
sooner 1,1
coroner 1
movements 1
allusions 1
steamboat 1,1
master 1,1,1,1,1,1,1,1,1,1,1,1,1,1,1,1,1,1,1,1,1,1,1,1,1,1
Unknown 1
nevertheless 1,1,1,1,1,1,1,1,1
fact 1,1,1,1,1,1,1,1,1
whenever 1,1,1,1
quarrelling 1
Latin 1
scraped 1
raindrops 1
removal 1
safety 1
upstreet 1
seize 1,1
nettle 1
immunity 1
Benton 1
Praise 1
napped 1
incorruptible 1
finished 1,1,1,1,1,1,1,1,1,1,1
pone 1,1
_done_ 1
operations 1
pomp 1,1
fans 1
Dore 1
close 1,1,1,1,1,1,1,1,1,1,1,1,1,1,1,1,1,1,1,1,1,1,1,1
pots 1,1
post 1
tiresome 1
searching 1,1,1
hungered 1
identify 1
improvement 1
VISION 1
resented 1
unobtrusive 1
clock 1,1,1,1,1,1,1,1,1,1,1,1
Thatchers 1
badly 1,1,1
Sawbones 1
abashed 1
hokey 1
jay 1
reel 1
Refund 1
unexplored 1
hymn 1,1,1,1,1,1
handed 1,1
worth 1,1,1,1,1,1,1,1,1,1,1,1
tarnished 1
Has 1
lonesomer 1
lifted 1,1,1,1,1,1,1,1,1,1
everywhere 1,1,1,1,1,1,1
parties 1,1,1,1,1
leaving 1,1,1,1
thout 1,1
unto 1
stranger 1,1,1,1,1,1,1,1
bagged 1
Hey 1
freedom 1
shortcomings 1
Woods 1
compliment 1
wedge 1
flickering 1,1,1
fascinate 1
plank 1,1,1,1,1
deepened 1,1,1
Business 1,1,1
flocked 1,1,1
REFUND 1
captured 1,1,1,1,1
breed 1,1,1,1,1
tunnel 1
Nobility 1
Pleasant 1
plate 1
astronomer 1,1
powers 1
paused 1,1,1,1,1
knees 1,1,1,1,1,1,1,1,1,1
skirts 1
Executive 1
Europe 1
attached 1
interesting 1,1,1
raised 1,1,1,1,1,1,1,1,1
cross 1,1,1,1,1,1,1,1,1,1,1
hilarity 1
descriptive 1
lordy 1,1,1
clowns 1
brushing 1
Dreams 1
Town 1
Solemn 1,1
grapes 1
Drawing 1
What 1,1,1,1,1,1,1,1,1,1,1,1,1,1,1,1,1,1,1,1,1,1,1,1,1,1,1,1,1,1,1,1,1,1,1,1,1,1,1,1,1,1,1,1,1,1,1,1,1,1,1,1,1,1,1,1,1,1,1,1,1,1,1,1,1,1,1,1,1,1,1,1,1,1,1,1,1,1,1,1,1,1,1,1,1,1,1,1,1,1,1,1,1,1,1,1,1,1,1,1,1,1,1,1
Bringing 1
clapping 1
initiation 1,1
swarthy 1
Answer 1
backed 1,1
rowing 1,1
weak 1,1,1,1,1
1876 1
sunlight 1
passage 1,1,1,1
eased 1
accent 1
meanwhile 1
licks 1,1
characters 1,1
address 1
throw 1,1,1,1,1,1
thank 1
Its 1,1,1
derrick 1
absently 1
kerchiefs 1
fierce 1
gaily 1
employee 1
pray 1,1
lam 1,1
law 1,1,1,1
adventure 1,1,1,1,1,1,1,1,1,1,1,1,1,1
hastily 1
troop 1
sucking 1
wherein 1
cargo 1
wandered 1,1,1,1,1,1,1,1,1,1,1,1
clad 1,1,1,1,1
lie 1,1,1,1,1,1,1,1,1,1,1,1,1,1,1,1,1,1,1
lidless 1
away 1,1,1,1,1,1,1,1,1,1,1,1,1,1,1,1,1,1,1,1,1,1,1,1,1,1,1,1,1,1,1,1,1,1,1,1,1,1,1,1,1,1,1,1,1,1,1,1,1,1,1,1,1,1,1,1,1,1,1,1,1,1,1,1,1,1,1,1,1,1,1,1,1,1,1,1,1,1,1,1,1,1,1,1,1,1,1,1,1,1,1,1,1,1,1,1,1,1,1,1,1,1,1,1,1,1,1,1,1,1,1,1,1,1,1,1,1,1,1,1,1,1,1,1,1,1,1,1,1,1
Damn 1
pain 1,1,1
Happy 1,1
paid 1,1,1,1,1,1,1,1
pallet 1
Goody 1
threw 1,1,1,1,1,1,1,1,1,1
Hodges 1
Life 1,1,1,1,1,1
pans 1
accidental 1
undefined 1,1
fury 1
clip 1
disappeared 1,1,1,1,1,1,1,1,1,1
suddenness 1
dong 1,1,1,1
ease 1,1
culminated 1
interfere 1,1
sketches 1
Palace 1,1
easy 1,1,1,1,1,1,1,1,1,1
domain 1,1,1,1,1,1,1
existed 1
grateful 1,1,1,1,1,1,1,1,1,1
mind 1,1,1,1,1,1,1,1,1,1,1,1,1,1,1,1,1,1,1,1,1,1,1,1,1,1,1,1,1,1,1,1,1,1,1,1,1,1,1,1,1,1,1,1,1,1,1,1,1,1,1
glides 1
ostentatious 1
miss 1,1,1,1
doze 1
spelling 1,1,1,1,1,1,1
fear 1,1,1,1,1,1,1,1,1,1,1
Somebody 1,1,1
bits 1,1,1,1,1
messages 1
juncture 1
marvellous 1
equipment 1,1,1
drearier 1
lulled 1
conceive 1
unpiratical 1
winked 1
waked 1,1
CLOSE 1
goals 1
avoided 1,1
humpbacked 1
mid 1,1
believe 1,1,1,1,1,1,1,1,1,1,1,1,1,1,1,1,1,1,1
signpainter 1,1,1
open 1,1,1,1,1,1,1,1,1,1,1,1,1,1,1,1,1,1,1,1,1
infallible 1
forces 1
glowed 1,1
nonproprietary 1
fickle 1
ourselves 1
voice 1,1,1,1,1,1,1,1,1,1,1,1,1,1,1,1,1,1,1,1,1,1,1,1,1,1,1,1,1,1,1
float 1,1
_live_ 1
Contact 1
swarm 1
agreeable 1,1
happening 1
fared 1
folded 1,1
Inspired 1
Tail 1,1,1,1
behavior 1
growled 1
bitterest 1
Little 1,1
responsible 1,1,1
aloft 1,1,1
family 1,1,1,1,1,1,1,1
rolled 1,1,1,1
crevices 1,1
_humans_ 1
Hood 1,1,1,1,1,1,1,1,1,1
foundations 1,1,1,1
crossing 1
Some 1,1,1,1,1,1,1,1
holiday 1,1,1,1
stores 1
slit 1
Lay 1
tops 1
elaboration 1
intervals 1,1,1,1
steeped 1
reverently 1
smarty 1
bothersome 1
nic 1
tote 1
shoulder 1,1,1,1
obeyed 1
mournful 1
swung 1
benediction 1,1
breaks 1
Five 1
when 1,1,1,1,1,1,1,1,1,1,1,1,1,1,1,1,1,1,1,1,1,1,1,1,1,1,1,1,1,1,1,1,1,1,1,1,1,1,1,1,1,1,1,1,1,1,1,1,1,1,1,1,1,1,1,1,1,1,1,1,1,1,1,1,1,1,1,1,1,1,1,1,1,1,1,1,1,1,1,1,1,1,1,1,1,1,1,1,1,1,1,1,1,1,1,1,1,1,1,1,1,1,1,1,1,1,1,1,1,1,1,1,1,1,1,1,1,1,1,1,1,1,1,1,1,1,1,1,1,1,1,1,1,1,1,1,1,1,1,1,1,1,1,1,1,1,1,1,1,1,1,1,1,1,1,1,1,1,1,1
modest 1
struggling 1,1,1,1
tother 1
shirt 1,1,1,1,1,1
songs 1
hampered 1
mourned 1,1
Backs 1
widow 1,1,1,1,1,1,1,1,1,1,1,1,1,1,1,1,1,1,1,1,1,1,1,1,1,1,1
whit 1
borne 1,1
Hardly 1,1
unworthy 1
scarcely 1,1,1,1,1,1,1,1
alternate 1
Better 1,1,1
stairs 1,1,1,1
seduction 1
mountains 1,1
brightest 1
class 1,1,1,1,1,1,1
Although 1
sketching 1
very 1,1,1,1,1,1,1,1,1,1,1,1,1,1,1,1,1,1,1,1,1,1,1,1,1,1,1,1,1,1,1,1,1,1,1,1,1,1,1,1,1,1,1,1,1,1,1,1,1,1,1,1,1,1,1,1,1,1,1,1,1,1,1,1,1,1,1,1,1,1,1,1,1,1,1,1
drag 1
Man 1,1
roamed 1
impudence 1
Conqueror 1
keys 1,1,1
preparations 1
regretful 1
drew 1,1,1,1,1,1,1,1,1,1,1,1,1,1,1,1
wrought 1,1,1
Hermits 1
liar 1,1,1
Came 1
NOW 1
pure 1
colt 1,1
lied 1
pupil 1,1
Mont 1
capacity 1,1
out 1,1,1,1,1,1,1,1,1,1,1,1,1,1,1,1,1,1,1,1,1,1,1,1,1,1,1,1,1,1,1,1,1,1,1,1,1,1,1,1,1,1,1,1,1,1,1,1,1,1,1,1,1,1,1,1,1,1,1,1,1,1,1,1,1,1,1,1,1,1,1,1,1,1,1,1,1,1,1,1,1,1,1,1,1,1,1,1,1,1,1,1,1,1,1,1,1,1,1,1,1,1,1,1,1,1,1,1,1,1,1,1,1,1,1,1,1,1,1,1,1,1,1,1,1,1,1,1,1,1,1,1,1,1,1,1,1,1,1,1,1,1,1,1,1,1,1,1,1,1,1,1,1,1,1,1,1,1,1,1,1,1,1,1,1,1,1,1,1,1,1,1,1,1,1,1,1,1,1,1,1,1,1,1,1,1,1,1,1,1,1,1,1,1,1,1,1,1,1,1,1,1,1,1,1,1,1,1,1,1,1,1,1,1,1,1,1,1,1,1,1,1,1,1,1,1,1,1,1,1,1,1,1,1,1,1,1,1,1,1,1,1,1,1,1,1,1,1,1,1,1,1,1,1,1,1,1,1,1,1,1,1,1,1,1,1,1,1,1,1,1,1,1,1,1,1
drooping 1,1,1,1
elbows 1,1,1
oblivion 1
Caught 1,1
date 1,1
festooning 1
corn 1,1,1,1,1
branches 1,1
line 1,1,1,1,1,1,1,1,1,1,1,1,1,1,1,1,1,1,1
affairs 1
groups 1,1
hearse 1
chatting 1
snap 1
remote 1,1
you_ 1
lion 1,1
wind 1,1,1,1,1,1,1,1,1,1
independent 1
talking 1,1,1,1,1,1,1,1,1,1,1,1,1,1,1,1,1
cows 1
blue 1,1,1,1,1,1,1,1,1,1,1,1,1,1,1,1,1,1
faces 1,1,1,1,1,1,1,1,1,1,1,1,1,1
harmony 1,1
chill 1,1
list 1,1
strange 1,1,1,1,1,1,1
vanquished 1
fulness 1
victory 1,1,1
with 1,1,1,1,1,1,1,1,1,1,1,1,1,1,1,1,1,1,1,1,1,1,1,1,1,1,1,1,1,1,1,1,1,1,1,1,1,1,1,1,1,1,1,1,1,1,1,1,1,1,1,1,1,1,1,1,1,1,1,1,1,1,1,1,1,1,1,1,1,1,1,1,1,1,1,1,1,1,1,1,1,1,1,1,1,1,1,1,1,1,1,1,1,1,1,1,1,1,1,1,1,1,1,1,1,1,1,1,1,1,1,1,1,1,1,1,1,1,1,1,1,1,1,1,1,1,1,1,1,1,1,1,1,1,1,1,1,1,1,1,1,1,1,1,1,1,1,1,1,1,1,1,1,1,1,1,1,1,1,1,1,1,1,1,1,1,1,1,1,1,1,1,1,1,1,1,1,1,1,1,1,1,1,1,1,1,1,1,1,1,1,1,1,1,1,1,1,1,1,1,1,1,1,1,1,1,1,1,1,1,1,1,1,1,1,1,1,1,1,1,1,1,1,1,1,1,1,1,1,1,1,1,1,1,1,1,1,1,1,1,1,1,1,1,1,1,1,1,1,1,1,1,1,1,1,1,1,1,1,1,1,1,1,1,1,1,1,1,1,1,1,1,1,1,1,1,1,1,1,1,1,1,1,1,1,1,1,1,1,1,1,1,1,1,1,1,1,1,1,1,1,1,1,1,1,1,1,1,1,1,1,1,1,1,1,1,1,1,1,1,1,1,1,1,1,1,1,1,1,1,1,1,1,1,1,1,1,1,1,1,1,1,1,1,1,1,1,1,1,1,1,1,1,1,1,1,1,1,1,1,1,1,1,1,1,1,1,1,1,1,1,1,1,1,1,1,1,1,1,1,1,1,1,1,1,1,1,1,1,1,1,1,1,1,1,1,1,1,1,1,1,1,1,1,1,1,1,1,1,1,1,1,1,1,1,1,1,1,1,1,1,1,1,1,1,1,1,1,1,1,1,1,1,1,1,1,1,1,1,1,1,1,1,1,1,1,1,1,1,1,1,1,1,1,1,1,1,1,1,1,1,1,1,1,1,1,1,1,1,1,1,1,1,1,1,1,1,1,1,1,1,1,1,1,1,1,1,1,1,1,1,1,1,1,1,1,1,1,1,1,1,1,1,1,1,1,1,1,1,1,1,1,1,1,1,1,1,1,1,1,1,1,1,1,1,1,1,1,1,1,1,1,1,1,1,1,1,1,1,1,1,1,1,1,1,1,1,1,1,1,1,1,1,1,1,1,1,1,1,1,1,1,1,1,1,1,1,1,1,1,1,1,1,1,1,1,1,1,1,1,1,1,1,1,1,1,1,1,1,1,1,1,1,1,1,1,1,1,1,1,1,1,1,1,1,1,1,1,1,1,1,1,1,1,1,1,1,1,1,1,1,1,1,1,1,1,1,1,1,1,1,1,1,1,1,1,1,1,1,1,1,1,1,1,1,1,1,1,1,1,1,1,1,1,1,1,1,1,1,1,1,1,1,1,1,1,1,1,1,1,1,1,1,1,1,1,1,1,1,1,1,1,1,1,1,1,1,1,1,1
smuggled 1
slowly 1,1,1,1,1,1,1
ever 1,1,1,1,1,1,1,1,1,1,1,1,1,1,1,1,1,1,1,1,1,1,1,1,1,1,1,1,1,1,1,1,1,1,1,1,1,1,1,1,1,1,1,1,1,1,1,1,1,1,1,1,1,1,1,1,1,1,1,1,1,1,1,1,1,1,1,1,1,1,1,1,1,1,1,1,1,1,1,1,1,1,1,1,1,1,1,1,1,1,1,1,1,1,1,1,1,1
hubbub 1
doughnut 1
Counter 1
jammed 1
disagreed 1
Three 1,1,1,1,1,1,1,1
tempt 1
rising 1,1,1,1
locate 1
fruit 1
victim 1,1
English 1,1,1
velvet 1
triumphant 1
nobler 1
prize 1,1,1,1,1,1
fainting 1
_they_ 1,1
receipt 1,1
anything 1,1,1,1,1,1,1,1,1,1,1,1,1,1,1,1,1,1,1,1,1,1,1,1,1,1,1,1,1,1,1,1,1,1,1,1,1,1,1,1,1,1,1,1,1,1,1,1,1,1,1,1,1,1,1,1
heavens 1
apparently 1,1,1
tampered 1
questioning 1
barrel 1,1
infested 1
sliding 1
rubbage 1,1
flooding 1
KIND 1
Hain 1
Homely 1
festive 1
hoarse 1,1
soft 1,1,1,1
knowledge 1
jump 1,1
devised 1
simpering 1
comer 1
procured 1
Salt 1
traps 1
rubber 1
ashore 1,1,1,1,1
scholar 1
trifled 1
just 1,1,1,1,1,1,1,1,1,1,1,1,1,1,1,1,1,1,1,1,1,1,1,1,1,1,1,1,1,1,1,1,1,1,1,1,1,1,1,1,1,1,1,1,1,1,1,1,1,1,1,1,1,1,1,1,1,1,1,1,1,1,1,1,1,1,1,1,1,1,1,1,1,1,1,1,1,1,1,1,1,1,1,1,1,1,1,1,1,1,1,1,1,1,1,1,1,1,1,1,1,1,1,1,1,1,1,1,1,1,1,1,1,1,1,1,1,1,1,1,1,1,1,1,1,1,1,1,1,1,1
sold 1,1,1
midnight 1,1,1,1,1,1,1,1,1,1,1,1,1,1,1,1,1
holy 1
hole 1,1,1,1,1,1,1,1,1,1,1
royalty 1
streaming 1,1,1
member 1,1
evening 1,1,1,1,1,1,1,1
return 1,1,1,1,1,1,1,1,1,1,1,1,1
seats 1
drown 1
turtle 1
drove 1,1,1,1,1,1
film 1
grunting 1
patent 1
hove 1,1,1,1
effectually 1
weedgrown 1
splashed 1
ignorant 1
sticking 1
Effort 1
collection 1,1,1,1
mazes 1
Title 1
employ 1
betrayed 1,1
thumb 1
talettes 1
tight 1
space 1,1,1,1
published 1
bosom 1,1,1,1,1,1
Louis 1,1
curtsy 1
rag 1,1
Maybe 1,1,1,1,1,1,1
robbed 1
Assyrian 1
calling 1,1
helpless 1,1
fishes 1
spot 1,1,1,1,1,1,1,1
Detectives 1
solemnities 1,1
tender 1
Pic 1
meditation 1
wailings 1
dumb 1,1,1,1,1,1,1
row 1,1,1
cake 1,1,1,1
Becky 1,1,1,1,1,1,1,1,1,1,1,1,1,1,1,1,1,1,1,1,1,1,1,1,1,1,1,1,1,1,1,1,1,1,1,1,1,1,1,1,1,1,1,1,1,1,1,1,1,1,1,1,1,1,1,1,1,1,1,1,1,1,1,1,1,1,1,1,1,1,1,1,1,1,1,1,1,1,1,1,1,1,1,1,1,1,1,1,1,1,1,1,1,1,1,1,1,1,1,1,1,1,1,1,1,1,1,1,1,1,1,1,1
aps 1
000 1
fluttering 1,1,1,1
grace 1,1
smartness 1
noticed 1,1,1,1,1,1,1,1,1,1,1,1,1,1
scrawl 1
serene 1
ate 1,1,1,1,1
edition 1,1
dander 1
ally 1
crying 1,1,1,1,1,1,1,1,1,1,1,1,1
monotonously 1,1
nooks 1,1
duty 1,1,1,1
trunk 1
exercise 1,1,1
glorious 1,1,1
bore 1,1,1,1,1
beings 1,1,1
colossal 1
persistently 1,1
Agreed 1
unromantic 1
Mission 1
hopelessness 1,1
_obliged_ 1
Twon 1
latter 1,1,1,1,1
personal 1
endeth 1
_Don 1
nodded 1
lugged 1
Planned 1
Comfortable 1
deep 1,1,1,1,1,1,1,1,1,1,1,1,1,1,1,1,1,1,1,1
appalling 1
sir 1,1,1,1,1,1,1,1,1,1,1,1,1,1,1,1,1,1,1
over 1,1,1,1,1,1,1,1,1,1,1,1,1,1,1,1,1,1,1,1,1,1,1,1,1,1,1,1,1,1,1,1,1,1,1,1,1,1,1,1,1,1,1,1,1,1,1,1,1,1,1,1,1,1,1,1,1,1,1,1,1,1,1,1,1,1,1,1,1,1,1,1,1,1,1,1,1,1,1,1,1,1,1,1,1,1,1,1,1,1,1,1,1,1,1,1,1,1,1,1,1,1,1,1,1,1,1,1,1,1,1,1,1,1,1,1,1,1,1,1,1,1,1,1,1,1,1,1,1,1,1,1,1,1,1,1
President 1,1,1
paragraph 1,1,1,1,1,1,1,1,1,1
crystal 1
Melons 1
cupboard 1
constant 1,1
sob 1
barefoot 1
bankrupted 1
regularity 1
_cross_ 1
posse 1
guile 1
friend 1,1,1,1,1,1,1,1
morning 1,1,1,1,1,1,1,1,1,1,1,1,1,1,1,1,1,1,1,1,1,1,1,1,1,1,1,1,1,1,1,1,1,1
joggle 1
sup 1
express 1
ripple 1,1
horns 1
missing 1,1,1,1,1,1,1
figure 1,1
bluffs 1
retiring 1
nothingness 1
feature 1,1,1
robe 1
Sometimes 1,1,1,1,1,1
utter 1,1
dozen 1,1,1,1,1,1,1
_temporarily_ 1
Hopkins 1,1
sweetened 1
topped 1
carried 1,1,1,1,1,1,1,1,1,1
idle 1,1,1
hail 1
