Twenty 1,1
investment 1
7 1,1,1,1
newspaper 1,1,1,1,1
A 1,1,1,1,1,1,1,1,1,1,1,1,1,1,1,1,1,1,1,1,1,1,1,1,1,1,1,1,1,1,1,1,1,1,1,1,1,1,1,1,1,1,1,1,1,1,1,1,1,1,1,1,1,1,1,1,1,1,1,1,1,1,1,1,1,1,1,1,1,1,1,1,1,1,1,1,1,1,1,1,1,1,1,1,1,1,1,1,1,1,1,1,1,1,1,1,1,1,1,1,1,1,1,1,1
K 1,1,1,1,1,1,1,1,1,1,1,1,1,1,1,1,1,1,1,1,1
result 1,1,1,1,1,1,1,1,1,1,1,1,1,1
U 1,1,1,1,1
Nights 1
s 1,1,1,1,1,1,1,1,1,1,1,1,1,1,1,1,1,1,1,1,1,1,1,1,1,1,1,1,1,1,1,1,1,1,1,1,1,1,1,1,1,1,1,1,1,1,1,1,1,1,1,1,1,1,1,1,1,1,1,1,1,1,1,1,1,1,1,1,1,1,1,1,1,1,1,1,1,1,1,1,1,1,1,1,1,1,1,1,1,1,1,1,1,1,1,1,1,1,1,1,1,1,1,1,1,1,1,1,1,1,1,1,1,1,1,1,1,1,1,1,1,1,1,1,1,1,1,1,1,1,1,1,1,1,1,1,1,1,1,1,1,1,1,1,1,1,1,1,1,1,1,1,1,1,1,1,1,1,1,1,1,1,1,1,1,1,1,1,1,1,1,1,1,1,1,1,1,1,1,1,1,1,1,1,1,1,1,1,1,1,1,1,1,1,1,1,1,1,1,1,1,1,1,1,1,1,1,1,1,1,1,1,1,1,1,1,1,1,1,1,1,1,1,1,1,1,1,1,1,1,1,1,1,1,1,1,1,1,1,1,1,1,1,1,1,1,1,1,1,1,1,1,1,1,1,1,1,1,1,1,1,1,1,1,1,1,1,1,1,1,1,1,1,1,1,1,1,1,1,1,1,1,1,1,1,1,1,1,1,1,1,1,1,1,1,1,1,1,1,1,1,1,1,1,1,1,1,1,1,1,1,1,1,1,1,1,1,1,1,1,1,1,1,1,1,1,1,1,1,1,1,1,1,1,1,1,1,1,1,1,1,1,1,1,1,1,1,1,1,1,1,1,1,1,1,1,1,1,1,1,1,1,1,1,1,1,1,1,1,1,1
good 1,1,1,1,1,1,1,1,1,1,1,1,1,1,1,1,1,1,1,1,1,1,1,1,1,1,1,1,1,1,1,1,1,1,1,1,1,1,1,1,1,1,1,1,1,1,1,1,1,1,1,1,1,1,1,1,1,1,1,1,1,1,1,1,1,1,1,1,1,1,1,1,1,1,1,1,1,1,1,1,1,1,1,1,1,1,1,1,1,1,1,1,1,1,1,1,1,1,1,1,1,1,1,1,1,1,1,1,1,1,1,1,1,1,1
copying 1,1,1,1,1,1
gone 1,1,1,1,1,1,1,1,1,1,1,1,1,1,1,1,1,1,1,1,1,1,1,1,1,1,1,1,1,1,1,1,1,1,1,1,1,1,1,1,1,1
Gate 1,1
hard 1,1,1,1,1,1,1,1,1,1,1,1,1,1,1,1,1,1,1,1,1,1,1,1,1,1,1,1,1
room 1,1,1,1,1,1,1,1,1,1,1,1,1,1,1,1,1,1,1,1,1,1,1,1,1,1,1,1,1,1,1,1,1,1,1,1,1,1,1,1,1,1,1,1,1,1,1,1,1,1,1,1,1,1,1,1,1,1,1,1,1,1,1,1,1,1,1,1,1,1,1,1,1,1,1,1,1,1,1,1,1,1,1,1,1,1,1,1,1,1,1,1,1,1,1,1,1,1,1,1,1,1,1,1,1,1,1,1,1,1,1,1,1,1,1,1,1,1,1,1,1,1,1,1,1,1,1,1,1,1,1,1,1,1,1,1,1,1,1,1,1,1,1,1,1,1,1,1,1,1,1,1,1,1,1,1,1,1,1,1,1,1,1,1,1,1,1,1,1,1,1
conceit 1
timid 1,1
Singularity 1
avail 1
Shillings 1
famous 1,1
additions 1
owns 1,1
including 1,1,1,1,1,1,1,1
initials 1,1,1,1,1,1,1
20% 1
And 1,1,1,1,1,1,1,1,1,1,1,1,1,1,1,1,1,1,1,1,1,1,1,1,1,1,1,1,1,1,1,1,1,1,1,1,1,1,1,1,1,1,1,1,1,1,1,1,1,1,1,1,1,1,1,1,1,1,1,1,1,1,1,1,1,1,1,1,1,1,1,1,1,1,1,1,1,1,1,1,1,1,1,1,1,1,1,1,1,1,1,1,1,1,1,1,1,1,1,1,1,1,1,1,1,1,1,1,1,1,1,1,1,1,1,1,1,1,1,1,1,1,1,1,1,1,1,1,1,1,1,1,1,1,1,1,1,1,1,1,1,1,1,1,1,1,1,1,1,1,1,1,1,1,1,1,1,1,1,1,1,1,1,1,1,1,1,1,1,1,1,1,1,1,1,1,1,1,1,1,1,1,1,1,1,1,1,1,1,1,1,1,1,1,1,1,1,1,1,1
Major 1,1,1,1
state 1,1,1,1,1,1,1,1,1,1,1,1,1,1,1,1,1,1
undue 1
creation 1
BUT 1
desires 1,1
watch 1,1,1,1,1,1,1,1,1,1
margins 1
slapped 1
clatter 1,1
These 1,1,1,1,1,1,1,1,1,1
rashness 1
CONSEQUENTIAL 1
UNCLE 1
attain 1,1
drowsiness 1
competence 1
Wight 1
raising 1,1,1
critical 1
tongs 1
flushed 1,1,1,1
crisp 1,1,1
announcement 1,1,1
Breckinridge 1,1,1,1,1,1,1
See 1,1,1,1,1,1,1,1
average 1,1,1
THE 1,1,1,1,1,1,1,1,1,1,1,1,1,1,1,1,1,1,1,1,1,1,1,1,1,1,1
did 1,1,1,1,1,1,1,1,1,1,1,1,1,1,1,1,1,1,1,1,1,1,1,1,1,1,1,1,1,1,1,1,1,1,1,1,1,1,1,1,1,1,1,1,1,1,1,1,1,1,1,1,1,1,1,1,1,1,1,1,1,1,1,1,1,1,1,1,1,1,1,1,1,1,1,1,1,1,1,1,1,1,1,1,1,1,1,1,1,1,1,1,1,1,1,1,1,1,1,1,1,1,1,1,1,1,1,1,1,1,1,1,1,1,1,1,1,1,1,1,1,1,1,1,1,1,1,1,1,1,1,1,1,1,1,1
$1 1
crystallised 1
midst 1,1,1
parcel 1
remained 1,1,1,1,1,1,1,1,1,1,1,1,1,1,1,1,1,1
occasion 1,1,1,1,1
humours 1
abusive 1
Becher 1,1,1
keyhole 1
lock 1,1,1,1,1,1,1,1,1,1,1,1,1,1,1,1
quinsy 1
dearly 1
kindness 1,1,1,1,1
Florida 1,1,1
warned 1
government 1,1
blackest 1
forward 1,1,1,1,1,1,1,1,1,1,1,1,1,1,1,1,1,1,1,1,1,1,1,1,1,1,1,1,1,1,1
Pacific 1
THAT 1,1
dry 1,1
Wait 1,1
operatic 1
inform 1,1
incorrigible 1
Must 1
band 1,1,1,1,1,1,1,1,1,1,1,1,1
released 1
boxes 1,1,1,1
18 1
PROVIDED 1
male 1,1
shelter 1
27 1,1
remember 1,1,1,1,1,1,1,1,1,1,1,1,1,1,1,1,1,1,1,1,1,1,1,1,1
Baker 1,1,1,1,1,1,1,1,1,1,1,1,1,1,1,1,1,1,1,1,1,1,1,1,1,1,1,1,1,1,1,1,1,1,1,1,1,1,1,1,1,1
2s 1,1
seven 1,1,1,1,1,1,1,1,1,1,1,1,1,1,1,1,1,1,1,1,1,1,1,1,1,1,1,1,1,1,1
compromising 1,1
richness 1
scar 1,1,1,1
Prima 1
bath 1,1
Conan 1,1,1
landing 1,1,1
disgust 1,1
90 1,1,1
van 1
lose 1,1,1,1,1,1,1,1,1,1
convince 1
wore 1,1,1,1,1,1,1,1
across 1,1,1,1,1,1,1,1,1,1,1,1,1,1,1,1,1,1,1,1,1,1,1,1,1,1,1,1,1,1,1,1,1,1,1,1
rushed 1,1,1,1,1,1,1,1,1,1,1,1,1,1,1,1,1,1,1,1,1,1,1,1,1,1,1,1,1,1,1,1,1
verify 1
insult 1,1
sternly 1,1
BEFORE 1
stolen 1,1
Ten 1,1
temporary 1,1
silence 1,1,1,1,1,1,1,1,1,1,1,1,1,1,1,1,1,1,1,1,1,1,1,1
agrees 1
planning 1,1
appropriate 1
BE 1
An 1,1,1,1,1,1,1,1,1
newer 1
Flaubert 1
leave 1,1,1,1,1,1,1,1,1,1,1,1,1,1,1,1,1,1,1,1,1,1,1,1,1,1,1,1,1,1,1,1,1,1,1,1,1,1,1,1,1,1,1,1,1,1,1
serpent 1
Speckled 1
DAMAGE 1
obtaining 1,1,1
kindly 1,1,1,1,1,1,1,1,1,1
Rucastle 1,1,1,1,1,1,1,1,1,1,1,1,1,1,1,1,1,1,1,1,1,1,1,1,1,1,1,1,1,1,1,1,1,1,1,1,1
sleeping 1,1,1
pronounce 1,1
gradually 1,1
outbreak 1
gravel 1,1,1,1
charming 1,1,1,1
If 1,1,1,1,1,1,1,1,1,1,1,1,1,1,1,1,1,1,1,1,1,1,1,1,1,1,1,1,1,1,1,1,1,1,1,1,1,1,1,1,1,1,1,1,1,1,1,1,1,1,1,1,1,1,1,1,1,1,1,1,1,1,1,1,1,1,1,1,1,1,1,1,1,1,1,1,1,1,1,1,1,1,1,1,1
dispel 1
naked 1
links 1,1,1,1
amusement 1,1
fleshless 1,1
running 1,1,1,1,1,1,1,1,1,1,1,1
needle 1
bashful 1
snarled 1,1
companies 1
conclusive 1,1
biassed 1
waved 1,1,1,1
centred 1
such 1,1,1,1,1,1,1,1,1,1,1,1,1,1,1,1,1,1,1,1,1,1,1,1,1,1,1,1,1,1,1,1,1,1,1,1,1,1,1,1,1,1,1,1,1,1,1,1,1,1,1,1,1,1,1,1,1,1,1,1,1,1,1,1,1,1,1,1,1,1,1,1,1,1,1,1,1,1,1,1,1,1,1,1,1,1,1,1,1,1,1,1,1,1,1,1,1,1,1,1,1,1,1,1,1,1,1,1,1,1,1,1
Scott 1
white 1,1,1,1,1,1,1,1,1,1,1,1,1,1,1,1,1,1,1,1,1,1,1,1,1,1,1,1,1
huge 1,1,1,1,1,1,1,1,1,1,1
To 1,1,1,1,1,1,1,1,1,1,1,1,1,1,1,1,1,1,1,1,1,1,1,1,1,1,1,1,1,1,1,1
trumpet 1
fields 1,1,1,1,1,1
supporting 1
news 1,1,1,1,1,1,1,1,1,1,1,1,1,1,1,1,1
greet 1
brightness 1
fat 1,1,1,1,1,1
Always 1
denial 1
portion 1,1,1,1
gain 1,1,1,1,1,1
explore 1
happened 1,1,1,1,1,1,1,1,1,1,1,1,1,1,1,1,1,1,1,1,1,1,1
rage 1,1,1
indebted 1,1,1
malignant 1
effect 1,1,1,1,1,1,1,1,1,1,1,1,1,1,1,1,1,1,1
explaining 1,1
politics 1,1
didn 1,1,1,1,1,1,1,1,1,1,1,1,1,1,1
headache 1
locality 1
former 1,1,1
Coarse 1
breathe 1
scrawled 1,1,1
plunge 1
furnish 1
bequest 1
profound 1,1
END 1
limbs 1,1,1,1,1,1,1
watching 1,1,1,1,1
oily 1
chewing 1
renew 1
he 1,1,1,1,1,1,1,1,1,1,1,1,1,1,1,1,1,1,1,1,1,1,1,1,1,1,1,1,1,1,1,1,1,1,1,1,1,1,1,1,1,1,1,1,1,1,1,1,1,1,1,1,1,1,1,1,1,1,1,1,1,1,1,1,1,1,1,1,1,1,1,1,1,1,1,1,1,1,1,1,1,1,1,1,1,1,1,1,1,1,1,1,1,1,1,1,1,1,1,1,1,1,1,1,1,1,1,1,1,1,1,1,1,1,1,1,1,1,1,1,1,1,1,1,1,1,1,1,1,1,1,1,1,1,1,1,1,1,1,1,1,1,1,1,1,1,1,1,1,1,1,1,1,1,1,1,1,1,1,1,1,1,1,1,1,1,1,1,1,1,1,1,1,1,1,1,1,1,1,1,1,1,1,1,1,1,1,1,1,1,1,1,1,1,1,1,1,1,1,1,1,1,1,1,1,1,1,1,1,1,1,1,1,1,1,1,1,1,1,1,1,1,1,1,1,1,1,1,1,1,1,1,1,1,1,1,1,1,1,1,1,1,1,1,1,1,1,1,1,1,1,1,1,1,1,1,1,1,1,1,1,1,1,1,1,1,1,1,1,1,1,1,1,1,1,1,1,1,1,1,1,1,1,1,1,1,1,1,1,1,1,1,1,1,1,1,1,1,1,1,1,1,1,1,1,1,1,1,1,1,1,1,1,1,1,1,1,1,1,1,1,1,1,1,1,1,1,1,1,1,1,1,1,1,1,1,1,1,1,1,1,1,1,1,1,1,1,1,1,1,1,1,1,1,1,1,1,1,1,1,1,1,1,1,1,1,1,1,1,1,1,1,1,1,1,1,1,1,1,1,1,1,1,1,1,1,1,1,1,1,1,1,1,1,1,1,1,1,1,1,1,1,1,1,1,1,1,1,1,1,1,1,1,1,1,1,1,1,1,1,1,1,1,1,1,1,1,1,1,1,1,1,1,1,1,1,1,1,1,1,1,1,1,1,1,1,1,1,1,1,1,1,1,1,1,1,1,1,1,1,1,1,1,1,1,1,1,1,1,1,1,1,1,1,1,1,1,1,1,1,1,1,1,1,1,1,1,1,1,1,1,1,1,1,1,1,1,1,1,1,1,1,1,1,1,1,1,1,1,1,1,1,1,1,1,1,1,1,1,1,1,1,1,1,1,1,1,1,1,1,1,1,1,1,1,1,1,1,1,1,1,1,1,1,1,1,1,1,1,1,1,1,1,1,1,1,1,1,1,1,1,1,1,1,1,1,1,1,1,1,1,1,1,1,1,1,1,1,1,1,1,1,1,1,1,1,1,1,1,1,1,1,1,1,1,1,1,1,1,1,1,1,1,1,1,1,1,1,1,1,1,1,1,1,1,1,1,1,1,1,1,1,1,1,1,1,1,1,1,1,1,1,1,1,1,1,1,1,1,1,1,1,1,1,1,1,1,1,1,1,1,1,1,1,1,1,1,1,1,1,1,1,1,1,1,1,1,1,1,1,1,1,1,1,1,1,1,1,1,1,1,1,1,1,1,1,1,1,1,1,1,1,1,1,1,1,1,1,1,1,1,1,1,1,1,1,1,1,1,1,1,1,1,1,1,1,1,1,1,1,1,1,1,1,1,1,1,1,1,1,1,1,1,1,1,1,1,1,1,1,1,1,1,1,1,1,1,1,1,1,1,1,1,1,1,1,1,1,1,1,1,1,1,1,1,1,1,1,1,1,1,1,1,1,1,1,1,1,1,1,1,1,1,1,1,1,1,1,1,1,1,1,1,1,1,1,1,1,1,1,1,1,1,1,1,1,1,1,1,1,1,1,1,1,1,1,1,1,1,1,1,1,1,1,1,1,1,1,1,1,1,1,1,1,1,1,1,1,1,1,1,1,1,1,1,1,1,1,1,1,1,1,1,1,1,1,1,1,1,1,1,1,1,1,1,1,1,1,1,1,1,1,1,1,1,1,1,1,1,1,1,1,1,1,1,1,1,1,1,1,1,1,1,1,1,1,1,1,1,1,1,1,1,1,1,1,1,1,1,1,1,1,1,1,1,1,1,1,1,1,1,1,1,1,1,1,1,1,1,1,1,1,1,1,1,1,1,1,1,1,1,1,1,1,1,1,1,1,1,1,1,1,1,1,1,1,1,1,1,1,1,1,1,1,1,1,1,1,1,1,1,1,1,1,1,1,1,1,1,1,1,1,1,1,1,1,1,1,1,1,1,1,1,1,1,1,1,1,1,1,1,1,1,1,1,1,1,1,1,1,1,1,1,1,1,1,1,1,1,1,1,1,1,1,1,1,1,1,1,1,1,1,1,1,1,1,1,1,1,1,1,1,1,1,1,1,1,1,1,1,1,1,1,1,1,1,1,1,1,1,1,1,1,1,1,1,1,1,1,1,1,1,1,1,1,1,1,1,1,1,1,1,1,1,1,1,1,1,1,1,1,1,1,1,1,1,1,1,1,1,1,1,1,1,1,1,1,1,1,1,1,1,1,1,1,1,1,1,1,1,1,1,1,1,1,1,1,1,1,1,1,1,1,1,1,1,1,1,1,1,1,1,1,1,1,1,1,1,1,1,1,1,1,1,1,1,1,1,1,1,1,1,1,1,1,1,1
diving 1
else 1,1,1,1,1,1,1,1,1,1,1,1,1,1,1,1,1,1,1,1,1,1,1,1,1,1,1,1,1,1,1,1
in 1,1,1,1,1,1,1,1,1,1,1,1,1,1,1,1,1,1,1,1,1,1,1,1,1,1,1,1,1,1,1,1,1,1,1,1,1,1,1,1,1,1,1,1,1,1,1,1,1,1,1,1,1,1,1,1,1,1,1,1,1,1,1,1,1,1,1,1,1,1,1,1,1,1,1,1,1,1,1,1,1,1,1,1,1,1,1,1,1,1,1,1,1,1,1,1,1,1,1,1,1,1,1,1,1,1,1,1,1,1,1,1,1,1,1,1,1,1,1,1,1,1,1,1,1,1,1,1,1,1,1,1,1,1,1,1,1,1,1,1,1,1,1,1,1,1,1,1,1,1,1,1,1,1,1,1,1,1,1,1,1,1,1,1,1,1,1,1,1,1,1,1,1,1,1,1,1,1,1,1,1,1,1,1,1,1,1,1,1,1,1,1,1,1,1,1,1,1,1,1,1,1,1,1,1,1,1,1,1,1,1,1,1,1,1,1,1,1,1,1,1,1,1,1,1,1,1,1,1,1,1,1,1,1,1,1,1,1,1,1,1,1,1,1,1,1,1,1,1,1,1,1,1,1,1,1,1,1,1,1,1,1,1,1,1,1,1,1,1,1,1,1,1,1,1,1,1,1,1,1,1,1,1,1,1,1,1,1,1,1,1,1,1,1,1,1,1,1,1,1,1,1,1,1,1,1,1,1,1,1,1,1,1,1,1,1,1,1,1,1,1,1,1,1,1,1,1,1,1,1,1,1,1,1,1,1,1,1,1,1,1,1,1,1,1,1,1,1,1,1,1,1,1,1,1,1,1,1,1,1,1,1,1,1,1,1,1,1,1,1,1,1,1,1,1,1,1,1,1,1,1,1,1,1,1,1,1,1,1,1,1,1,1,1,1,1,1,1,1,1,1,1,1,1,1,1,1,1,1,1,1,1,1,1,1,1,1,1,1,1,1,1,1,1,1,1,1,1,1,1,1,1,1,1,1,1,1,1,1,1,1,1,1,1,1,1,1,1,1,1,1,1,1,1,1,1,1,1,1,1,1,1,1,1,1,1,1,1,1,1,1,1,1,1,1,1,1,1,1,1,1,1,1,1,1,1,1,1,1,1,1,1,1,1,1,1,1,1,1,1,1,1,1,1,1,1,1,1,1,1,1,1,1,1,1,1,1,1,1,1,1,1,1,1,1,1,1,1,1,1,1,1,1,1,1,1,1,1,1,1,1,1,1,1,1,1,1,1,1,1,1,1,1,1,1,1,1,1,1,1,1,1,1,1,1,1,1,1,1,1,1,1,1,1,1,1,1,1,1,1,1,1,1,1,1,1,1,1,1,1,1,1,1,1,1,1,1,1,1,1,1,1,1,1,1,1,1,1,1,1,1,1,1,1,1,1,1,1,1,1,1,1,1,1,1,1,1,1,1,1,1,1,1,1,1,1,1,1,1,1,1,1,1,1,1,1,1,1,1,1,1,1,1,1,1,1,1,1,1,1,1,1,1,1,1,1,1,1,1,1,1,1,1,1,1,1,1,1,1,1,1,1,1,1,1,1,1,1,1,1,1,1,1,1,1,1,1,1,1,1,1,1,1,1,1,1,1,1,1,1,1,1,1,1,1,1,1,1,1,1,1,1,1,1,1,1,1,1,1,1,1,1,1,1,1,1,1,1,1,1,1,1,1,1,1,1,1,1,1,1,1,1,1,1,1,1,1,1,1,1,1,1,1,1,1,1,1,1,1,1,1,1,1,1,1,1,1,1,1,1,1,1,1,1,1,1,1,1,1,1,1,1,1,1,1,1,1,1,1,1,1,1,1,1,1,1,1,1,1,1,1,1,1,1,1,1,1,1,1,1,1,1,1,1,1,1,1,1,1,1,1,1,1,1,1,1,1,1,1,1,1,1,1,1,1,1,1,1,1,1,1,1,1,1,1,1,1,1,1,1,1,1,1,1,1,1,1,1,1,1,1,1,1,1,1,1,1,1,1,1,1,1,1,1,1,1,1,1,1,1,1,1,1,1,1,1,1,1,1,1,1,1,1,1,1,1,1,1,1,1,1,1,1,1,1,1,1,1,1,1,1,1,1,1,1,1,1,1,1,1,1,1,1,1,1,1,1,1,1,1,1,1,1,1,1,1,1,1,1,1,1,1,1,1,1,1,1,1,1,1,1,1,1,1,1,1,1,1,1,1,1,1,1,1,1,1,1,1,1,1,1,1,1,1,1,1,1,1,1,1,1,1,1,1,1,1,1,1,1,1,1,1,1,1,1,1,1,1,1,1,1,1,1,1,1,1,1,1,1,1,1,1,1,1,1,1,1,1,1,1,1,1,1,1,1,1,1,1,1,1,1,1,1,1,1,1,1,1,1,1,1,1,1,1,1,1,1,1,1,1,1,1,1,1,1,1,1,1,1,1,1,1,1,1,1,1,1,1,1,1,1,1,1,1,1,1,1,1,1,1,1,1,1,1,1,1,1,1,1,1,1,1,1,1,1,1,1,1,1,1,1,1,1,1,1,1,1,1,1,1,1,1,1,1,1,1,1,1,1,1,1,1,1,1,1,1,1,1,1,1,1,1,1,1,1,1,1,1,1,1,1,1,1,1,1,1,1,1,1,1,1,1,1,1,1,1,1,1,1,1,1,1,1,1,1,1,1,1,1,1,1,1,1,1,1,1,1,1,1,1,1,1,1,1,1,1,1,1,1,1,1,1,1,1,1,1,1,1,1,1,1,1,1,1,1,1,1,1,1,1,1,1,1,1,1,1,1,1,1,1,1,1,1,1,1,1,1,1,1,1,1,1,1,1,1,1,1,1,1,1,1,1,1,1,1,1,1,1,1,1,1,1,1,1,1,1,1,1,1,1,1,1,1,1,1,1,1,1,1,1,1,1,1,1,1,1,1,1,1,1,1,1,1,1,1,1,1,1,1,1,1,1,1,1,1,1,1,1,1,1,1,1,1,1,1,1,1,1,1,1,1,1,1,1,1,1,1,1,1,1,1,1,1,1,1,1,1,1,1,1,1,1,1,1,1,1,1,1,1,1,1,1,1,1,1,1,1,1,1,1,1,1,1,1,1,1,1,1,1,1,1,1,1,1,1,1,1,1,1,1,1,1,1,1,1,1,1,1,1,1,1,1,1,1,1,1,1,1,1,1,1,1,1,1,1,1,1,1,1,1,1,1,1,1,1,1,1,1,1,1,1,1,1,1,1,1,1,1,1,1,1,1,1,1,1,1,1,1,1,1,1,1,1,1,1,1,1,1,1,1,1,1,1,1,1,1,1,1,1,1,1,1,1,1,1,1,1,1,1,1,1,1,1,1,1,1,1,1,1,1,1,1,1,1,1,1,1,1,1,1,1,1,1,1,1,1,1,1,1,1,1,1,1,1,1,1,1,1,1,1,1,1,1,1,1,1,1,1,1,1,1,1,1,1,1,1,1,1,1,1,1,1,1,1,1,1,1,1,1,1,1,1,1,1,1,1,1,1,1,1,1,1,1,1,1,1,1,1,1,1,1,1,1,1,1,1,1,1,1,1,1,1,1,1,1,1,1,1,1,1,1,1,1,1,1,1,1,1,1,1,1,1,1,1,1,1,1,1,1,1,1,1,1,1,1,1,1,1,1,1,1,1,1,1,1,1,1,1,1,1,1,1,1,1,1,1,1,1,1,1,1,1,1,1,1,1,1,1,1,1,1,1,1,1,1,1,1,1,1,1,1,1,1,1,1,1,1,1,1,1,1,1,1,1,1,1,1,1,1,1,1,1,1,1,1,1,1,1,1,1,1,1,1,1,1,1,1,1,1,1,1,1,1,1,1,1,1,1,1,1,1,1,1,1,1,1,1,1,1,1,1,1,1,1,1,1,1,1,1,1,1,1,1,1,1,1,1,1,1,1,1,1,1,1,1,1,1,1,1,1,1,1,1,1,1,1,1
dismissed 1
announce 1,1
disposal 1,1
literature 1,1
clearing 1,1,1,1,1,1,1,1
accomplishment 1
fasten 1
tinge 1
3rd 1,1,1
dirt 1
prediction 1
mixed 1,1,1
pausing 1
oh 1
or 1,1,1,1,1,1,1,1,1,1,1,1,1,1,1,1,1,1,1,1,1,1,1,1,1,1,1,1,1,1,1,1,1,1,1,1,1,1,1,1,1,1,1,1,1,1,1,1,1,1,1,1,1,1,1,1,1,1,1,1,1,1,1,1,1,1,1,1,1,1,1,1,1,1,1,1,1,1,1,1,1,1,1,1,1,1,1,1,1,1,1,1,1,1,1,1,1,1,1,1,1,1,1,1,1,1,1,1,1,1,1,1,1,1,1,1,1,1,1,1,1,1,1,1,1,1,1,1,1,1,1,1,1,1,1,1,1,1,1,1,1,1,1,1,1,1,1,1,1,1,1,1,1,1,1,1,1,1,1,1,1,1,1,1,1,1,1,1,1,1,1,1,1,1,1,1,1,1,1,1,1,1,1,1,1,1,1,1,1,1,1,1,1,1,1,1,1,1,1,1,1,1,1,1,1,1,1,1,1,1,1,1,1,1,1,1,1,1,1,1,1,1,1,1,1,1,1,1,1,1,1,1,1,1,1,1,1,1,1,1,1,1,1,1,1,1,1,1,1,1,1,1,1,1,1,1,1,1,1,1,1,1,1,1,1,1
foolishly 1
indications 1,1
wallowed 1
splendid 1
determination 1
clever 1,1,1,1,1,1,1
hundreds 1,1,1
recent 1,1,1,1,1,1
re 1,1,1,1,1,1,1,1
wander 1,1,1,1
guardianship 1
donors 1
bridge 1,1,1,1
singular 1,1,1,1,1,1,1,1,1,1,1,1,1,1,1,1,1,1,1,1,1,1,1,1,1,1,1,1,1,1,1,1
waistcoat 1,1,1,1,1,1,1
inquest 1,1,1,1
compelled 1,1,1,1,1,1
tm 1,1,1,1,1,1,1,1,1,1,1,1,1,1,1,1,1,1,1,1,1,1,1,1,1,1,1,1,1,1,1,1,1,1,1,1,1,1,1,1,1,1,1,1,1,1,1,1,1,1,1,1,1,1,1,1,1
separate 1,1,1,1
generations 1,1,1,1
rules 1,1,1
Gustave 1
commuting 1
thin 1,1,1,1,1,1,1,1,1,1,1,1,1,1,1,1,1,1,1,1,1
gossiping 1
ingenious 1,1
willingly 1
gas 1,1,1,1,1,1,1,1
slight 1,1,1,1,1,1,1,1,1,1,1,1,1,1,1
beyond 1,1,1,1,1,1,1
meddler 1
terms 1,1,1,1,1,1,1,1,1,1,1,1,1,1,1,1,1,1,1,1,1,1
nails 1,1
north 1,1,1,1,1,1
nervously 1
sedentary 1
baleful 1
continued 1,1,1,1,1,1,1,1,1,1,1,1,1,1
suspect 1,1
help 1,1,1,1,1,1,1,1,1,1,1,1,1,1,1,1,1,1,1,1,1,1,1,1,1,1,1,1,1,1,1,1,1,1,1,1,1,1,1,1,1,1,1,1,1,1,1,1,1,1
passers 1,1,1
dress 1,1,1,1,1,1,1,1,1,1,1,1,1,1,1,1,1,1,1,1,1,1,1,1,1,1,1
tossing 1,1
purposes 1,1,1,1
feeble 1
edged 1,1
vanishing 1,1,1
Water 1
twins 1,1
heather 1
mastery 1
lights 1,1,1,1
Stars 1
dragging 1
sewn 1
lace 1,1
remunerative 1
toast 1
authority 1
changing 1
flashed 1,1,1
write 1,1,1,1,1,1,1,1,1
Wellington 1
heaven 1,1
suspended 1
coolest 1
tempted 1
consequence 1
parapet 1
easterly 1
brazier 1,1
basin 1,1
arms 1,1,1,1,1,1,1,1,1,1,1,1,1
personate 1
bearded 1
land 1,1,1,1,1,1,1,1,1
lame 1
crony 1
marry 1,1,1,1,1,1,1
arrangements 1,1,1
events 1,1,1,1,1,1,1,1,1,1,1,1,1,1,1,1
peeress 1
pestering 1
politicians 1
wash 1,1,1
carelessly 1,1,1
chalk 1,1,1
wave 1,1,1
engineer 1,1,1,1,1,1,1
wages 1,1,1
observing 1,1,1,1
bedrooms 1,1,1
pungent 1
grasping 1
chain 1,1,1,1,1,1,1,1,1,1
beam 1
hit 1,1,1
protruded 1,1,1
tapping 1,1,1,1,1
straighten 1,1
ceiling 1,1,1,1,1,1,1,1,1,1
meal 1,1,1
Left 1
stride 1,1
lurched 1
putting 1,1,1,1,1,1,1,1,1
burglar 1
For 1,1,1,1,1,1,1,1,1,1,1,1,1,1,1,1,1,1,1,1,1,1,1,1,1,1,1,1,1,1,1,1,1
beginning 1,1,1,1,1,1,1
waiting 1,1,1,1,1,1,1,1,1,1,1,1,1,1,1,1,1,1,1,1,1,1,1,1,1,1,1,1,1,1,1,1,1,1
atone 1
burgled 1,1
bell 1,1,1,1,1,1,1,1,1,1,1,1,1,1,1,1,1,1,1,1,1,1,1,1,1
impression 1,1,1,1,1,1,1,1,1,1,1,1,1,1,1,1
anatomy 1
lengthen 1
could 1,1,1,1,1,1,1,1,1,1,1,1,1,1,1,1,1,1,1,1,1,1,1,1,1,1,1,1,1,1,1,1,1,1,1,1,1,1,1,1,1,1,1,1,1,1,1,1,1,1,1,1,1,1,1,1,1,1,1,1,1,1,1,1,1,1,1,1,1,1,1,1,1,1,1,1,1,1,1,1,1,1,1,1,1,1,1,1,1,1,1,1,1,1,1,1,1,1,1,1,1,1,1,1,1,1,1,1,1,1,1,1,1,1,1,1,1,1,1,1,1,1,1,1,1,1,1,1,1,1,1,1,1,1,1,1,1,1,1,1,1,1,1,1,1,1,1,1,1,1,1,1,1,1,1,1,1,1,1,1,1,1,1,1,1,1,1,1,1,1,1,1,1,1,1,1,1,1,1,1,1,1,1,1,1,1,1,1,1,1,1,1,1,1,1,1,1,1,1,1,1,1,1,1,1,1,1,1,1,1,1,1,1,1,1,1,1,1,1,1,1,1,1,1,1,1,1,1,1,1,1,1,1,1,1,1,1,1,1,1,1,1,1,1,1,1,1,1,1,1,1,1,1,1,1,1,1,1,1,1,1,1,1,1,1,1,1,1,1,1,1,1,1,1,1,1,1,1,1,1,1,1
bent 1,1,1,1,1,1,1,1,1,1,1,1,1,1
trampled 1,1
friends 1,1,1,1,1,1,1,1,1,1,1,1,1,1
principles 1
present 1,1,1,1,1,1,1,1,1,1,1,1,1,1,1,1,1,1,1,1,1,1,1,1,1,1,1
sulking 1
certainly 1,1,1,1,1,1,1,1,1,1,1,1,1,1,1,1,1,1,1,1,1,1,1,1,1,1,1,1,1,1,1,1
mere 1,1,1,1,1,1,1,1,1,1
originality 1
thereby 1
impulse 1,1
actually 1,1,1,1,1,1,1
Dock 1
oldest 1
ice 1
Does 1,1,1
soothing 1,1,1,1
delusion 1
amateur 1
shave 1,1
binding 1
overtaken 1
Spaulding 1,1,1,1,1,1,1,1
ascertained 1
steep 1
affectionate 1,1
fall 1,1,1,1,1,1,1,1,1,1,1
nice 1,1,1,1,1,1,1
Known 1
sinned 1
incalculable 1
lustre 1
repay 1,1
inn 1,1,1
Might 1,1,1,1,1
grief 1,1,1,1,1,1,1
Parr 1,1
shortly 1,1,1,1,1,1,1
retire 1,1,1
linked 1,1
clambered 1
communicate 1,1,1,1,1
intuition 1,1
businesslike 1
Twelve 1
retreat 1
directors 1,1,1
choose 1,1,1,1
treachery 1,1
Gregory 1
Donations 1,1
Bengal 1
madly 1
college 1
Witness 1,1,1,1,1,1,1,1,1
distributed 1,1,1,1
urged 1,1
heelless 1
silver 1,1,1
preoccupied 1
eBooks 1,1,1,1,1,1,1
smasher 1
acquaintance 1,1,1,1,1,1,1,1,1,1,1
unlocked 1,1,1,1,1
presume 1,1,1,1,1,1,1,1,1,1,1
gear 1
saying 1,1,1,1,1,1,1,1,1,1
overdid 1
fifteen 1,1
poultry 1
mills 1
warnings 1,1,1
Mortimer 1
Foundation 1,1,1,1,1,1,1,1,1,1,1,1,1,1,1,1,1,1,1,1,1,1,1,1
concisely 1
openness 1
unsystematic 1
broken 1,1,1,1,1,1,1,1,1,1,1,1
Theories 1
belated 1
either 1,1,1,1,1,1,1,1,1,1,1,1,1,1,1,1,1,1,1,1,1,1,1,1,1,1,1,1,1,1,1,1,1,1
worst 1,1,1
martyrdom 1
distance 1,1,1,1,1,1,1,1
Yes 1,1,1,1,1,1,1,1,1,1,1,1,1,1,1,1,1,1,1,1,1,1,1,1,1,1,1,1,1,1,1,1,1,1,1,1,1,1,1,1,1,1,1,1,1,1,1,1,1,1,1,1,1,1,1,1,1,1,1,1,1,1,1,1,1,1,1,1,1,1,1,1,1,1,1,1,1,1,1,1,1,1,1,1,1,1,1,1,1,1,1,1,1,1,1,1,1,1,1,1,1
hence 1,1,1
Paramore 1,1
delicate 1,1,1,1,1,1,1
fowls 1,1,1
hollow 1,1,1,1
tenacious 1
bounds 1
cushion 1
comrade 1
Scotia 1
cloud 1,1,1,1,1
detailing 1
wrapped 1,1,1,1
bones 1,1
eaten 1,1
job 1,1,1
investigations 1,1,1
sheer 1,1
gets 1,1,1
civil 1,1
difficulties 1,1,1
Augustine 1
boisterous 1
homeward 1,1,1
candid 1
7th 1
wreath 1
sentence 1,1,1,1,1,1
urgent 1
joke 1,1,1
Church 1,1,1
Nothing 1,1,1,1,1,1,1,1,1,1,1,1,1,1,1,1,1
expressed 1,1
poker 1,1,1
Before 1
savage 1,1
cripple 1,1,1,1,1
Amateur 1
editions 1,1,1,1,1
hereditary 1,1,1,1
threatening 1
commanding 1
sideboard 1,1,1,1,1,1
inadequate 1
streaked 1
silk 1,1,1,1,1
hill 1
dislike 1,1
available 1,1
Paradol 1
sins 1,1
inquiries 1,1,1,1,1,1,1
especially 1,1,1,1,1
hint 1,1
figures 1,1,1,1
overseen 1
Terse 1
virtue 1
types 1
Westbury 1
reach 1,1,1,1,1,1,1,1,1,1,1,1
Give 1,1,1,1,1,1
tangled 1,1,1,1
gentlemen 1,1,1,1,1,1
staining 1
compliments 1
match 1,1,1,1,1,1,1
While 1,1,1
endeavouring 1,1,1,1,1,1
would 1,1,1,1,1,1,1,1,1,1,1,1,1,1,1,1,1,1,1,1,1,1,1,1,1,1,1,1,1,1,1,1,1,1,1,1,1,1,1,1,1,1,1,1,1,1,1,1,1,1,1,1,1,1,1,1,1,1,1,1,1,1,1,1,1,1,1,1,1,1,1,1,1,1,1,1,1,1,1,1,1,1,1,1,1,1,1,1,1,1,1,1,1,1,1,1,1,1,1,1,1,1,1,1,1,1,1,1,1,1,1,1,1,1,1,1,1,1,1,1,1,1,1,1,1,1,1,1,1,1,1,1,1,1,1,1,1,1,1,1,1,1,1,1,1,1,1,1,1,1,1,1,1,1,1,1,1,1,1,1,1,1,1,1,1,1,1,1,1,1,1,1,1,1,1,1,1,1,1,1,1,1,1,1,1,1,1,1,1,1,1,1,1,1,1,1,1,1,1,1,1,1,1,1,1,1,1,1,1,1,1,1,1,1,1,1,1,1,1,1,1,1,1,1,1,1,1,1,1,1,1,1,1,1,1,1,1,1,1,1,1,1,1,1,1,1,1,1,1,1,1,1,1,1,1,1,1,1,1,1,1,1,1,1,1,1,1,1,1,1,1,1,1,1,1,1,1,1,1,1,1,1,1,1,1,1,1,1,1,1,1,1,1,1,1,1,1,1,1,1,1,1,1,1,1,1,1,1,1,1,1,1,1,1,1,1,1,1,1,1,1,1
Small 1
object 1,1,1,1,1,1,1,1,1,1,1,1,1,1,1
elect 1
midway 1
Isa 1,1,1,1
destroyed 1,1,1,1
hardened 1,1,1,1
others 1,1,1,1,1,1,1,1,1,1,1,1,1,1,1,1,1,1,1
encircled 1
making 1,1,1,1,1,1,1,1,1,1,1,1,1,1,1,1
soled 1
lent 1
Redistribution 1
shivering 1
infirmity 1
handling 1,1
splash 1,1,1
sunburnt 1
obtruded 1
product 1,1
lad 1,1,1,1,1,1,1,1,1,1,1
traffic 1,1
were 1,1,1,1,1,1,1,1,1,1,1,1,1,1,1,1,1,1,1,1,1,1,1,1,1,1,1,1,1,1,1,1,1,1,1,1,1,1,1,1,1,1,1,1,1,1,1,1,1,1,1,1,1,1,1,1,1,1,1,1,1,1,1,1,1,1,1,1,1,1,1,1,1,1,1,1,1,1,1,1,1,1,1,1,1,1,1,1,1,1,1,1,1,1,1,1,1,1,1,1,1,1,1,1,1,1,1,1,1,1,1,1,1,1,1,1,1,1,1,1,1,1,1,1,1,1,1,1,1,1,1,1,1,1,1,1,1,1,1,1,1,1,1,1,1,1,1,1,1,1,1,1,1,1,1,1,1,1,1,1,1,1,1,1,1,1,1,1,1,1,1,1,1,1,1,1,1,1,1,1,1,1,1,1,1,1,1,1,1,1,1,1,1,1,1,1,1,1,1,1,1,1,1,1,1,1,1,1,1,1,1,1,1,1,1,1,1,1,1,1,1,1,1,1,1,1,1,1,1,1,1,1,1,1,1,1,1,1,1,1,1,1,1,1,1,1,1,1,1,1,1,1,1,1,1,1,1,1,1,1,1,1,1,1,1,1,1,1,1,1,1,1,1,1,1,1,1,1,1,1,1,1,1,1,1,1,1,1,1,1,1,1,1,1,1,1,1,1,1,1,1,1,1,1,1,1,1,1,1,1,1,1,1,1,1,1,1,1,1,1,1,1,1,1,1,1,1,1,1,1,1,1,1,1,1,1,1,1,1,1,1,1,1,1,1
lengthy 1
doctor 1,1,1,1,1,1,1,1,1,1,1,1,1,1,1,1,1,1,1
lining 1,1,1,1
let 1,1,1,1,1,1,1,1,1,1,1,1,1,1,1,1,1,1,1,1,1,1,1,1,1,1,1,1,1,1,1,1,1,1,1,1,1,1,1,1,1,1,1,1,1,1,1,1,1
pack 1,1,1
postmark 1,1,1,1
clay 1,1,1,1,1,1,1,1
Creating 1
Court 1,1,1,1,1,1,1
unable 1,1,1,1,1
lip 1,1,1,1,1,1,1,1,1,1
chest 1,1,1,1,1,1
sleuth 1
merit 1,1
develop 1
involved 1
full 1,1,1,1,1,1,1,1,1,1,1,1,1,1,1,1,1,1,1,1,1,1,1,1,1,1
cards 1,1,1
supper 1,1,1,1,1,1,1
plugs 1
lot 1,1,1,1,1,1
centre 1,1,1,1,1,1,1,1,1,1,1,1,1,1,1,1
Halifax 1
diabetes 1
curiosity 1,1,1,1,1,1,1,1,1
repute 1,1
minutes 1,1,1,1,1,1,1,1,1,1,1,1,1,1,1,1,1,1,1,1,1,1,1,1,1,1,1,1,1,1,1,1,1,1,1,1,1,1,1,1,1,1,1,1,1,1
particular 1,1,1,1,1,1,1
congratulate 1,1,1,1
alternately 1,1
Ezekiah 1,1
relief 1,1
persuaded 1,1
fitting 1
evolved 1
DISTRIBUTOR 1
narratives 1,1
provinces 1
lodgings 1,1,1,1,1,1,1,1
ushering 1
mine 1,1,1,1,1,1,1,1,1,1,1,1,1,1,1,1,1,1,1,1,1,1,1,1,1,1
clue 1,1,1,1,1,1,1,1,1,1,1,1,1
gratefully 1
impulsively 1
papers 1,1,1,1,1,1,1,1,1,1,1,1,1,1,1,1,1,1,1,1,1,1,1,1,1,1,1,1,1,1,1,1,1,1,1,1,1,1,1,1,1,1,1,1,1
plucking 1
Andover 1
sallies 1
permission 1,1,1,1,1,1,1,1,1,1,1,1
gaslight 1
arduous 1
pays 1
tallied 1
Fordham 1,1
cocksure 1
brawls 1
snuffbox 1
sprung 1,1
kempt 1
rejoiced 1
linoleum 1
handsome 1,1,1,1
nonsense 1,1
coincidences 1
repeat 1
wicked 1,1,1
surveyed 1
masculine 1
circulation 1
breast 1,1,1,1,1
blockaded 1
womanly 1,1
character 1,1,1,1,1,1,1,1,1,1,1,1,1,1,1,1,1,1,1,1
above 1,1,1,1,1,1,1,1,1,1,1,1,1,1,1,1,1,1,1,1,1,1,1,1,1
shared 1,1
trooped 1
whisky 1,1
lobster 1
bears 1,1,1,1
William 1,1,1,1,1
roadway 1
gesture 1,1,1,1,1
urgency 1
autumnal 1,1
overlook 1
gutenberg 1,1,1,1,1
sunshine 1
Smack 1
stile 1,1
caress 1
persecution 1
altogether 1,1,1
alley 1,1
discover 1,1,1,1
imply 1
luxuries 1
grinder 1,1
selfishness 1
Birchmoor 1
music 1,1,1,1
Street 1,1,1,1,1,1,1,1,1,1,1,1,1,1,1,1,1,1,1,1,1,1,1,1,1,1,1,1,1,1,1,1,1,1,1,1,1,1,1,1,1,1,1,1,1,1,1,1,1,1,1,1,1,1,1,1,1,1,1,1,1
impetuous 1
sensations 1
contains 1,1
Putting 1
intentions 1
risen 1,1,1,1
stretch 1
Sussex 1
drifting 1,1
referred 1,1,1,1,1,1,1
told 1,1,1,1,1,1,1,1,1,1,1,1,1,1,1,1,1,1,1,1,1,1,1,1,1,1,1,1,1,1,1,1,1,1,1,1,1,1,1,1,1,1,1,1,1,1,1,1,1,1
Burnwell 1,1,1,1,1,1,1
thousands 1,1,1
plumped 1
admiring 1,1
took 1,1,1,1,1,1,1,1,1,1,1,1,1,1,1,1,1,1,1,1,1,1,1,1,1,1,1,1,1,1,1,1,1,1,1,1,1,1,1,1,1,1,1,1,1,1,1,1,1,1,1,1,1,1,1,1,1,1,1,1,1,1,1,1,1,1,1,1,1,1,1,1,1,1,1,1,1,1,1,1,1,1,1,1,1,1,1
Find 1
approvingly 1
lazily 1,1
advertisement 1,1,1,1,1,1,1,1,1,1,1,1,1,1,1,1,1,1,1,1
ventilators 1
gossip 1,1
unmarried 1
nearly 1,1,1,1,1,1,1,1,1,1,1,1,1
patting 1
nor 1,1,1,1,1,1,1,1,1,1,1,1,1,1,1,1
statement 1,1,1,1,1,1,1,1,1,1,1,1
rise 1,1,1,1,1
haired 1
catch 1,1,1,1,1,1,1,1
counsel 1
determined 1,1,1,1,1,1,1,1,1,1,1,1,1,1,1,1
flags 1
Turning 1
awoke 1
intrigue 1
contained 1,1
shiny 1,1,1,1
aversion 1,1
turning 1,1,1,1,1,1,1,1,1,1,1,1,1,1,1
Place 1,1
recompense 1,1,1
girls 1
Pritchard 1
knife 1,1,1,1
commenting 1
carry 1,1,1,1,1,1,1,1,1,1,1,1,1
random 1
oak 1,1,1
trouble 1,1,1,1,1,1,1,1,1,1,1,1
attended 1
sundials 1
Circumstantial 1,1
transcribe 1
May 1,1,1,1,1,1,1,1
off 1,1,1,1,1,1,1,1,1,1,1,1,1,1,1,1,1,1,1,1,1,1,1,1,1,1,1,1,1,1,1,1,1,1,1,1,1,1,1,1,1,1,1,1,1,1,1,1,1,1,1,1,1,1,1,1,1,1,1,1,1,1,1,1,1,1,1,1,1,1,1,1,1,1
Probably 1
edge 1,1,1,1,1,1,1,1,1,1,1,1,1
relentless 1,1
romper 1
dweller 1
morose 1,1,1
Alas 1,1
shuffled 1
magistrate 1,1
apologise 1
bushy 1,1,1
promised 1,1,1,1,1
pull 1,1,1,1,1,1,1
dealer 1,1
Name 1
sprang 1,1,1,1,1,1,1,1,1,1,1,1,1,1,1,1,1,1,1,1,1,1,1
treated 1,1,1,1
smiling 1,1,1,1,1,1,1,1,1,1,1,1,1,1,1,1
coin 1
wide 1,1,1,1
fiercely 1,1
closing 1,1,1,1,1,1
depressed 1
method 1,1,1,1,1,1
Those 1,1,1,1,1
conceives 1
consuming 1
sensible 1
firmness 1
unravel 1
Louisiana 1
successes 1
climbing 1
convulsed 1
clutching 1
fasteners 1
lateness 1
contributions 1
Consider 1
neutral 1,1,1
wine 1,1
licensed 1
echoes 1
plentiful 1
foliage 1
combined 1
facet 1
weighted 1,1
scenes 1
chink 1,1
medium 1,1,1,1,1
wits 1
china 1
Tankerville 1
Hitherto 1
draught 1,1,1
surly 1
violence 1,1,1,1,1,1,1,1,1
penetrating 1,1,1
manner 1,1,1,1,1,1,1,1,1,1,1,1,1,1,1,1,1,1,1,1,1,1,1,1,1,1,1,1
everyone 1,1,1,1,1
snow 1,1,1,1,1,1,1,1,1,1,1
skull 1
allude 1
groan 1,1
interested 1,1,1,1,1,1,1,1,1,1,1,1
emigrant 1
liberty 1,1,1,1
snug 1
Project 1,1,1,1,1,1,1,1,1,1,1,1,1,1,1,1,1,1,1,1,1,1,1,1,1,1,1,1,1,1,1,1,1,1,1,1,1,1,1,1,1,1,1,1,1,1,1,1,1,1,1,1,1,1,1,1,1,1,1,1,1,1,1,1,1,1,1,1,1,1,1,1,1,1,1,1,1,1,1,1,1,1,1,1,1
humming 1,1
realism 1
mornings 1
receive 1,1,1,1,1,1,1,1,1
feelings 1
quivered 1
uncomfortable 1
Not 1,1,1,1,1,1,1,1,1,1,1,1,1,1,1,1,1,1,1,1,1,1,1,1
employees 1,1
Cannon 1
pipes 1,1,1
writings 1
attentions 1,1,1
circles 1,1
put 1,1,1,1,1,1,1,1,1,1,1,1,1,1,1,1,1,1,1,1,1,1,1,1,1,1,1,1,1,1,1,1,1,1,1,1,1,1,1,1,1,1,1,1,1,1,1,1,1,1,1,1,1,1,1,1,1,1,1,1,1,1,1,1,1,1,1
NEVILLE 1
Prosper 1
VIII 1,1
Nonconformist 1
lately 1,1,1,1,1,1,1
cravat 1,1
excitedly 1
companions 1,1,1,1
employs 1
interrupt 1
Adventures 1,1,1
Victor 1
caved 1
clean 1,1,1,1,1,1,1,1
uneasy 1
ticking 1
sinewy 1
sofa 1,1,1,1,1,1,1,1,1
scoundrel 1,1,1,1,1
millions 1
comes 1,1,1,1,1,1,1,1,1,1,1,1,1,1,1
whishing 1
spark 1,1,1
transition 1
series 1,1,1,1,1,1,1,1
Hall 1,1,1,1
absurd 1,1,1,1
2001 1
dustcoat 1
Turn 1
additional 1,1,1
owner 1,1,1,1,1,1
sole 1,1,1,1
home 1,1,1,1,1,1,1,1,1,1,1,1,1,1,1,1,1,1,1,1,1,1,1,1,1,1,1,1,1,1,1,1,1,1,1,1,1,1,1,1,1,1,1,1,1,1,1,1
Pshaw 1,1
answers 1,1
paragraphs 1,1,1,1
dowry 1,1,1
culprit 1,1
hardest 1
ENGINEER 1
greasy 1,1
inviolate 1
Frequently 1
experiences 1,1
convenient 1
task 1,1,1,1,1,1
plumber 1,1,1,1,1
Ample 1,1
distinguish 1,1,1,1
taketh 1
jewel 1,1,1,1,1,1,1,1
Madame 1
clump 1,1,1
announced 1,1,1,1,1
derivative 1,1,1
commerce 1
every 1,1,1,1,1,1,1,1,1,1,1,1,1,1,1,1,1,1,1,1,1,1,1,1,1,1,1,1,1,1,1,1,1,1,1,1,1,1,1,1,1,1,1,1,1,1,1,1,1,1,1,1,1,1,1,1,1,1,1,1,1,1,1,1,1,1,1,1,1,1,1,1,1,1,1
brickish 1
crest 1
propound 1
discrepancy 1
prolong 1
jutting 1
agency 1,1,1,1
anonymous 1,1
bizarre 1,1,1,1
publicity 1,1
bottom 1,1,1,1,1,1,1,1
Stroud 1
stabbed 1
authorities 1,1,1
rolling 1
slink 1
Pondicherry 1,1,1,1,1
astonishment 1,1,1,1,1,1,1,1,1
red 1,1,1,1,1,1,1,1,1,1,1,1,1,1,1,1,1,1,1,1,1,1,1,1,1,1,1,1,1,1,1,1,1,1,1,1,1,1,1,1,1,1
finish 1
disturbing 1
sorry 1,1,1,1,1,1,1,1,1,1
incapable 1,1
VALLEY 1
6221541 1
animated 1,1
uncle 1,1,1,1,1,1,1,1,1,1,1,1,1,1,1,1,1,1
unsolicited 1
duke 1
tying 1
pinnacles 1
maintaining 1
villas 1,1
rod 1
louder 1,1,1
taste 1,1,1
repertoire 1
resort 1
apt 1
Written 1
unapproachable 1
quarrels 1,1
Many 1,1,1,1
stirred 1
engagement 1,1,1,1
cracks 1,1
yourself 1,1,1,1,1,1,1,1,1,1,1,1,1,1,1,1,1,1,1,1,1,1,1,1,1,1,1,1,1,1,1,1,1,1,1,1,1,1,1,1,1,1
Look 1,1,1,1,1,1,1
absence 1,1,1,1
Mark 1
indiscretion 1
saturated 1
leader 1
collected 1
protect 1,1,1,1
more 1,1,1,1,1,1,1,1,1,1,1,1,1,1,1,1,1,1,1,1,1,1,1,1,1,1,1,1,1,1,1,1,1,1,1,1,1,1,1,1,1,1,1,1,1,1,1,1,1,1,1,1,1,1,1,1,1,1,1,1,1,1,1,1,1,1,1,1,1,1,1,1,1,1,1,1,1,1,1,1,1,1,1,1,1,1,1,1,1,1,1,1,1,1,1,1,1,1,1,1,1,1,1,1,1,1,1,1,1,1,1,1,1,1,1,1,1,1,1,1,1,1,1,1,1,1,1,1,1,1,1,1,1,1,1,1,1,1,1,1,1,1,1,1,1,1,1,1,1,1,1,1,1,1,1,1,1,1,1,1,1,1,1,1,1,1,1,1,1,1,1,1,1
cave 1
king 1,1
bad 1,1,1,1,1,1,1,1,1,1,1,1,1,1
boys 1
suffer 1,1,1,1
soaked 1
angry 1,1,1,1,1,1,1,1,1,1
ulster 1,1,1,1,1
submitted 1,1,1,1
barricaded 1
proves 1,1
compared 1,1
221B 1
bet 1,1,1
debt 1,1,1
practical 1,1,1,1,1,1
uttered 1,1,1
animals 1
surface 1,1
Victoria 1,1,1,1,1
unpacked 1
India 1,1,1,1
bodes 1
alluded 1
neighbour 1
prefers 1
whereabouts 1,1
anger 1,1,1,1,1,1,1,1,1
gasogene 1
dismantled 1
curses 1
mental 1
Carefully 1
Terrible 1
unfortunate 1,1,1,1,1,1,1,1,1,1
100 1,1,1
mould 1,1
squalid 1
stoop 1
OWNER 1
horrible 1,1,1,1,1,1,1,1,1,1,1,1,1
draws 1
horribly 1
pleasure 1,1,1,1,1,1,1,1,1
horse 1,1,1,1,1,1,1,1,1,1,1
Coming 1
current 1,1
storm 1,1
texture 1
Percy 1
higher 1,1,1
mortar 1
children 1,1,1,1,1,1,1,1
nobody 1
Valley 1,1,1,1,1,1
Next 1,1
thudding 1
token 1
tap 1,1,1
safe 1,1,1,1,1,1,1,1,1,1,1,1,1,1,1,1,1,1,1,1
stout 1,1,1,1,1,1,1
alarm 1,1,1,1,1,1,1,1,1
