half 1,1,1,1,1,1,1,1
Michael 1,1
require 1,1,1,1
3 1,1,1,1,1,1,1,1,1
Moncrieff 1,1,1,1,1,1,1,1,1,1,1
hand 1,1,1,1,1,1,1,1,1,1,1,1,1,1,1,1,1,1,1,1,1,1,1,1,1,1,1,1,1,1,1,1,1
e 1
o 1
the 1,1,1,1,1,1,1,1,1,1,1,1,1,1,1,1,1,1,1,1,1,1,1,1,1,1,1,1,1,1,1,1,1,1,1,1,1,1,1,1,1,1,1,1,1,1,1,1,1,1,1,1,1,1,1,1,1,1,1,1,1,1,1,1,1,1,1,1,1,1,1,1,1,1,1,1,1,1,1,1,1,1,1,1,1,1,1,1,1,1,1,1,1,1,1,1,1,1,1,1,1,1,1,1,1,1,1,1,1,1,1,1,1,1,1,1,1,1,1,1,1,1,1,1,1,1,1,1,1,1,1,1,1,1,1,1,1,1,1,1,1,1,1,1,1,1,1,1,1,1,1,1,1,1,1,1,1,1,1,1,1,1,1,1,1,1,1,1,1,1,1,1,1,1,1,1,1,1,1,1,1,1,1,1,1,1,1,1,1,1,1,1,1,1,1,1,1,1,1,1,1,1,1,1,1,1,1,1,1,1,1,1,1,1,1,1,1,1,1,1,1,1,1,1,1,1,1,1,1,1,1,1,1,1,1,1,1,1,1,1,1,1,1,1,1,1,1,1,1,1,1,1,1,1,1,1,1,1,1,1,1,1,1,1,1,1,1,1,1,1,1,1,1,1,1,1,1,1,1,1,1,1,1,1,1,1,1,1,1,1,1,1,1,1,1,1,1,1,1,1,1,1,1,1,1,1,1,1,1,1,1,1,1,1,1,1,1,1,1,1,1,1,1,1,1,1,1,1,1,1,1,1,1,1,1,1,1,1,1,1,1,1,1,1,1,1,1,1,1,1,1,1,1,1,1,1,1,1,1,1,1,1,1,1,1,1,1,1,1,1,1,1,1,1,1,1,1,1,1,1,1,1,1,1,1,1,1,1,1,1,1,1,1,1,1,1,1,1,1,1,1,1,1,1,1,1,1,1,1,1,1,1,1,1,1,1,1,1,1,1,1,1,1,1,1,1,1,1,1,1,1,1,1,1,1,1,1,1,1,1,1,1,1,1,1,1,1,1,1,1,1,1,1,1,1,1,1,1,1,1,1,1,1,1,1,1,1,1,1,1,1,1,1,1,1,1,1,1,1,1,1,1,1,1,1,1,1,1,1,1,1,1,1,1,1,1,1,1,1,1,1,1,1,1,1,1,1,1,1,1,1,1,1,1,1,1,1,1,1,1,1,1,1,1,1,1,1,1,1,1,1,1,1,1,1,1,1,1,1,1,1,1,1,1,1,1,1,1,1,1,1,1,1,1,1,1,1,1,1,1,1,1,1,1,1,1,1,1,1,1,1,1,1,1,1,1,1,1,1,1,1,1,1,1,1,1,1,1,1,1,1,1,1,1,1,1,1,1,1,1,1,1,1,1,1,1,1,1,1,1,1,1,1,1,1,1,1,1,1,1,1,1,1,1,1,1,1,1,1,1,1,1,1,1,1,1,1,1,1,1,1,1,1,1,1,1,1,1,1,1,1,1,1,1,1,1,1,1,1,1,1,1,1,1,1,1,1,1,1,1,1,1,1,1,1,1,1,1,1,1,1,1,1,1,1,1,1,1,1,1,1,1,1,1
Rev 1,1
owed 1
provided 1,1,1
ensuring 1
considering 1
presses 1
binary 1
orders 1
save 1
protection 1
undoubtedly 1
rose 1,1,1
All 1,1,1
try 1,1,1,1,1
That 1,1,1,1,1,1,1,1,1,1,1,1,1,1,1,1,1,1,1,1,1,1,1,1,1,1,1,1,1,1,1,1,1,1,1,1,1,1,1,1,1,1,1,1,1,1
celibate 1
each 1,1,1,1,1,1,1,1,1,1
tutelage 1
distribute 1,1,1,1,1
authenticity 1
medical 1
memory 1
cared 1
hours 1
muffin 1,1,1,1
paperwork 1
wealth 1
alliance 1,1
Noises 1
noticing 1
viewing 1
profile 1,1,1,1
phrased 1
Your 1,1,1,1,1,1,1,1,1,1,1,1,1,1,1,1,1,1,1,1,1
brings 1
finally 1
twopence 1
back 1,1,1,1,1,1,1,1,1,1,1,1,1,1,1,1,1,1,1,1,1,1,1,1,1,1,1,1,1
brothers 1,1
helping 1
proudly 1
invalid 1,1,1,1,1,1
don 1,1,1,1,1,1,1,1,1,1,1,1,1,1,1,1,1,1,1,1,1,1,1,1,1,1,1,1,1,1,1,1,1,1,1,1,1,1,1,1,1,1,1,1,1,1,1,1,1,1,1,1,1,1,1,1,1,1,1,1,1,1,1,1,1,1,1,1,1,1,1,1,1,1,1,1
glances 1
wouldn 1,1,1,1,1
main 1
Lake 1
liked 1,1,1
maid 1,1
credit 1,1
ideal 1
apprehensions 1
constitution 1
danger 1
sincere 1
March 1,1
though 1,1,1,1
mamma 1,1,1,1,1,1,1,1,1
50 1
Breaking 1
performances 1
ostentatiously 1
work 1,1,1,1,1,1,1,1,1,1,1,1,1,1,1,1,1,1,1,1,1,1,1,1,1,1,1,1,1,1,1,1,1,1,1,1,1,1,1,1,1,1,1,1,1,1,1,1,1,1,1
lumps 1,1
reward 1,1
aged 1
sends 1
upsetting 1
prepared 1,1
seems 1,1,1,1,1,1,1,1,1,1,1,1,1,1,1,1,1,1,1,1,1,1,1,1,1,1,1,1
telegram 1,1
perfection 1,1
inspires 1,1,1
At 1,1,1,1,1,1,1
couldn 1,1,1,1,1,1,1
wrote 1,1,1
F3 1
vestry 1,1
private 1,1
end 1,1,1,1,1,1
Indian 1
Meditatively 1,1
tries 1
copyright 1,1,1,1,1,1,1,1,1,1,1,1
IN 1,1
encourage 1
share 1
thoroughly 1,1,1,1
Glibly 1
Catching 1
Mr 1,1,1,1,1,1,1,1,1,1,1,1,1,1,1,1,1,1,1,1,1,1,1,1,1,1,1,1,1,1,1,1,1,1,1,1,1,1,1,1,1,1,1,1,1,1,1,1,1,1,1,1,1,1,1,1,1,1,1,1,1,1,1,1,1,1,1,1,1,1,1,1,1,1,1,1,1,1,1,1,1,1,1,1,1,1,1,1
OR 1,1,1,1,1,1
pencil 1
PG 1
Of 1,1,1,1,1,1,1,1,1,1,1,1,1,1,1
Perhaps 1,1
pounds 1,1
joyful 1,1
immoral 1
toothache 1
affliction 1
absolute 1,1,1,1,1,1
leads 1,1
intrude 1
non 1
was 1,1,1,1,1,1,1,1,1,1,1,1,1,1,1,1,1,1,1,1,1,1,1,1,1,1,1,1,1,1,1,1,1,1,1,1,1,1,1,1,1,1,1,1,1,1,1,1,1,1,1,1,1,1,1,1,1,1,1,1,1,1,1,1,1,1,1,1,1,1,1,1,1,1,1,1,1,1,1,1,1,1,1,1,1,1,1,1
double 1
modern 1,1,1,1,1,1
great 1,1,1,1,1,1,1,1,1,1,1,1,1,1
Astounded 1
mislaid 1
keep 1,1,1,1,1,1,1,1,1
Receding 1
hurt 1
fibres 1
do 1,1,1,1,1,1,1,1,1,1,1,1,1,1,1,1,1,1,1,1,1,1,1,1,1,1,1,1,1,1,1,1,1,1,1,1,1,1,1,1,1,1,1,1,1,1,1,1,1,1,1,1,1,1,1,1,1,1,1,1,1,1,1,1,1,1,1,1,1,1,1,1,1,1,1,1,1,1,1,1
woe 1
which 1,1,1,1,1,1,1,1,1,1,1,1,1,1,1,1,1,1,1,1,1,1,1
quails 1
Raising 1,1
Outside 1
promotion 1
it 1,1,1,1,1,1,1,1,1,1,1,1,1,1,1,1,1,1,1,1,1,1,1,1,1,1,1,1,1,1,1,1,1,1,1,1,1,1,1,1,1,1,1,1,1,1,1,1,1,1,1,1,1,1,1,1,1,1,1,1,1,1,1,1,1,1,1,1,1,1,1,1,1,1,1,1,1,1,1,1,1,1,1,1,1,1,1,1,1,1,1,1,1,1,1,1,1,1,1,1,1,1,1,1,1,1,1,1,1,1,1,1,1,1,1,1,1,1,1,1,1,1,1,1,1,1,1,1,1,1,1,1,1,1,1,1,1,1,1,1,1,1,1,1,1,1,1,1,1,1,1,1,1,1,1,1,1,1,1,1,1,1,1,1,1,1,1,1,1,1,1,1,1,1,1,1,1,1,1,1,1,1,1,1,1,1,1,1,1,1,1,1,1,1,1,1,1,1
remotely 1
Unionist 1
customary 1
delight 1,1
sadly 1,1
Use 1,1
complete 1
months 1,1,1,1,1,1
license 1,1,1
dream 1,1
hourly 1
no 1,1,1,1,1,1,1,1,1,1,1,1,1,1,1,1,1,1,1,1,1,1,1,1,1,1,1,1,1,1,1,1,1,1,1,1,1,1,1,1,1,1,1,1,1,1,1,1,1,1,1,1,1,1,1,1,1,1,1,1,1,1,1,1,1,1,1,1,1,1,1
misunderstanding 1,1
on 1,1,1,1,1,1,1,1,1,1,1,1,1,1,1,1,1,1,1,1,1,1,1,1,1,1,1,1,1,1,1,1,1,1,1,1,1,1,1,1,1,1,1,1,1,1,1,1,1,1,1,1,1,1,1,1,1,1,1,1,1,1,1,1,1,1,1,1,1,1,1,1,1,1,1,1,1,1,1,1,1,1,1,1,1,1,1,1,1,1,1,1,1,1,1,1,1,1,1,1,1,1,1
Paris 1,1,1,1,1,1
consternation 1
exercises 1
then 1,1,1,1,1,1,1
flower 1
military 1
NOT 1,1
purchased 1
misconception 1
gay 1
lieu 1,1
BREACH 1,1
problem 1
examples 1
abide 1
like 1,1,1,1,1,1,1,1,1,1,1,1,1,1,1,1,1,1,1,1,1,1,1,1,1,1,1,1,1,1,1,1,1,1,1,1,1,1,1,1,1,1,1,1,1,1,1,1,1
efforts 1,1,1
Admirably 1,1
cost 1,1,1
harmless 1
involuntary 1
volunteers 1,1,1,1,1
FOR 1,1,1
perform 1,1
sprinkling 1
License 1,1,1,1,1,1,1,1,1,1
doting 1
Square 1,1,1,1
loving 1
sermons 1
imposed 1
conduce 1
rarely 1,1,1,1
chief 1
performing 1,1,1
walk 1,1
Presenting 1
escape 1
had 1,1,1,1,1,1,1,1,1,1,1,1,1,1,1,1,1,1,1,1,1,1,1,1,1,1,1,1,1,1,1,1,1,1,1,1,1,1,1,1,1,1,1,1,1,1,1,1,1,1,1,1,1,1,1,1,1,1,1,1,1
Immersion 1
wasn 1,1
offers 1
Thought 1
checks 1
yew 1
time 1,1,1,1,1,1,1,1,1,1,1,1,1,1,1,1,1,1,1,1,1,1,1,1,1,1,1,1,1,1,1,1,1,1,1
Cannot 1
struggle 1
smart 1,1
garden 1,1,1,1,1,1,1,1,1,1,1
lays 1
listen 1,1
Flat 1
approve 1,1,1,1,1
strict 1
ASCII 1,1,1
take 1,1,1,1,1,1,1,1,1,1,1,1,1,1,1,1
immediate 1,1,1
Catches 1
shameful 1
darling 1,1,1,1,1,1,1,1,1
rites 1
heartless 1,1,1,1,1,1
trusted 1
LIABLE 1
thrill 1
seriously 1,1,1
sentiment 1
soul 1
magazines 1
Sprinkling 1
online 1,1,1,1
theatre 1
based 1,1
fashioned 1,1
dictating 1
people 1,1,1,1,1,1,1,1,1,1,1,1,1,1,1,1,1,1,1,1,1,1,1,1,1,1,1,1,1,1,1
afraid 1,1,1,1,1,1,1,1,1,1,1,1,1,1,1
loudly 1
recognised 1
grammar 1
DISCLAIMER 1
finger 1
Generals 1
damaged 1
ill 1,1
solicit 1,1
14th 1,1,1
value 1
listening 1,1,1
fortune 1,1
Cecily 1,1,1,1,1,1,1,1,1,1,1,1,1,1,1,1,1,1,1,1,1,1,1,1,1,1,1,1,1,1,1,1,1,1,1,1,1,1,1,1,1,1,1,1,1,1,1,1,1,1,1,1,1,1,1,1,1,1,1,1,1,1,1,1,1,1,1,1,1,1,1,1,1,1,1,1,1,1,1,1,1,1,1,1,1,1,1,1,1,1,1,1,1,1,1,1,1,1,1,1,1,1,1,1,1,1,1,1,1,1,1,1,1,1,1,1,1,1,1,1,1,1,1,1,1,1,1,1,1,1,1,1,1,1,1,1,1,1,1,1,1,1,1,1,1,1,1,1,1,1,1,1,1,1,1,1,1,1,1,1,1,1,1,1,1,1,1,1,1,1,1,1,1,1,1,1,1,1,1,1,1,1,1,1,1,1,1,1,1,1,1,1,1,1,1,1,1,1,1,1,1,1,1,1,1,1,1,1,1,1,1,1,1,1,1,1,1,1,1,1,1,1,1,1,1,1,1,1,1,1,1,1,1,1,1,1,1,1,1,1,1,1,1,1,1,1,1,1,1,1,1,1,1,1,1,1
Tell 1,1
improbable 1,1
Bloxham 1,1
redistributing 1
809 1
posted 1,1,1,1
trials 1
educational 1
income 1,1,1
smallest 1,1,1,1
age 1,1,1,1,1,1,1,1,1,1,1,1,1,1,1
ago 1,1,1,1,1
accessed 1
faults 1,1
George 1,1,1
property 1,1,1
//www 1,1,1,1,1,1,1
nothing 1,1,1,1,1,1,1,1,1,1,1,1,1,1,1,1
Chasuble 1,1,1,1,1,1,1,1,1,1,1,1,1,1,1,1,1,1,1,1,1,1,1,1,1,1,1,1,1,1,1,1,1,1,1,1,1,1,1,1,1,1,1,1,1,1,1,1,1,1,1,1,1,1,1,1,1,1,1,1,1,1,1
blessing 1
aim 1
Indeed 1,1,1,1,1,1,1,1,1,1
recollect 1
DONATIONS 1
admission 1,1
monthly 1
devoted 1
broke 1,1
inattentive 1
shouldn 1,1,1,1
succeeded 1
taken 1,1
relations 1,1,1,1
through 1,1,1,1,1,1,1,1,1
Compliance 1
run 1,1
crumpets 1
mother 1,1,1,1,1,1
donate 1,1,1
mood 1,1
christened 1,1,1,1,1,1,1,1,1,1,1,1,1,1,1,1,1
Gerald 1
anxious 1,1,1,1,1,1
Examine 1
Lord 1,1,1,1,1,1,1
style 1
care 1,1,1,1,1,1,1,1,1
trespassing 1
consolation 1
influence 1,1,1,1,1
interrupting 1,1
most 1,1,1,1,1,1,1,1,1,1,1,1,1,1,1,1,1,1,1,1,1,1,1,1
daily 1,1
forgiving 1
omit 1
saw 1,1,1,1,1,1
also 1,1,1,1,1,1,1,1
sensational 1,1
vicinity 1
marriages 1
deletions 1
unfair 1,1
envelopes 1
realised 1
Wilde 1,1
side 1,1,1,1,1
analogies 1
missed 1
demonstrative 1
invalidity 1
pessimist 1
restrictions 1,1
AND 1
highly 1
social 1,1,1,1,1,1
nature 1,1,1,1,1,1,1,1
buried 1
somewhere 1
noblest 1
laughing 1
but 1,1,1,1,1,1,1,1,1,1,1,1,1,1,1,1,1,1,1,1,1,1,1,1,1,1,1,1,1,1,1,1,1,1,1,1,1,1,1,1,1,1,1,1,1,1,1,1,1,1,1,1,1,1,1
written 1,1,1,1,1,1,1
Duchess 1
once 1,1,1,1,1,1,1,1,1,1,1,1,1,1,1,1,1,1
unreadable 1
British 1
gentleman 1,1,1,1,1,1
physicians 1
dreadful 1,1,1
natural 1,1
wear 1
seeing 1
objection 1,1
sits 1
hadn 1,1
should 1,1,1,1,1,1,1,1,1,1,1,1,1,1,1,1,1,1,1,1,1,1,1,1,1,1,1,1,1,1,1,1,1,1,1,1,1,1,1,1,1,1,1,1,1,1,1
furious 1,1
files 1,1
fearful 1,1
