hall 1,1,1,1,1,1,1
shrugged 1
legs 1,1,1,1,1,1,1,1,1,1,1,1,1,1,1,1,1,1,1,1
ten 1,1
daring 1
left 1,1,1,1,1,1,1,1,1,1,1,1,1,1,1,1,1,1,1,1,1,1,1,1,1,1,1,1,1,1,1,1
9 1,1,1
C 1,1,1
turn 1,1,1,1,1,1,1,1,1,1
a 1,1,1,1,1,1,1,1,1,1,1,1,1,1,1,1,1,1,1,1,1,1,1,1,1,1,1,1,1,1,1,1,1,1,1,1,1,1,1,1,1,1,1,1,1,1,1,1,1,1,1,1,1,1,1,1,1,1,1,1,1,1,1,1,1,1,1,1,1,1,1,1,1,1,1,1,1,1,1,1,1,1,1,1,1,1,1,1,1,1,1,1,1,1,1,1,1,1,1,1,1,1,1,1,1,1,1,1,1,1,1,1,1,1,1,1,1,1,1,1,1,1,1,1,1,1,1,1,1,1,1,1,1,1,1,1,1,1,1,1,1,1,1,1,1,1,1,1,1,1,1,1,1,1,1,1,1,1,1,1,1,1,1,1,1,1,1,1,1,1,1,1,1,1,1,1,1,1,1,1,1,1,1,1,1,1,1,1,1,1,1,1,1,1,1,1,1,1,1,1,1,1,1,1,1,1,1,1,1,1,1,1,1,1,1,1,1,1,1,1,1,1,1,1,1,1,1,1,1,1,1,1,1,1,1,1,1,1,1,1,1,1,1,1,1,1,1,1,1,1,1,1,1,1,1,1,1,1,1,1,1,1,1,1,1,1,1,1,1,1,1,1,1,1,1,1,1,1,1,1,1,1,1,1,1,1,1,1,1,1,1,1,1,1,1,1,1,1,1,1,1,1,1,1,1,1,1,1,1,1,1,1,1,1,1,1,1,1,1,1,1,1,1,1,1,1,1,1,1,1,1,1,1,1,1,1,1,1,1,1,1
consisting 1
inaccessible 1
faithful 1
Redistributing 1
walls 1,1,1,1,1,1,1
regard 1,1
crawl 1,1,1,1,1,1,1
Copyright 1,1
employer 1,1,1
lap 1,1
anew 1
condition 1,1,1,1,1,1,1,1
press 1
opposite 1,1
creating 1,1,1
does 1,1
SUCH 1
dominated 1
intercede 1
required 1,1
warmth 1
assure 1
louts 1
friendly 1,1,1,1,1
format 1,1,1,1
EXCEPT 1
water 1,1
raisins 1
Metamorphosis 1,1,1,1
ears 1
behaved 1
s/he 1
adjoining 1
Cheerio 1
sleepiness 1
complicated 1
repelled 1
believing 1,1
considerate 1,1
legal 1,1
acceptance 1
human 1,1,1,1,1
considerations 1
usually 1,1,1
fools 1
lying 1,1,1,1,1,1
made 1,1,1,1,1,1,1,1,1,1,1,1,1,1,1,1,1,1,1,1,1,1,1,1,1,1,1,1,1,1,1,1,1,1,1,1,1,1,1,1
being 1,1,1,1,1,1,1,1,1,1,1,1,1,1,1,1,1,1,1,1,1,1,1,1,1,1
known 1,1
may 1,1,1,1,1,1,1,1,1,1,1,1,1,1,1
crouched 1
laboriously 1
crate 1
many 1,1,1,1,1,1
increasing 1
progress 1
agent 1
cooked 1
felt 1,1,1,1,1,1,1,1,1,1,1,1,1,1,1
look 1,1,1,1,1,1,1,1,1,1,1,1,1,1,1,1,1,1,1,1,1,1
flying 1
admit 1,1,1
THOSE 1
forefinger 1
injuries 1,1
notifies 1
Service 1
watering 1
Where 1
least 1,1,1,1,1,1,1,1,1,1,1
sleep 1,1,1,1,1,1,1,1,1,1,1,1,1,1
hungry 1,1
prohibition 1,1
Be 1
neck 1,1,1
By 1,1,1
spring 1
Doing 1
crawling 1,1,1,1,1,1
During 1,1
judge 1,1
forth 1,1,1,1,1,1,1,1,1,1,1,1
carved 1
misfortunes 1
remind 1,1
peered 1
USE 1
net 1,1,1,1
below 1,1,1,1,1
NO 1,1
financial 1
around 1,1,1,1,1,1,1,1,1,1,1,1,1,1,1,1,1,1,1,1
clumsy 1
disconcerted 1
jaws 1,1
remains 1
research 1,1
might 1,1,1,1,1,1,1,1,1,1,1,1,1,1,1,1,1
next 1,1,1,1,1,1,1,1,1,1,1,1,1,1,1,1,1,1
not 1,1,1,1,1,1,1,1,1,1,1,1,1,1,1,1,1,1,1,1,1,1,1,1,1,1,1,1,1,1,1,1,1,1,1,1,1,1,1,1,1,1,1,1,1,1,1,1,1,1,1,1,1,1,1,1,1,1,1,1,1,1,1,1,1,1,1,1,1,1,1,1,1,1,1,1,1,1,1,1,1,1,1,1,1,1,1,1,1,1,1,1,1,1,1,1,1,1,1,1,1,1,1,1,1,1,1,1,1,1,1,1,1,1,1,1,1,1,1,1,1,1,1,1,1,1,1,1,1,1,1,1,1,1,1,1,1,1,1,1,1,1,1,1,1,1,1,1,1,1,1,1,1,1,1,1,1,1,1,1,1,1,1,1,1,1,1,1,1,1,1,1,1,1,1,1,1,1,1,1,1,1,1,1,1,1,1,1,1,1,1,1,1,1,1
way 1,1,1,1,1,1,1,1,1,1,1,1,1,1,1,1,1,1,1,1,1,1,1,1,1,1,1,1,1,1,1,1,1,1,1,1,1,1,1,1,1,1,1,1,1,1,1,1,1,1,1,1,1,1,1,1,1,1,1,1,1,1,1,1
plan 1,1
give 1,1,1,1,1,1,1,1,1,1,1,1,1,1
lives 1
wrong 1,1,1,1,1,1
heads 1
startlement 1
relaxed 1
alone 1,1,1
electric 1,1
various 1,1,1
approached 1
user 1,1,1
pangs 1
fix 1
sure 1,1,1,1,1,1
an 1,1,1,1,1,1,1,1,1,1,1,1,1,1,1,1,1,1,1,1,1,1,1,1,1,1,1,1,1,1,1,1,1,1
looking 1,1,1,1,1,1,1,1,1,1
Defect 1
strangeness 1
for 1,1,1,1,1,1,1,1,1,1,1,1,1,1,1,1,1,1,1,1,1,1,1,1,1,1,1,1,1,1,1,1,1,1,1,1,1,1,1,1,1,1,1,1,1,1,1,1,1,1,1,1,1,1,1,1,1,1,1,1,1,1,1,1,1,1,1,1,1,1,1,1,1,1,1,1,1,1,1,1,1,1,1,1,1,1,1,1,1,1,1,1,1,1,1,1,1,1,1,1,1,1,1,1,1,1,1,1,1,1,1,1,1,1,1,1,1,1,1,1,1,1,1,1,1,1,1,1,1,1,1,1,1,1,1,1,1,1,1,1,1,1,1,1,1,1,1,1,1,1,1,1,1,1,1,1,1,1,1,1,1,1,1,1,1,1,1,1,1,1,1,1,1,1,1,1,1,1,1,1
content 1
feather 1
if 1,1,1,1,1,1,1,1,1,1,1,1,1,1,1,1,1,1,1,1,1,1,1,1,1,1,1,1,1,1,1,1,1,1,1,1,1,1,1,1,1,1,1,1,1,1,1,1,1,1,1,1,1,1,1,1,1,1,1,1,1,1,1,1,1,1,1,1,1,1,1,1,1,1,1,1,1,1,1,1,1,1,1,1,1,1,1,1,1,1,1,1
fro 1,1
plates 1
doorway 1,1,1,1,1,1,1,1
become 1,1,1,1,1,1,1,1,1,1,1,1,1,1,1,1,1,1,1
knew 1,1,1,1,1,1,1,1
while 1,1,1,1,1,1,1,1,1,1,1,1,1,1,1,1,1,1,1,1,1,1,1,1,1,1,1,1,1,1,1,1,1,1,1,1,1,1,1,1
skirt 1
www 1,1,1
than 1,1,1,1,1,1,1,1,1,1,1,1,1,1,1,1,1,1,1,1,1,1,1,1,1,1,1,1,1,1,1,1,1,1,1,1,1,1,1,1,1,1,1,1,1,1,1,1,1,1,1,1,1,1,1,1,1
disk 1
fluttered 1
Except 1,1
consciousness 1
seen 1,1,1,1,1,1,1,1,1,1,1,1,1
shudder 1
compressed 1
to 1,1,1,1,1,1,1,1,1,1,1,1,1,1,1,1,1,1,1,1,1,1,1,1,1,1,1,1,1,1,1,1,1,1,1,1,1,1,1,1,1,1,1,1,1,1,1,1,1,1,1,1,1,1,1,1,1,1,1,1,1,1,1,1,1,1,1,1,1,1,1,1,1,1,1,1,1,1,1,1,1,1,1,1,1,1,1,1,1,1,1,1,1,1,1,1,1,1,1,1,1,1,1,1,1,1,1,1,1,1,1,1,1,1,1,1,1,1,1,1,1,1,1,1,1,1,1,1,1,1,1,1,1,1,1,1,1,1,1,1,1,1,1,1,1,1,1,1,1,1,1,1,1,1,1,1,1,1,1,1,1,1,1,1,1,1,1,1,1,1,1,1,1,1,1,1,1,1,1,1,1,1,1,1,1,1,1,1,1,1,1,1,1,1,1,1,1,1,1,1,1,1,1,1,1,1,1,1,1,1,1,1,1,1,1,1,1,1,1,1,1,1,1,1,1,1,1,1,1,1,1,1,1,1,1,1,1,1,1,1,1,1,1,1,1,1,1,1,1,1,1,1,1,1,1,1,1,1,1,1,1,1,1,1,1,1,1,1,1,1,1,1,1,1,1,1,1,1,1,1,1,1,1,1,1,1,1,1,1,1,1,1,1,1,1,1,1,1,1,1,1,1,1,1,1,1,1,1,1,1,1,1,1,1,1,1,1,1,1,1,1,1,1,1,1,1,1,1,1,1,1,1,1,1,1,1,1,1,1,1,1,1,1,1,1,1,1,1,1,1,1,1,1,1,1,1,1,1,1,1,1,1,1,1,1,1,1,1,1,1,1,1,1,1,1,1,1,1,1,1,1,1,1,1,1,1,1,1,1,1,1,1,1,1,1,1,1,1,1,1,1,1,1,1,1,1,1,1,1,1,1,1,1,1,1,1,1,1,1,1,1,1,1,1,1,1,1,1,1,1,1,1,1,1,1,1,1,1,1,1,1,1,1,1,1,1,1,1,1,1,1,1,1,1,1,1,1,1,1,1,1,1,1,1,1,1,1,1,1,1,1,1,1,1,1,1,1,1,1,1,1,1,1,1,1,1,1,1,1,1,1,1,1,1,1,1,1,1,1,1,1,1,1,1,1,1,1,1,1,1,1,1,1,1,1,1,1,1,1,1,1,1,1,1,1,1,1,1,1,1,1,1,1,1,1,1,1,1,1,1,1,1,1,1,1,1,1,1,1,1,1,1,1,1,1,1,1,1,1,1,1,1,1,1,1,1,1,1,1,1,1,1,1,1,1,1,1,1,1,1,1,1,1,1,1,1,1,1,1,1,1,1,1,1,1,1,1,1,1,1,1,1,1,1,1,1,1,1,1,1,1,1,1,1,1,1,1,1,1,1,1,1,1,1,1,1,1,1,1,1,1,1,1,1,1,1,1,1,1,1,1,1,1,1,1,1,1,1,1,1,1,1,1,1,1,1,1,1,1,1,1,1,1,1,1,1,1,1,1,1,1,1,1,1,1,1,1,1,1,1,1,1,1,1,1,1,1,1,1,1,1,1,1,1,1,1,1,1,1,1,1,1,1,1,1,1,1,1,1,1,1,1,1,1,1,1,1,1,1,1,1,1,1,1,1,1,1,1,1,1,1,1,1,1,1,1,1,1,1,1,1,1,1,1,1,1,1,1,1,1,1,1,1,1,1,1,1,1,1,1,1,1,1,1,1,1,1,1,1,1,1,1,1,1,1,1,1,1,1,1,1,1,1,1,1,1,1,1,1,1,1,1,1,1,1,1,1,1,1,1,1,1,1,1,1,1,1,1,1,1,1,1,1,1,1,1,1,1,1,1,1,1,1,1,1,1,1
Another 1
suppose 1
know 1,1,1,1,1,1,1,1,1,1,1,1,1,1,1,1,1,1
drop 1
location 1
deeper 1
wife 1,1
force 1,1,1,1,1,1,1,1
regret 1,1,1
follow 1,1
these 1,1,1,1,1,1,1,1,1,1,1,1,1,1,1
thoughtfully 1
arrived 1,1,1,1
FOUNDATION 1
Contributions 1
wipe 1
sharply 1
belonging 1
About 1
wisdom 1
complaint 1
named 1
unhappy 1
wait 1,1,1,1,1
entity 1,1,1
liability 1,1
replied 1
sacrificed 1
agitated 1
intended 1,1
buttons 1,1,1
kicked 1
quietly 1,1,1,1,1
must 1,1,1,1,1,1,1,1,1,1,1,1,1,1,1,1,1,1,1,1,1,1,1,1,1,1,1,1
hitting 1,1
realise 1,1,1
till 1
Smears 1
hat 1,1,1,1
Heaven 1
given 1,1,1,1,1,1,1
shoved 1
exaggerated 1
updated 1
yes 1,1,1
organized 1
choice 1,1
small 1,1,1,1,1,1
group 1
repeatedly 1
org/fundraising 1
mean 1,1,1
trip 1
opportunity 1,1,1
trying 1,1,1,1
meet 1,1
calls 1
promise 1
underwear 1
trainees 1
2012 1
transferring 1
emptying 1
whirred 1
print 1
soon 1,1,1,1,1,1,1,1,1,1,1,1,1,1,1,1,1,1,1,1,1,1,1,1,1,1,1,1,1,1
diligently 1
within 1,1,1,1,1
machine 1
instance 1,1
find 1,1,1,1,1,1
helplessly 1
symptom 1
insistent 1,1
adhesive 1,1
impatient 1
hunger 1,1,1
wants 1,1,1
certainty 1,1
during 1,1,1,1,1
charitable 1
caused 1,1,1,1,1,1
perversity 1
public 1,1,1,1,1,1,1,1,1
unheard 1,1
wracked 1
Milk 1
shaking 1,1,1
charges 1
Author 1
firmly 1
add 1
peaceful 1,1
strikes 1
exempt 1,1
pushed 1,1,1,1,1,1,1,1,1,1,1,1
shoulders 1,1,1
untouched 1
number 1,1,1,1
defect 1,1
incomprehensible 1
steadily 1
movement 1,1,1,1
applicable 1,1,1
Newby 1
contracts 1
favour 1
and 1,1,1,1,1,1,1,1,1,1,1,1,1,1,1,1,1,1,1,1,1,1,1,1,1,1,1,1,1,1,1,1,1,1,1,1,1,1,1,1,1,1,1,1,1,1,1,1,1,1,1,1,1,1,1,1,1,1,1,1,1,1,1,1,1,1,1,1,1,1,1,1,1,1,1,1,1,1,1,1,1,1,1,1,1,1,1,1,1,1,1,1,1,1,1,1,1,1,1,1,1,1,1,1,1,1,1,1,1,1,1,1,1,1,1,1,1,1,1,1,1,1,1,1,1,1,1,1,1,1,1,1,1,1,1,1,1,1,1,1,1,1,1,1,1,1,1,1,1,1,1,1,1,1,1,1,1,1,1,1,1,1,1,1,1,1,1,1,1,1,1,1,1,1,1,1,1,1,1,1,1,1,1,1,1,1,1,1,1,1,1,1,1,1,1,1,1,1,1,1,1,1,1,1,1,1,1,1,1,1,1,1,1,1,1,1,1,1,1,1,1,1,1,1,1,1,1,1,1,1,1,1,1,1,1,1,1,1,1,1,1,1,1,1,1,1,1,1,1,1,1,1,1,1,1,1,1,1,1,1,1,1,1,1,1,1,1,1,1,1,1,1,1,1,1,1,1,1,1,1,1,1,1,1,1,1,1,1,1,1,1,1,1,1,1,1,1,1,1,1,1,1,1,1,1,1,1,1,1,1,1,1,1,1,1,1,1,1,1,1,1,1,1,1,1,1,1,1,1,1,1,1,1,1,1,1,1,1,1,1,1,1,1,1,1,1,1,1,1,1,1,1,1,1,1,1,1,1,1,1,1,1,1,1,1,1,1,1,1,1,1,1,1,1,1,1,1,1,1,1,1,1,1,1,1,1,1,1,1,1,1,1,1,1,1,1,1,1,1,1,1,1,1,1,1,1,1,1,1,1,1,1,1,1,1,1,1,1,1,1,1,1,1,1,1,1,1,1,1,1,1,1,1,1,1,1,1,1,1,1,1,1,1,1,1,1,1,1,1,1,1,1,1,1,1,1,1,1,1,1,1,1,1,1,1,1,1,1,1,1,1,1,1,1,1,1,1,1,1,1,1,1,1,1,1,1,1,1,1,1,1,1,1,1,1,1,1,1,1,1,1,1,1,1,1,1,1,1,1,1,1,1,1,1,1,1,1,1,1,1,1,1,1,1,1,1,1,1,1,1,1,1,1,1,1,1,1,1,1,1,1,1,1,1,1,1,1,1,1,1,1,1,1,1,1,1,1,1,1,1,1,1,1,1,1,1,1,1,1,1,1,1,1,1,1,1,1,1,1,1,1,1,1,1,1,1,1,1,1,1,1,1,1,1,1,1,1,1,1,1,1,1,1,1,1,1,1,1,1,1,1,1,1,1,1,1,1,1,1,1,1,1,1,1,1,1,1,1,1,1,1,1,1,1,1,1,1,1,1,1,1,1,1,1,1,1,1,1,1,1,1,1,1,1,1,1,1,1,1,1,1,1,1,1,1,1,1,1,1,1,1,1,1,1,1,1,1,1,1,1
compilation 1
gentle 1
gently 1,1,1,1
frequently 1,1
those 1,1,1,1
FULL 1,1
name 1
cautious 1,1
disappear 1,1
coughs 1
arrive 1
mouth 1,1,1,1,1,1,1,1
Her 1,1,1,1
dizziness 1
net/license 1
superfluous 1
patient 1,1,1,1,1
sheet 1,1,1,1,1,1
spread 1,1,1,1,1,1,1,1
You 1,1,1,1,1,1,1,1,1,1,1,1,1,1,1,1,1,1,1,1
delay 1,1,1
strong 1,1,1,1
see 1,1,1,1,1,1,1,1,1,1,1,1,1,1,1,1,1,1,1,1,1,1,1,1,1,1,1,1,1,1,1,1,1,1,1,1,1,1,1,1
indicate 1
suspicious 1,1,1
dishevelled 1
finances 1
living 1,1,1,1,1,1,1,1,1,1,1,1,1,1,1,1,1,1
Nearly 1
thanks 1,1
corner 1,1,1,1
chasing 1
begin 1,1
brought 1,1,1,1
break 1,1,1,1
errors 1
closely 1,1
wiped 1
undisturbed 1
tightly 1,1
slipped 1
sink 1
carpet 1,1,1,1,1,1
corrupt 1
weaker 1,1
ones 1
lightly 1,1,1
derive 1
place 1,1,1,1,1,1,1,1,1
site 1,1,1,1
armchair 1
sacked 1,1
individual 1,1,1,1,1,1,1
covering 1
said 1,1,1,1,1,1,1,1,1,1,1,1,1,1,1,1,1,1,1,1,1,1,1,1,1,1,1,1,1,1,1,1,1,1,1,1,1,1,1,1,1,1,1,1,1,1,1,1,1,1,1
reads 1
played 1,1,1
really 1,1,1,1,1,1,1,1,1,1,1,1,1,1,1,1,1,1,1,1,1,1,1
