gloomy 1,1,1,1,1,1,1,1,1,1
deference 1
5 1,1,1,1
I 1,1,1,1,1,1,1,1,1,1,1,1,1,1,1,1,1,1,1,1,1,1,1,1,1,1,1,1,1,1,1,1,1,1,1,1,1,1,1,1,1,1,1,1,1,1,1,1,1,1,1,1,1,1,1,1,1,1,1,1,1,1,1,1,1,1,1,1,1,1,1,1,1,1,1,1,1,1,1,1,1,1,1,1,1,1,1,1,1,1,1,1,1,1,1,1,1,1,1,1,1,1,1,1,1,1,1,1,1,1,1,1,1,1,1,1,1,1,1,1,1,1,1,1,1,1,1,1,1,1,1,1,1,1,1,1,1,1,1,1,1,1,1,1,1,1,1,1,1,1,1,1,1,1,1,1,1,1,1,1,1,1,1,1,1,1,1,1,1,1,1,1,1,1,1,1,1,1,1,1,1,1,1,1,1,1,1,1,1,1,1,1,1,1,1,1,1,1,1,1,1,1,1,1,1,1,1,1,1,1,1,1,1,1,1,1,1,1,1,1,1,1,1,1,1,1,1,1,1,1,1,1,1,1,1,1,1,1,1,1,1,1,1,1,1,1,1,1,1,1,1,1,1,1,1,1,1,1,1,1,1,1,1,1,1,1,1,1,1,1,1,1,1,1,1,1,1,1,1,1,1,1,1,1,1,1,1,1,1,1,1,1,1,1,1,1,1,1,1,1,1,1,1,1,1,1,1,1,1,1,1,1,1,1,1,1,1,1,1,1,1,1,1,1,1,1,1,1,1,1,1,1,1,1,1,1,1,1,1,1,1,1,1,1,1,1,1,1,1,1,1,1,1,1,1,1,1,1,1,1,1,1,1,1,1,1,1,1,1,1,1,1,1,1,1,1,1,1,1,1,1,1,1,1,1,1,1,1,1,1,1,1,1,1,1,1,1,1,1,1,1,1,1,1,1,1,1,1,1,1,1,1,1,1,1,1,1,1,1,1,1,1,1,1,1,1,1,1,1,1,1,1,1,1,1,1,1,1,1,1,1,1,1,1,1,1,1,1,1,1,1,1,1,1,1,1,1,1,1,1,1,1,1,1,1,1,1,1,1,1,1,1,1,1,1,1,1,1,1,1,1,1,1,1,1,1,1,1,1,1,1,1,1,1,1,1,1,1,1,1,1,1,1,1,1,1,1,1,1,1,1,1,1,1,1,1,1,1,1,1,1,1,1,1,1,1,1,1,1,1,1,1,1,1,1,1,1,1,1,1,1,1,1,1,1,1,1,1,1,1,1,1,1,1,1,1,1,1,1,1,1,1,1,1,1,1,1,1,1,1,1,1,1,1,1,1,1,1,1,1,1,1,1,1,1,1,1,1,1,1,1,1,1,1,1,1,1,1,1,1,1,1,1,1,1,1,1,1,1,1,1,1,1,1,1,1,1,1,1,1,1,1,1,1,1,1,1,1,1,1,1,1,1,1,1,1,1,1,1,1,1,1,1,1,1,1,1,1,1,1,1,1,1,1,1,1,1,1,1,1,1,1,1,1,1,1,1,1,1,1,1,1,1,1,1,1,1,1,1,1,1,1,1,1,1,1,1,1,1,1,1,1,1,1,1,1,1,1,1,1,1,1,1,1,1,1,1,1,1,1,1,1,1,1,1,1,1,1,1,1,1,1,1,1,1,1,1,1,1,1,1,1,1,1,1,1,1,1,1,1,1,1,1,1,1,1,1,1,1,1,1,1,1,1,1,1,1,1,1,1,1,1,1,1,1,1,1,1,1,1,1,1,1,1,1,1,1,1,1,1,1,1,1,1,1,1,1,1,1,1,1,1,1,1,1,1,1,1,1,1,1,1,1,1,1,1,1,1,1,1,1,1,1,1,1,1,1,1,1,1,1,1,1,1,1,1,1,1,1,1,1,1,1,1,1,1,1,1,1,1,1,1,1,1,1,1,1,1,1,1,1,1,1,1,1,1,1,1,1,1,1,1,1,1,1,1,1,1,1,1,1,1,1,1,1,1,1,1,1,1,1,1,1,1,1,1,1,1,1,1,1,1,1,1,1,1,1,1,1,1,1,1,1,1,1,1,1,1,1,1,1,1,1,1,1,1,1,1,1,1,1,1,1,1,1,1,1,1,1,1,1,1,1,1,1,1,1,1,1,1,1,1,1,1,1,1,1,1,1,1,1,1,1,1,1,1,1,1,1,1,1,1,1,1,1,1,1,1,1,1,1,1,1,1,1,1,1,1,1,1,1,1,1,1,1,1,1,1,1,1,1,1,1,1,1,1,1,1,1,1,1,1,1,1,1,1,1,1,1,1,1,1,1,1,1,1,1,1,1,1,1,1,1,1,1,1,1,1,1,1,1,1,1,1,1,1,1,1,1,1,1,1,1,1,1,1,1,1,1,1,1,1,1,1,1,1,1,1,1,1,1,1,1,1,1,1,1,1,1,1,1,1,1,1,1,1,1,1,1,1,1,1,1,1,1,1,1,1,1,1,1,1,1,1,1,1,1,1,1,1,1,1,1,1,1,1,1,1,1,1,1,1,1,1,1,1,1,1,1,1,1,1,1,1,1,1,1,1,1,1,1,1,1,1,1,1,1,1,1,1,1,1,1,1,1,1,1,1,1,1,1,1,1,1,1,1,1,1,1,1,1,1,1,1,1,1,1,1,1,1,1,1,1,1,1,1,1,1,1,1,1,1,1,1,1,1,1,1,1,1,1,1,1,1,1,1,1,1,1,1,1,1,1,1,1,1,1,1,1,1,1,1,1,1,1,1,1,1,1,1,1,1,1,1,1,1,1,1,1,1,1,1,1,1,1,1,1,1,1,1,1,1,1,1,1,1,1,1,1,1,1,1,1,1,1,1,1,1,1,1,1,1,1,1,1,1,1,1,1,1,1,1,1,1,1,1,1,1,1,1,1,1,1,1,1,1,1,1,1,1,1,1,1,1,1,1,1,1,1,1,1,1,1,1,1,1,1,1,1,1,1,1,1,1,1,1,1,1,1,1,1,1,1,1,1,1,1,1,1,1,1,1,1,1,1,1,1,1,1,1,1,1,1,1,1,1,1,1,1,1,1,1,1,1,1,1,1,1,1,1,1,1,1,1,1,1,1,1,1,1,1,1,1,1,1,1,1,1,1,1,1,1,1,1,1,1,1,1,1,1,1,1,1,1,1,1,1,1,1,1,1,1,1,1,1,1,1,1,1,1,1,1,1,1,1,1,1,1,1,1,1,1,1,1,1,1,1,1,1,1,1,1,1,1,1,1,1,1,1,1,1,1,1,1,1,1,1,1,1,1,1,1,1,1,1,1,1,1,1,1,1,1,1,1,1,1,1,1,1,1,1,1,1,1,1,1,1,1,1,1,1,1,1,1,1,1,1,1,1,1,1,1,1,1,1,1,1,1,1,1,1,1,1,1,1,1,1,1,1,1,1,1,1,1,1,1,1,1,1,1,1,1,1,1,1,1,1,1,1,1,1,1,1,1,1,1,1,1,1,1,1,1,1,1,1,1,1,1,1,1,1,1,1,1,1,1,1,1,1,1,1,1,1,1,1,1,1,1,1,1,1,1,1,1,1,1,1,1,1,1,1,1,1,1,1,1,1,1,1,1,1,1,1,1,1,1,1,1,1,1,1,1,1,1,1,1,1,1,1,1,1,1,1,1,1,1,1,1,1,1,1,1,1,1,1,1,1,1,1,1,1,1,1,1,1,1,1,1,1,1,1,1,1,1,1,1,1,1,1,1,1,1,1,1,1,1,1,1,1,1,1,1,1,1,1,1,1,1,1,1,1,1,1,1,1,1,1,1,1,1,1,1,1,1,1,1,1,1,1,1,1,1,1,1,1,1,1,1,1,1,1,1,1,1,1,1,1,1,1,1,1,1,1,1,1,1,1,1,1,1,1,1,1,1,1,1,1,1,1,1,1,1,1,1,1,1,1,1,1,1,1,1,1,1,1,1,1,1,1,1,1,1,1,1,1,1,1,1,1,1,1,1,1,1,1,1,1,1,1,1,1,1,1,1,1,1,1,1,1,1,1,1,1,1,1,1,1,1,1,1,1,1,1,1,1,1,1,1,1,1,1,1,1,1,1,1,1,1,1,1,1,1,1,1,1,1,1,1,1,1,1,1,1,1,1,1,1,1,1,1,1,1,1,1,1,1,1,1,1,1,1,1,1,1,1,1,1,1,1,1,1,1,1,1,1,1,1,1,1,1,1,1,1,1,1,1,1,1,1,1,1,1,1,1,1,1,1,1,1,1,1,1,1,1,1,1,1,1,1,1,1,1,1,1,1,1,1,1,1,1,1,1,1,1,1,1,1,1,1,1,1,1,1,1,1,1,1,1,1,1,1,1,1,1,1,1,1,1,1,1,1,1,1,1,1,1,1,1,1,1,1,1,1,1,1,1,1,1,1,1,1,1,1,1,1,1,1,1,1,1,1,1,1,1,1,1,1,1,1,1,1,1,1,1,1,1,1,1,1,1,1,1,1,1,1,1,1,1,1,1,1,1,1,1,1,1,1,1,1,1,1,1,1,1,1,1,1,1,1,1,1,1,1,1,1,1,1,1,1,1,1,1,1,1,1,1,1,1,1,1,1,1,1,1,1,1,1,1,1,1,1,1,1,1,1,1,1,1,1,1,1,1,1,1,1,1,1,1,1,1,1,1,1,1,1,1,1,1,1,1,1,1,1,1,1,1,1,1,1,1,1,1,1,1,1,1,1,1,1,1,1,1,1,1,1,1,1,1,1,1,1,1,1,1,1,1,1,1,1,1,1,1,1,1,1,1,1,1,1,1,1,1,1,1,1,1,1,1,1,1,1,1,1,1,1,1,1,1,1,1,1,1,1,1,1,1,1,1,1,1,1,1,1,1,1,1,1,1,1,1,1,1,1,1,1,1,1,1,1,1,1,1,1,1,1,1,1,1,1,1,1,1,1,1,1,1,1,1,1,1,1,1,1,1,1,1,1,1,1,1,1,1,1,1,1,1,1,1,1,1,1,1,1,1,1,1,1,1,1,1,1,1,1,1,1,1,1,1,1,1,1,1,1,1,1,1,1,1,1,1,1,1,1,1,1,1,1,1,1,1,1,1,1,1,1,1,1,1,1,1,1,1,1,1,1,1,1,1,1,1,1,1,1,1,1,1,1,1,1,1,1,1,1,1,1,1,1,1,1,1,1,1,1,1,1,1,1,1,1,1,1,1,1,1,1,1,1,1,1,1,1,1,1,1,1,1,1,1,1,1,1,1,1,1,1,1,1,1,1,1,1,1,1,1,1,1,1,1,1,1,1,1,1,1,1,1,1,1,1,1,1,1,1,1,1,1,1,1,1,1,1,1,1,1,1,1,1,1,1,1,1,1,1,1,1,1,1,1,1,1,1,1,1,1,1,1,1,1,1,1,1,1,1,1,1,1,1,1,1,1,1,1,1,1,1,1,1,1,1,1,1,1,1,1,1,1,1,1,1,1,1,1,1,1,1,1,1,1,1,1,1,1,1,1,1,1,1,1,1,1,1,1,1,1,1,1,1,1,1,1,1,1,1,1,1,1,1,1,1,1,1,1,1,1,1,1,1,1,1,1,1,1,1,1,1,1,1,1,1,1,1,1,1,1,1,1,1,1,1,1,1,1,1,1,1,1,1,1,1,1,1,1,1,1,1,1,1,1,1,1,1,1,1,1,1,1,1,1,1,1,1,1,1,1,1,1,1,1,1,1,1,1,1,1,1,1,1,1,1,1,1,1,1,1,1,1,1,1,1,1,1,1,1,1,1,1,1,1,1,1,1,1,1,1,1,1,1,1,1,1,1,1,1,1,1,1,1,1,1,1,1,1,1,1,1,1,1,1,1,1,1,1,1,1,1,1,1,1,1,1,1,1,1,1,1,1,1,1,1,1,1,1,1,1,1,1,1,1,1,1,1,1,1,1,1,1,1,1,1,1,1,1,1,1,1,1,1,1,1,1,1,1,1,1,1,1,1,1,1,1,1,1,1,1,1,1,1,1,1,1,1,1,1,1,1,1,1,1,1,1,1,1,1,1,1,1,1,1,1,1,1,1,1,1,1,1,1,1,1,1,1,1,1,1,1,1,1,1,1,1,1,1,1,1,1,1,1,1,1,1,1,1,1,1,1,1,1,1,1,1,1,1,1,1,1,1,1,1,1,1,1,1,1,1,1,1,1,1,1,1,1,1,1,1,1,1,1,1,1,1,1,1,1,1,1,1,1,1,1,1,1,1,1,1,1,1,1,1,1,1,1,1,1,1,1,1,1,1,1,1,1,1,1,1,1,1,1,1,1,1,1,1,1,1,1,1,1,1,1,1,1,1,1,1,1,1,1,1,1,1,1,1,1,1,1,1,1,1,1,1,1,1,1,1,1,1,1,1,1,1,1,1,1,1,1,1,1,1,1,1,1,1,1,1,1,1,1,1,1
S 1,1,1,1,1
ordered 1,1
Ingolstadt 1,1,1,1,1,1,1,1,1,1,1,1,1,1,1,1
STRICT 1
illustrated 1
tortured 1,1,1,1
patriot 1
immured 1,1
beautiful 1,1,1,1,1,1,1,1,1,1,1,1,1,1,1,1,1,1,1,1,1,1,1,1,1,1,1
accuses 1
concealment 1
probable 1,1,1,1
probably 1,1,1,1
Vanilla 1,1
weighed 1,1,1,1,1,1
reported 1,1
shout 1,1
occurred 1,1,1,1,1,1
brotherly 1
reflecting 1
adorned 1
stare 1
wrung 1
confessing 1
golden 1
INCIDENTAL 1
wretch 1,1,1,1,1,1,1,1,1,1,1,1,1,1,1,1,1,1,1,1,1,1,1,1
Finding 1
benefactor 1,1,1
Abbey 1
tell 1,1,1,1,1,1,1,1,1
sobbed 1,1
condemns 1
beaming 1,1
tones 1,1,1
lectures 1,1,1
angelic 1,1,1
apparition 1,1,1,1,1
carefully 1,1,1
acquisition 1
taught 1,1,1,1,1,1,1,1
leathern 1
paradise 1,1
deserving 1,1,1
bred 1
company 1,1,1,1,1
priest 1,1
newsletter 1
interval 1,1,1,1
scattered 1,1,1,1,1
use 1,1,1,1,1,1,1,1,1,1,1,1,1,1,1,1,1,1,1
picking 1
Unhappy 1
assisting 1
rapidly 1,1,1,1,1,1,1,1,1,1,1
tyrannical 1
nourished 1
Wealth 1
happier 1,1,1,1
flourished 1
oppressed 1,1,1,1,1,1
disowned 1
16 1
benefit 1,1,1,1,1,1,1
decayed 1,1
invective 1
extensive 1,1
dropping 1
needed 1
lord 1
Every 1,1,1,1,1
tribute 1,1
stealth 1
bodily 1,1,1,1
worm 1,1,1,1
mate 1,1,1,1
terminate 1
solitude 1,1,1,1,1,1,1,1,1,1,1,1,1,1,1
threshold 1
grave 1,1,1,1,1,1,1
slightest 1,1,1
year 1,1,1,1,1,1,1,1
awful 1,1,1
chimera 1
resignation 1,1
Al 1,1
cultivated 1,1,1
intrusion 1,1
notes 1,1,1,1
evidence 1,1,1,1,1,1,1,1,1,1
communion 1,1
achieved 1
occupation 1,1,1,1,1,1,1
called 1,1,1,1,1,1,1,1,1,1,1,1,1,1,1,1,1,1,1,1,1,1,1,1,1,1
IF 1
He 1,1,1,1,1,1,1,1,1,1,1,1,1,1,1,1,1,1,1,1,1,1,1,1,1,1,1,1,1,1,1,1,1,1,1,1,1,1,1,1,1,1,1,1,1,1,1,1,1,1,1,1,1,1,1,1,1,1,1,1,1,1,1,1,1,1,1,1,1,1,1,1,1,1,1,1,1,1,1,1,1,1,1,1,1,1,1,1,1,1,1,1,1,1,1,1,1,1,1,1,1,1,1,1,1,1,1,1,1,1,1,1,1,1,1,1,1,1,1,1,1,1,1,1,1,1,1,1,1,1,1
In 1,1,1,1,1,1,1,1,1,1,1,1,1,1,1,1,1,1,1,1,1,1,1,1,1,1,1,1,1,1,1,1,1,1,1,1,1,1,1,1,1,1,1,1,1,1,1,1,1
Gutenberg 1,1,1,1,1,1,1,1,1,1,1,1,1,1,1,1,1,1,1,1,1,1,1,1,1,1,1,1,1,1,1,1,1,1,1,1,1,1,1,1,1,1,1,1,1,1,1,1,1,1,1,1,1,1,1,1,1,1,1,1,1,1,1,1,1,1,1,1,1,1,1,1,1,1,1,1,1,1,1,1,1,1,1
La 1
impending 1,1
condescension 1
Oh 1,1,1,1,1,1,1,1,1,1,1,1,1,1,1,1,1,1,1,1,1,1,1,1,1,1
Or 1,1,1
vineyards 1
eye 1,1,1,1,1,1,1,1,1,1,1,1,1,1,1,1,1,1
another 1,1,1,1,1,1,1,1,1,1,1,1,1,1,1,1,1,1,1,1,1,1,1,1,1,1,1,1,1,1,1,1,1,1,1,1,1,1,1,1,1,1,1,1
drunken 1
#84 1
scaling 1
triumph 1,1,1,1,1,1
recovered 1,1,1,1,1,1,1,1,1,1,1,1,1,1
TO 1,1,1,1
openly 1
conclusion 1,1,1,1,1
doubtless 1,1,1,1,1,1,1
derived 1
severity 1,1,1
crucible 1
fought 1
far 1,1,1,1,1,1,1,1,1,1,1,1,1,1,1,1,1,1,1,1,1,1,1,1,1,1,1,1,1,1,1,1,1,1,1,1,1,1,1
issued 1
Uncle 1,1
physiology 1
bewildered 1,1,1,1
classifications 1
suit 1
fastidious 1
produces 1
topic 1
recommended 1
deformity 1,1,1,1,1,1,1,1
arteries 1
fond 1,1,1,1,1,1
fit 1,1,1,1,1,1
preparatory 1
deaths 1,1,1
panic 1
haunted 1,1,1,1,1
at 1,1,1,1,1,1,1,1,1,1,1,1,1,1,1,1,1,1,1,1,1,1,1,1,1,1,1,1,1,1,1,1,1,1,1,1,1,1,1,1,1,1,1,1,1,1,1,1,1,1,1,1,1,1,1,1,1,1,1,1,1,1,1,1,1,1,1,1,1,1,1,1,1,1,1,1,1,1,1,1,1,1,1,1,1,1,1,1,1,1,1,1,1,1,1,1,1,1,1,1,1,1,1,1,1,1,1,1,1,1,1,1,1,1,1,1,1,1,1,1,1,1,1,1,1,1,1,1,1,1,1,1,1,1,1,1,1,1,1,1,1,1,1,1,1,1,1,1,1,1,1,1,1,1,1,1,1,1,1,1,1,1,1,1,1,1,1,1,1,1,1,1,1,1,1,1,1,1,1,1,1,1,1,1,1,1,1,1,1,1,1,1,1,1,1,1,1,1,1,1,1,1,1,1,1,1,1,1,1,1,1,1,1,1,1,1,1,1,1,1,1,1,1,1,1,1,1,1,1,1,1,1,1,1,1,1,1,1,1,1,1,1,1,1,1,1,1,1,1,1,1,1,1,1,1,1,1,1,1,1,1,1,1,1,1,1,1,1,1,1,1,1,1,1,1,1,1,1,1,1,1,1,1,1,1,1,1,1,1,1,1,1,1,1,1,1,1,1,1,1,1,1,1,1,1
impervious 1
sudden 1,1,1,1,1,1,1,1
Did 1,1,1,1
radiance 1,1
familiar 1,1,1,1,1,1,1,1
stared 1
tears 1,1,1,1,1,1,1,1,1,1,1,1,1,1,1,1,1,1,1,1,1,1,1,1,1,1,1,1,1
skill 1
Professor 1,1
annoying 1
eagerness 1,1,1,1,1
irreproachable 1
irreparable 1,1,1
that 1,1,1,1,1,1,1,1,1,1,1,1,1,1,1,1,1,1,1,1,1,1,1,1,1,1,1,1,1,1,1,1,1,1,1,1,1,1,1,1,1,1,1,1,1,1,1,1,1,1,1,1,1,1,1,1,1,1,1,1,1,1,1,1,1,1,1,1,1,1,1,1,1,1,1,1,1,1,1,1,1,1,1,1,1,1,1,1,1,1,1,1,1,1,1,1,1,1,1,1,1,1,1,1,1,1,1,1,1,1,1,1,1,1,1,1,1,1,1,1,1,1,1,1,1,1,1,1,1,1,1,1,1,1,1,1,1,1,1,1,1,1,1,1,1,1,1,1,1,1,1,1,1,1,1,1,1,1,1,1,1,1,1,1,1,1,1,1,1,1,1,1,1,1,1,1,1,1,1,1,1,1,1,1,1,1,1,1,1,1,1,1,1,1,1,1,1,1,1,1,1,1,1,1,1,1,1,1,1,1,1,1,1,1,1,1,1,1,1,1,1,1,1,1,1,1,1,1,1,1,1,1,1,1,1,1,1,1,1,1,1,1,1,1,1,1,1,1,1,1,1,1,1,1,1,1,1,1,1,1,1,1,1,1,1,1,1,1,1,1,1,1,1,1,1,1,1,1,1,1,1,1,1,1,1,1,1,1,1,1,1,1,1,1,1,1,1,1,1,1,1,1,1,1,1,1,1,1,1,1,1,1,1,1,1,1,1,1,1,1,1,1,1,1,1,1,1,1,1,1,1,1,1,1,1,1,1,1,1,1,1,1,1,1,1,1,1,1,1,1,1,1,1,1,1,1,1,1,1,1,1,1,1,1,1,1,1,1,1,1,1,1,1,1,1,1,1,1,1,1,1,1,1,1,1,1,1,1,1,1,1,1,1,1,1,1,1,1,1,1,1,1,1,1,1,1,1,1,1,1,1,1,1,1,1,1,1,1,1,1,1,1,1,1,1,1,1,1,1,1,1,1,1,1,1,1,1,1,1,1,1,1,1,1,1,1,1,1,1,1,1,1,1,1,1,1,1,1,1,1,1,1,1,1,1,1,1,1,1,1,1,1,1,1,1,1,1,1,1,1,1,1,1,1,1,1,1,1,1,1,1,1,1,1,1,1,1,1,1,1,1,1,1,1,1,1,1,1,1,1,1,1,1,1,1,1,1,1,1,1,1,1,1,1,1,1,1,1,1,1,1,1,1,1,1,1,1,1,1,1,1,1,1,1,1,1,1,1,1,1,1,1,1,1,1,1,1,1,1,1,1,1,1,1,1,1,1,1,1,1,1,1,1,1,1,1,1,1,1,1,1,1,1,1,1,1,1,1,1,1,1,1,1,1,1,1,1,1,1,1,1,1,1,1,1,1,1,1,1,1,1,1,1,1,1,1,1,1,1,1,1,1,1,1,1,1,1,1,1,1,1,1,1,1,1,1,1,1,1,1,1,1,1,1,1,1,1,1,1,1,1,1,1,1,1,1,1,1,1,1,1,1,1,1,1,1,1,1,1,1,1,1,1,1,1,1,1,1,1,1,1,1,1,1,1,1,1,1,1,1,1,1,1,1,1,1,1,1,1,1,1,1,1,1,1,1,1,1,1,1,1,1,1,1,1,1,1,1,1,1,1,1,1,1,1,1,1,1,1,1,1,1,1,1,1,1,1,1,1,1,1,1,1,1,1,1,1,1,1,1,1,1,1,1,1,1,1,1,1,1,1,1,1,1,1,1,1,1,1,1,1,1,1,1,1,1,1,1,1,1,1,1,1,1,1,1,1,1,1,1,1,1,1,1,1,1,1,1,1,1,1,1,1,1,1,1,1,1,1,1,1,1,1,1,1,1,1,1,1,1,1,1,1,1,1,1,1,1,1,1,1,1,1,1,1,1,1,1,1,1,1,1,1,1,1,1,1,1,1,1,1,1,1,1,1,1,1,1,1,1,1,1,1,1,1,1,1,1,1,1,1,1,1,1,1,1,1,1,1,1,1,1,1,1,1,1,1,1,1,1,1,1,1,1,1,1,1,1,1,1,1,1,1,1,1,1,1,1,1,1,1,1,1,1,1,1,1,1,1,1,1,1,1,1,1,1,1,1,1,1,1,1,1,1,1,1,1,1,1,1,1,1,1,1,1,1,1,1,1,1,1,1,1,1,1,1,1,1,1,1,1,1,1,1,1,1,1,1,1,1,1,1,1,1,1,1,1,1,1,1,1,1,1,1,1,1,1,1,1,1,1,1,1,1,1,1,1,1,1,1,1,1,1,1,1,1,1,1,1,1,1,1,1,1,1,1,1,1,1
limit 1,1
Caroline 1,1,1
gaze 1
kissed 1,1,1,1,1
of 1,1,1,1,1,1,1,1,1,1,1,1,1,1,1,1,1,1,1,1,1,1,1,1,1,1,1,1,1,1,1,1,1,1,1,1,1,1,1,1,1,1,1,1,1,1,1,1,1,1,1,1,1,1,1,1,1,1,1,1,1,1,1,1,1,1,1,1,1,1,1,1,1,1,1,1,1,1,1,1,1,1,1,1,1,1,1,1,1,1,1,1,1,1,1,1,1,1,1,1,1,1,1,1,1,1,1,1,1,1,1,1,1,1,1,1,1,1,1,1,1,1,1,1,1,1,1,1,1,1,1,1,1,1,1,1,1,1,1,1,1,1,1,1,1,1,1,1,1,1,1,1,1,1,1,1,1,1,1,1,1,1,1,1,1,1,1,1,1,1,1,1,1,1,1,1,1,1,1,1,1,1,1,1,1,1,1,1,1,1,1,1,1,1,1,1,1,1,1,1,1,1,1,1,1,1,1,1,1,1,1,1,1,1,1,1,1,1,1,1,1,1,1,1,1,1,1,1,1,1,1,1,1,1,1,1,1,1,1,1,1,1,1,1,1,1,1,1,1,1,1,1,1,1,1,1,1,1,1,1,1,1,1,1,1,1,1,1,1,1,1,1,1,1,1,1,1,1,1,1,1,1,1,1,1,1,1,1,1,1,1,1,1,1,1,1,1,1,1,1,1,1,1,1,1,1,1,1,1,1,1,1,1,1,1,1,1,1,1,1,1,1,1,1,1,1,1,1,1,1,1,1,1,1,1,1,1,1,1,1,1,1,1,1,1,1,1,1,1,1,1,1,1,1,1,1,1,1,1,1,1,1,1,1,1,1,1,1,1,1,1,1,1,1,1,1,1,1,1,1,1,1,1,1,1,1,1,1,1,1,1,1,1,1,1,1,1,1,1,1,1,1,1,1,1,1,1,1,1,1,1,1,1,1,1,1,1,1,1,1,1,1,1,1,1,1,1,1,1,1,1,1,1,1,1,1,1,1,1,1,1,1,1,1,1,1,1,1,1,1,1,1,1,1,1,1,1,1,1,1,1,1,1,1,1,1,1,1,1,1,1,1,1,1,1,1,1,1,1,1,1,1,1,1,1,1,1,1,1,1,1,1,1,1,1,1,1,1,1,1,1,1,1,1,1,1,1,1,1,1,1,1,1,1,1,1,1,1,1,1,1,1,1,1,1,1,1,1,1,1,1,1,1,1,1,1,1,1,1,1,1,1,1,1,1,1,1,1,1,1,1,1,1,1,1,1,1,1,1,1,1,1,1,1,1,1,1,1,1,1,1,1,1,1,1,1,1,1,1,1,1,1,1,1,1,1,1,1,1,1,1,1,1,1,1,1,1,1,1,1,1,1,1,1,1,1,1,1,1,1,1,1,1,1,1,1,1,1,1,1,1,1,1,1,1,1,1,1,1,1,1,1,1,1,1,1,1,1,1,1,1,1,1,1,1,1,1,1,1,1,1,1,1,1,1,1,1,1,1,1,1,1,1,1,1,1,1,1,1,1,1,1,1,1,1,1,1,1,1,1,1,1,1,1,1,1,1,1,1,1,1,1,1,1,1,1,1,1,1,1,1,1,1,1,1,1,1,1,1,1,1,1,1,1,1,1,1,1,1,1,1,1,1,1,1,1,1,1,1,1,1,1,1,1,1,1,1,1,1,1,1,1,1,1,1,1,1,1,1,1,1,1,1,1,1,1,1,1,1,1,1,1,1,1,1,1,1,1,1,1,1,1,1,1,1,1,1,1,1,1,1,1,1,1,1,1,1,1,1,1,1,1,1,1,1,1,1,1,1,1,1,1,1,1,1,1,1,1,1,1,1,1,1,1,1,1,1,1,1,1,1,1,1,1,1,1,1,1,1,1,1,1,1,1,1,1,1,1,1,1,1,1,1,1,1,1,1,1,1,1,1,1,1,1,1,1,1,1,1,1,1,1,1,1,1,1,1,1,1,1,1,1,1,1,1,1,1,1,1,1,1,1,1,1,1,1,1,1,1,1,1,1,1,1,1,1,1,1,1,1,1,1,1,1,1,1,1,1,1,1,1,1,1,1,1,1,1,1,1,1,1,1,1,1,1,1,1,1,1,1,1,1,1,1,1,1,1,1,1,1,1,1,1,1,1,1,1,1,1,1,1,1,1,1,1,1,1,1,1,1,1,1,1,1,1,1,1,1,1,1,1,1,1,1,1,1,1,1,1,1,1,1,1,1,1,1,1,1,1,1,1,1,1,1,1,1,1,1,1,1,1,1,1,1,1,1,1,1,1,1,1,1,1,1,1,1,1,1,1,1,1,1,1,1,1,1,1,1,1,1,1,1,1,1,1,1,1,1,1,1,1,1,1,1,1,1,1,1,1,1,1,1,1,1,1,1,1,1,1,1,1,1,1,1,1,1,1,1,1,1,1,1,1,1,1,1,1,1,1,1,1,1,1,1,1,1,1,1,1,1,1,1,1,1,1,1,1,1,1,1,1,1,1,1,1,1,1,1,1,1,1,1,1,1,1,1,1,1,1,1,1,1,1,1,1,1,1,1,1,1,1,1,1,1,1,1,1,1,1,1,1,1,1,1,1,1,1,1,1,1,1,1,1,1,1,1,1,1,1,1,1,1,1,1,1,1,1,1,1,1,1,1,1,1,1,1,1,1,1,1,1,1,1,1,1,1,1,1,1,1,1,1,1,1,1,1,1,1,1,1,1,1,1,1,1,1,1,1,1,1,1,1,1,1,1,1,1,1,1,1,1,1,1,1,1,1,1,1,1,1,1,1,1,1,1,1,1,1,1,1,1,1,1,1,1,1,1,1,1,1,1,1,1,1,1,1,1,1,1,1,1,1,1,1,1,1,1,1,1,1,1,1,1,1,1,1,1,1,1,1,1,1,1,1,1,1,1,1,1,1,1,1,1,1,1,1,1,1,1,1,1,1,1,1,1,1,1,1,1,1,1,1,1,1,1,1,1,1,1,1,1,1,1,1,1,1,1,1,1,1,1,1,1,1,1,1,1,1,1,1,1,1,1,1,1,1,1,1,1,1,1,1,1,1,1,1,1,1,1,1,1,1,1,1,1,1,1,1,1,1,1,1,1,1,1,1,1,1,1,1,1,1,1,1,1,1,1,1,1,1,1,1,1,1,1,1,1,1,1,1,1,1,1,1,1,1,1,1,1,1,1,1,1,1,1,1,1,1,1,1,1,1,1,1,1,1,1,1,1,1,1,1,1,1,1,1,1,1,1,1,1,1,1,1,1,1,1,1,1,1,1,1,1,1,1,1,1,1,1,1,1,1,1,1,1,1,1,1,1,1,1,1,1,1,1,1,1,1,1,1,1,1,1,1,1,1,1,1,1,1,1,1,1,1,1,1,1,1,1,1,1,1,1,1,1,1,1,1,1,1,1,1,1,1,1,1,1,1,1,1,1,1,1,1,1,1,1,1,1,1,1,1,1,1,1,1,1,1,1,1,1,1,1,1,1,1,1,1,1,1,1,1,1,1,1,1,1,1,1,1,1,1,1,1,1,1,1,1,1,1,1,1,1,1,1,1,1,1,1,1,1,1,1,1,1,1,1,1,1,1,1,1,1,1,1,1,1,1,1,1,1,1,1,1,1,1,1,1,1,1,1,1,1,1,1,1,1,1,1,1,1,1,1,1,1,1,1,1,1,1,1,1,1,1,1,1,1,1,1,1,1,1,1,1,1,1,1,1,1,1,1,1,1,1,1,1,1,1,1,1,1,1,1,1,1,1,1,1,1,1,1,1,1,1,1,1,1,1,1,1,1,1,1,1,1,1,1,1,1,1,1,1,1,1,1,1,1,1,1,1,1,1,1,1,1,1,1,1,1,1,1,1,1,1,1,1,1,1,1,1,1,1,1,1,1,1,1,1,1,1,1,1,1,1,1,1,1,1,1,1,1,1,1,1,1,1,1,1,1,1,1,1,1,1,1,1,1,1,1,1,1,1,1,1,1,1,1,1,1,1,1,1,1,1,1,1,1,1,1,1,1,1,1,1,1,1,1,1,1,1,1,1,1,1,1,1,1,1,1,1,1,1,1,1,1,1,1,1,1,1,1,1,1,1,1,1,1,1,1,1,1,1,1,1,1,1,1,1,1,1,1,1,1,1,1,1,1,1,1,1,1,1,1,1,1,1,1,1,1,1,1,1,1,1,1,1,1,1,1,1,1,1,1,1,1,1,1,1,1,1,1,1,1,1,1,1,1,1,1,1,1,1,1,1,1,1,1,1,1,1,1,1,1,1,1,1,1,1,1,1,1,1,1,1,1,1,1,1,1,1,1,1,1,1,1,1,1,1,1,1,1,1,1,1,1,1,1,1,1,1,1,1,1,1,1,1,1,1,1,1,1,1,1,1,1,1,1,1,1,1,1,1,1,1,1,1,1,1,1,1,1,1,1,1,1,1,1,1,1,1,1,1,1,1,1,1,1,1,1,1,1,1,1,1,1,1,1,1,1,1,1,1,1,1,1,1,1,1,1,1,1,1,1,1,1,1,1,1,1,1,1,1,1,1,1,1,1,1,1,1,1,1,1,1,1,1,1,1,1,1,1,1,1,1,1,1,1,1,1,1,1,1,1,1,1,1,1,1,1,1,1,1,1,1,1,1,1,1,1,1,1,1,1,1,1,1,1,1,1,1,1,1,1,1,1,1,1,1,1,1,1,1,1,1,1,1,1,1,1,1,1,1,1,1,1,1,1,1,1,1,1,1,1,1,1,1,1,1,1,1,1,1,1,1,1,1,1,1,1,1,1,1,1,1,1,1,1,1,1,1,1,1,1,1,1,1,1,1,1,1,1,1,1,1,1,1,1,1,1,1,1,1,1,1,1,1,1,1,1,1,1,1,1,1,1,1,1,1,1,1,1,1,1,1,1,1,1,1,1,1,1,1,1,1,1,1,1,1,1,1,1,1,1,1,1,1,1,1,1,1,1,1,1,1,1,1,1,1,1,1,1,1,1,1,1,1,1,1,1,1,1,1,1,1,1,1,1,1,1,1,1,1,1,1,1,1,1,1,1,1,1,1,1,1,1,1,1,1,1,1,1,1,1,1,1,1,1,1,1,1,1,1,1,1,1,1,1,1,1,1,1,1,1,1,1,1,1,1,1,1,1,1,1,1,1,1,1,1,1,1,1,1,1,1,1,1,1,1,1,1,1,1,1,1,1,1,1,1,1,1,1,1,1,1,1,1,1,1,1,1,1,1,1,1,1,1,1,1,1,1,1,1,1,1,1,1,1,1,1,1,1,1,1,1,1,1,1,1,1,1,1,1,1,1,1,1,1,1,1,1,1,1,1,1,1,1,1,1,1,1,1,1,1,1,1,1,1,1,1,1,1,1,1,1,1,1,1,1,1,1,1,1,1,1,1,1,1,1,1,1,1,1,1,1,1,1,1,1,1,1,1,1,1,1,1,1,1,1,1,1,1,1,1,1,1,1,1,1,1,1,1,1,1,1,1,1,1,1,1,1,1,1,1,1,1,1,1,1,1,1,1,1,1,1,1,1,1,1,1,1,1,1,1,1,1,1,1,1,1,1,1,1,1,1,1,1,1,1,1,1,1,1,1,1,1,1,1,1,1,1,1,1,1,1,1,1,1,1,1,1,1,1,1,1,1,1,1,1,1,1,1,1,1,1,1,1,1,1,1,1,1,1,1,1,1,1,1,1,1,1,1,1,1,1,1,1,1,1,1,1,1,1,1,1,1,1,1,1,1,1,1,1,1,1,1,1,1,1,1,1,1,1,1,1,1,1,1,1,1,1,1,1,1,1,1,1,1,1,1,1,1,1,1,1,1,1,1,1,1,1,1,1,1,1,1,1,1,1,1,1,1,1,1,1,1,1,1,1,1,1,1,1,1,1,1,1,1,1,1,1,1,1,1,1,1,1,1,1,1,1,1,1,1,1,1,1,1,1,1,1,1,1,1,1,1,1,1,1,1,1,1,1,1,1,1,1,1,1,1,1,1,1,1,1,1,1,1,1,1,1,1,1,1,1,1,1,1,1,1,1,1,1,1,1,1,1,1,1,1,1,1,1,1,1,1,1,1,1,1,1,1,1,1,1,1,1,1,1,1,1,1,1,1,1,1,1,1,1,1,1,1,1,1,1,1,1,1,1,1,1,1,1,1,1,1,1,1,1,1,1,1,1,1,1,1,1
easier 1
insanity 1,1,1
expire 1
executed 1,1,1
Section 1,1,1,1,1,1,1
Volunteers 1
PROJECT 1,1,1,1
frosts 1
changes 1,1,1
destitute 1
brides 1
held 1,1,1,1,1,1,1,1
Internal 1
deeply 1,1,1,1,1,1,1,1,1,1,1,1,1,1,1,1,1,1,1,1
conclude 1
mingling 1
south 1,1,1,1,1
periodic 1
industrious 1
narrations 1
depth 1
overpowering 1
Company 1
sound 1,1,1,1,1,1,1,1,1,1,1,1,1,1,1,1,1,1,1,1,1,1
barrier 1,1,1,1
unexampled 1
depended 1,1,1,1
sensibilities 1
expenses 1,1
surmount 1,1
Austrian 1
habitation 1,1,1,1,1
smoke 1
skies 1,1
colonization 1
union 1,1,1,1,1,1,1,1,1,1,1,1,1,1,1,1
standard 1
illuminating 1
Scoffing 1
reasoned 1
channel 1
Everyone 1
intelligence 1,1,1
appearing 1,1
smothered 1
hitherto 1,1,1,1,1,1,1,1,1,1,1,1
opportunities 1
lake 1,1,1,1,1,1,1,1,1,1,1,1,1,1,1,1,1,1,1,1,1,1,1,1,1,1
elevation 1
congregated 1
culled 1
myriads 1
rendezvous 1
Constantinople 1,1
mute 1
Should 1
intimate 1,1,1
charm 1,1,1
things 1,1,1,1,1,1,1,1,1,1,1
impossible 1,1,1,1,1,1,1,1
ravish 1
childless 1
sickness 1,1,1,1,1
confirmed 1,1,1,1,1,1,1,1
vows 1
omnipotence 1
gallant 1,1
Duvillard 1
shepherd 1,1
hellish 1,1,1,1,1,1,1
gaunt 1
secluded 1,1,1
outraged 1
march 1
Curiosity 1
reveries 1,1,1
questions 1,1,1,1,1,1
extents 1
pathways 1
blame 1
carrying 1
deceived 1,1,1,1
unfinished 1,1
bounty 1
sensibility 1,1,1
5th 1,1
withhold 1
Were 1
undergone 1
softly 1
strife 1
rooted 1
impressive 1
pretended 1
Mediterranean 1,1
refinement 1
pieces 1,1,1
trademark/copyright 1
household 1
Full 1
prolonging 1
detect 1
calculating 1
sandy 1
tingle 1
preparation 1,1
glared 1
fruitless 1
Hateful 1
speaker 1
repair 1
seemingly 1,1,1,1
unalterable 1
YOU 1,1,1,1,1,1,1,1,1,1,1
ashamed 1
pearly 1
801 1
weeks 1,1,1,1,1,1
hasten 1,1,1,1,1,1,1,1
successors 1
Mine 1
Melan 1
Winter 1
port 1
distemper 1
hesitate 1
production 1,1
debarred 1
Pays 1
punish 1,1
fairer 1,1
copies 1,1,1,1,1,1,1,1
differed 1,1
elixir 1,1
irresistible 1,1,1
intuitive 1
transcendent 1
Mexico 1
comprehend 1,1,1,1
foretaste 1
popular 1
longed 1,1,1,1,1,1,1,1,1,1,1
voiceless 1
recollection 1,1,1,1,1,1,1,1,1,1
thunderstorm 1
Leave 1
situated 1,1,1,1,1
crowding 1
street 1,1,1
seamen 1
learned 1,1,1,1,1,1,1,1,1,1,1,1,1,1,1,1,1,1,1
compensated 1,1
cherub 1
rouses 1
adored 1,1,1
totally 1,1,1
auguries 1
phrase 1,1,1,1,1
consoled 1
Release 1
ardour 1,1,1,1,1,1,1,1,1,1,1,1,1
original 1,1,1
interruption 1
afterwards 1,1,1,1,1,1,1,1,1,1,1,1,1,1,1,1,1
astonishing 1,1,1,1,1,1,1,1
offered 1,1
subsequent 1,1
instructed 1,1
North 1,1,1
related 1,1,1,1,1,1,1,1,1,1,1
false 1,1,1,1,1
ignorantly 1
crowd 1,1,1,1,1
mechanical 1
crown 1,1,1
judgement 1
payments 1,1,1
reverential 1
POSSIBILITY 1
prejudice 1,1
everything 1,1,1
indirectly 1
steeples 1
sign 1,1
saviour 1
Terms 1,1
rambled 1
pursues 1
plays 1,1
control 1,1,1
pulse 1,1,1
inflict 1,1,1
lighthearted 1
injure 1,1
injury 1,1,1,1
exhibit 1,1,1
fancies 1,1
surprised 1,1,1,1,1,1,1,1,1,1,1,1,1
stopped 1,1,1
lighter 1,1
Modern 1,1
Meltzer 1,1
Rise 1
nights 1,1,1,1,1
speedily 1,1,1,1,1,1,1
Leghorn 1,1,1,1,1,1
ballots 1
sight 1,1,1,1,1,1,1,1,1,1,1,1,1,1,1,1,1,1,1,1,1,1,1,1,1
drivest 1
joys 1,1,1,1,1
following 1,1,1,1,1,1,1,1,1,1,1
leak 1
prominently 1,1
tremble 1,1,1,1,1,1
accepted 1,1
person 1,1,1,1,1,1,1,1,1,1,1,1,1,1,1,1,1,1,1,1,1
weep 1,1,1,1,1,1,1,1,1,1,1
despond 1
ready 1,1,1
resembled 1,1
misdeed 1
prepare 1,1,1,1,1,1
Memory 1
successfully 1
Hanninen 1,1
temper 1,1,1,1,1,1
rejoice 1
resigned 1,1
murmured 1
ascended 1,1,1,1
relatives 1,1
romantic 1,1,1,1
distant 1,1,1,1,1,1,1,1,1,1
gaiety 1,1,1
matter 1,1,1,1
acquiring 1
employed 1,1,1,1,1,1,1,1,1,1,1,1,1
satiate 1
pillow 1
maintenance 1,1
exclaim 1
complied 1
Nature 1,1,1,1
page 1,1,1,1
painful 1,1,1,1,1,1
harvest 1
allotted 1
suppressing 1
provide 1,1,1,1,1,1,1,1,1
Write 1
Could 1,1,1,1,1,1
aided 1,1
meant 1
interests 1,1
sacrifice 1,1,1,1,1
August 1,1,1,1,1,1
repairing 1
residents 1
smiles 1,1,1,1,1,1,1,1,1,1,1,1,1,1,1
bind 1
principally 1,1,1
mile 1,1
mourning 1,1,1,1
requisite 1
emergency 1
traversing 1
inconveniences 1
gnashes 1
convert 1
TRADEMARK 1
letters 1,1,1,1,1,1,1,1,1,1,1,1,1,1,1,1,1
leisure 1,1,1,1,1
twenty 1,1,1,1,1
obscured 1,1
Snow 1
terribly 1,1
terrible 1,1,1,1,1,1,1,1,1,1
protestations 1
height 1,1,1,1
moderate 1,1,1,1
beaten 1,1
received 1,1,1,1,1,1,1,1,1,1,1,1,1,1,1,1,1,1,1,1,1
quality 1,1
unceasing 1
middle 1,1,1
appear 1,1,1,1,1,1,1,1,1,1,1,1,1,1,1,1,1,1,1,1,1,1,1
descended 1,1,1,1,1,1,1,1
gazed 1,1,1,1,1,1,1,1,1,1,1
secured 1,1
allow 1,1,1,1,1,1,1,1,1,1,1,1,1,1
Phillips 1,1
Neither 1
avalanche 1,1,1,1,1
claimed 1
whole 1,1,1,1,1,1,1,1,1,1,1,1,1,1,1,1,1,1,1,1,1,1,1,1,1,1,1,1,1,1,1,1
obstacle 1
resemblance 1,1
knowing 1,1,1,1
deprecate 1
invader 1
believes 1,1,1,1
swallow 1
haste 1
hasty 1,1
dirge 1
mysteries 1,1
failed 1,1,1,1,1,1,1,1
venting 1
prescribed 1
talks 1
deductible 1
landscape 1,1,1
desperate 1
fancying 1
returns 1,1,1
damps 1,1
elevates 1,1
discrimination 1
whaler 1
chimney 1,1
bedim 1
release 1,1
grievously 1
darkness 1,1,1,1,1,1,1,1,1,1,1,1,1,1
against 1,1,1,1,1,1,1,1,1,1,1,1,1,1,1,1,1,1,1,1,1
preceding 1,1,1,1,1,1
hovers 1
catching 1
godlike 1,1,1
influenced 1,1
Ireland 1,1,1,1
stepped 1,1
faintness 1
Let 1,1,1,1,1,1,1,1
remainder 1,1,1,1,1
disinterested 1
slow 1,1,1,1,1,1,1
persuade 1,1,1,1,1,1,1,1,1,1
understood 1,1,1,1,1,1,1,1,1,1,1,1,1,1
sciences 1
houses 1,1,1,1
aloud 1,1,1,1,1,1
designs 1
September 1,1,1,1,1,1
depends 1
probability 1,1,1
contention 1
Hence 1
apartments 1
pines 1,1,1
Urged 1,1,1
used 1,1,1,1,1,1
constantly 1,1
sweeter 1
irremediable 1
imprisonment 1
designed 1
downcast 1
inhabitants 1,1,1,1,1,1,1,1,1,1,1
replenished 1
rescued 1
whom 1,1,1,1,1,1,1,1,1,1,1,1,1,1,1,1,1,1,1,1,1,1,1,1,1,1,1,1,1,1,1,1,1,1,1,1,1,1,1,1,1,1,1,1,1,1,1,1,1,1,1,1,1,1,1,1,1,1,1,1,1,1,1,1,1,1,1,1,1,1,1,1,1,1,1,1,1,1,1,1,1
humanity 1,1,1,1,1,1
Werter 1,1,1,1,1
immeasurably 1
immeasurable 1
frame 1,1,1,1,1,1,1,1,1,1,1,1,1,1
teachers 1
confirms 1
dispatched 1
issue 1,1
lower 1,1,1,1,1,1
acted 1,1,1,1
utensils 1,1
windings 1,1,1
compensate 1
outcast 1,1,1
repulsive 1,1,1
Updated 1
hateful 1,1,1,1
Lyons 1
_I_ 1
sympathy 1,1,1,1,1,1,1,1,1,1,1,1,1,1,1,1,1,1,1
determine 1
Christian 1,1,1
breaking 1,1,1
settled 1,1
twelve 1
fatally 1
unsoftened 1
assist 1,1,1,1,1,1
amazing 1
solve 1,1
support 1,1,1,1,1,1,1,1,1,1,1,1,1,1,1,1,1
orb 1,1
superior 1,1,1,1,1,1,1,1,1,1
torment 1,1,1,1
mildness 1,1,1
streams 1,1,1
cope 1,1
More 1,1
copy 1,1,1,1,1,1,1,1,1,1,1,1
Ariosto 1
magic 1,1
blot 1,1
King 1
sunny 1
moonlight 1
recovery 1,1,1
compliance 1,1,1,1
turnkeys 1,1
functions 1,1
your 1,1,1,1,1,1,1,1,1,1,1,1,1,1,1,1,1,1,1,1,1,1,1,1,1,1,1,1,1,1,1,1,1,1,1,1,1,1,1,1,1,1,1,1,1,1,1,1,1,1,1,1,1,1,1,1,1,1,1,1,1,1,1,1,1,1,1,1,1,1,1,1,1,1,1,1,1,1,1,1,1,1,1,1,1,1,1,1,1,1,1,1,1,1,1,1,1,1,1,1,1,1,1,1,1,1,1,1,1,1,1,1,1,1,1,1,1,1,1,1,1,1,1,1,1,1,1,1,1,1,1,1,1,1,1,1,1,1,1,1,1,1,1,1,1,1,1,1,1,1,1,1,1,1,1,1,1,1,1,1,1,1,1,1,1,1,1,1,1,1,1,1,1,1,1,1,1,1,1,1,1,1,1,1,1,1,1,1,1,1,1,1,1,1,1,1,1,1,1,1,1,1,1,1,1,1,1,1,1,1,1,1,1,1,1,1,1,1,1,1,1,1,1,1,1,1,1,1,1,1,1,1,1,1,1,1,1,1,1,1,1,1,1,1,1,1
framed 1
devices 1
revived 1,1,1
harbour 1,1,1
days 1,1,1,1,1,1,1,1,1,1,1,1,1,1,1,1,1,1,1,1,1,1,1,1,1,1,1,1,1,1,1,1,1,1,1,1,1,1,1,1,1,1,1,1,1,1,1,1,1,1,1
disguise 1
liberal 1
wish 1,1,1,1,1,1,1,1,1,1,1,1,1,1,1,1,1,1,1,1,1,1,1,1
inquirer 1
claims 1
folks 1
instrument 1,1,1,1,1,1,1,1
treasure 1,1
furtherance 1
4557 1
hopeless 1,1,1
pen 1
ceased 1,1,1,1,1,1,1,1,1,1,1
period 1,1,1,1,1,1,1,1,1,1,1,1,1,1,1,1
confirmation 1,1
inquietude 1
irregular 1,1
intermixed 1
reign 1
Haunted 1
Falkland 1
despise 1,1
maddening 1,1
vessels 1,1,1
caresses 1,1
joints 1,1
foresaw 1
actions 1,1,1,1
sunrise 1
dispersed 1,1,1
Would 1
Inspirited 1
excuse 1
crimes 1,1,1,1,1,1,1,1,1,1,1,1,1
Nor 1,1,1,1
congeal 1
Satan 1,1
extracting 1
Special 1
incurable 1
veiled 1
junior 1
lapse 1
artist 1
aiguilles 1
Solon 1
emulate 1
consider 1,1,1,1,1,1,1,1,1
whither 1,1,1,1,1
request 1,1,1,1,1,1,1
neither 1,1,1,1,1,1,1
population 1
Mississippi 1
hold 1,1,1,1,1,1,1,1
Rome 1
serviceable 1
dedicated 1,1,1
accompany 1,1,1,1,1,1
reception 1,1,1
existing 1,1
material 1
Good 1,1,1,1,1,1
distinctly 1,1
painted 1,1,1,1
Muhammadan 1
intercepted 1
confused 1,1,1,1,1
selected 1,1,1
cabriolet 1
fill 1,1,1,1,1
valley 1,1,1,1,1,1,1,1,1
Chene 1
troubled 1,1,1,1,1,1,1
thyself 1
trample 1,1
funeral 1,1,1,1
processing 1
knocked 1
accordance 1,1
abandon 1,1
admirable 1,1,1
swept 1,1,1
answered 1,1,1,1,1,1,1
slumbers 1
disliked 1
dependent 1,1
briefly 1,1
swelling 1,1,1
distress 1,1,1
donations 1,1,1,1,1,1,1,1,1,1,1,1
execrated 1
hopes 1,1,1,1,1,1,1,1,1,1,1,1,1,1,1,1,1,1,1,1,1,1,1
inhabit 1,1,1,1,1,1,1,1
sweetness 1,1,1
cannot 1,1,1,1,1,1,1,1,1,1,1,1,1,1,1,1,1,1,1,1,1,1,1,1,1,1,1,1,1,1,1,1,1,1,1,1,1,1,1,1,1,1,1,1,1,1,1,1,1,1
struggled 1,1,1,1,1
arrival 1,1,1,1,1,1,1,1
moments 1,1,1,1,1,1,1,1,1,1,1,1,1,1,1,1,1
array 1
track 1,1,1
DIRECT 1
resources 1,1
ennui 1
hurried 1,1,1,1,1,1,1
endure 1,1,1,1,1,1,1,1,1,1,1,1,1,1,1,1,1,1
omnipotent 1,1,1
qualities 1,1,1,1,1,1
assistants 1
exchange 1
incantations 1
retain 1
crew 1
exultation 1,1,1
all 1,1,1,1,1,1,1,1,1,1,1,1,1,1,1,1,1,1,1,1,1,1,1,1,1,1,1,1,1,1,1,1,1,1,1,1,1,1,1,1,1,1,1,1,1,1,1,1,1,1,1,1,1,1,1,1,1,1,1,1,1,1,1,1,1,1,1,1,1,1,1,1,1,1,1,1,1,1,1,1,1,1,1,1,1,1,1,1,1,1,1,1,1,1,1,1,1,1,1,1,1,1,1,1,1,1,1,1,1,1,1,1,1,1,1,1,1,1,1,1,1,1,1,1,1,1,1,1,1,1,1,1,1,1,1,1,1,1,1,1,1,1,1,1,1,1,1,1,1,1,1,1,1,1,1,1,1,1,1,1,1,1,1,1,1,1,1,1,1,1,1,1,1,1,1,1,1,1,1,1,1,1,1,1,1,1,1,1,1,1,1,1,1,1,1,1,1,1,1,1,1,1,1,1,1,1,1
rob 1,1,1
chemist 1
reverses 1
suggested 1,1
unhallowed 1,1,1,1
dull 1,1
anywhere 1,1
corruption 1,1,1
Certainly 1
patience 1,1,1
vice 1,1,1,1,1,1,1,1
esteem 1,1,1
calm 1,1,1,1,1,1,1,1,1,1,1,1,1,1,1,1,1,1,1,1
strength 1,1,1,1,1,1,1,1,1,1,1,1,1,1,1
towering 1
view 1,1,1,1,1,1,1,1,1,1,1,1,1,1,1
defiance 1
consecrate 1,1
bolt 1,1
introduce 1
seating 1
discourse 1,1,1
usage 1
feminine 1,1
exhilarated 1
born 1,1,1,1
tumult 1,1,1,1
affecting 1,1
inglorious 1
mentioned 1,1,1,1,1,1,1
say 1,1,1,1,1,1,1,1,1,1,1,1,1,1,1,1,1,1,1,1,1,1,1
educated 1,1,1
artery 1
violates 1
sea 1,1,1,1,1,1,1,1,1,1,1,1,1,1,1,1,1,1,1,1,1,1,1,1,1,1,1,1,1,1,1,1
joined 1,1,1,1,1,1
eyed 1
deposited 1
shunned 1,1,1
lessened 1,1
resumed 1,1
brilliant 1
bid 1,1
sky 1,1,1,1,1,1,1,1,1,1,1,1,1,1
large 1,1,1,1,1,1,1,1
smoothed 1
Germany 1,1,1
abhorrent 1
clapped 1,1
improvements 1,1,1
wheel 1
benignity 1,1
stood 1,1,1,1,1,1,1,1,1,1
plunged 1,1,1
Such 1,1,1,1,1,1,1,1,1,1,1,1,1,1
Listen 1,1
plainly 1,1,1,1
inconstant 1,1
condemned 1,1,1,1,1,1,1,1,1,1,1
idea 1,1,1,1,1,1,1,1,1,1,1,1,1,1,1,1,1,1,1,1,1,1,1,1,1,1,1,1,1,1,1,1,1
stone 1,1
stony 1,1
WORK 1
flat 1
digging 1
cease 1,1,1,1,1,1,1
unutterable 1
Summer 1
clothed 1,1
tax 1,1,1,1,1,1
herself 1,1,1,1,1,1,1,1,1,1,1,1,1,1
laudanum 1
balmy 1
