halo 1
pretend 1,1,1
guards 1
wreck 1,1,1,1,1
sake 1,1,1,1,1,1,1,1
2 1,1,1,1,1
F 1,1,1,1,1,1,1,1,1,1
opposition 1
after 1,1,1,1,1,1,1,1,1,1,1,1,1,1,1,1,1,1,1,1,1,1,1,1,1,1,1,1,1,1,1,1,1,1,1,1,1,1,1,1,1,1,1,1,1,1,1,1,1,1,1,1,1,1,1,1,1,1,1,1,1
d 1
n 1
Again 1,1,1,1
suffered 1,1,1,1,1,1,1,1,1,1,1,1,1,1,1,1,1,1,1,1,1
better 1,1,1,1,1,1,1,1,1,1,1,1,1
conjecture 1,1,1,1
gained 1,1,1,1,1,1,1,1,1,1,1,1,1
flow 1,1,1
reminds 1,1
order 1,1,1,1
coach 1
women 1,1,1,1
have 1,1,1,1,1,1,1,1,1,1,1,1,1,1,1,1,1,1,1,1,1,1,1,1,1,1,1,1,1,1,1,1,1,1,1,1,1,1,1,1,1,1,1,1,1,1,1,1,1,1,1,1,1,1,1,1,1,1,1,1,1,1,1,1,1,1,1,1,1,1,1,1,1,1,1,1,1,1,1,1,1,1,1,1,1,1,1,1,1,1,1,1,1,1,1,1,1,1,1,1,1,1,1,1,1,1,1,1,1,1,1,1,1,1,1,1,1,1,1,1,1,1,1,1,1,1,1,1,1,1,1,1,1,1,1,1,1,1,1,1,1,1,1,1,1,1,1,1,1,1,1,1,1,1,1,1,1,1,1,1,1,1,1,1,1,1,1,1,1,1,1,1,1,1,1,1,1,1,1,1,1,1,1,1,1,1,1,1,1,1,1,1,1,1,1,1,1,1,1,1,1,1,1,1,1,1,1,1,1,1,1,1,1,1,1,1,1,1,1,1,1,1,1,1,1,1,1,1,1,1,1,1,1,1,1,1,1,1,1,1,1,1,1,1,1,1,1,1,1,1,1,1,1,1,1,1,1,1,1,1,1,1,1,1,1,1,1,1,1,1,1,1,1,1,1,1,1,1,1,1,1,1,1,1,1,1,1,1,1,1,1,1,1,1,1,1,1,1,1,1,1,1,1,1,1,1,1,1,1,1,1,1,1,1,1,1,1,1,1,1,1,1,1,1,1,1,1,1,1,1,1,1,1,1,1,1,1,1,1,1,1,1,1,1,1,1,1,1,1,1,1,1,1,1,1,1,1,1,1,1,1,1
picture 1,1,1,1,1,1,1,1,1,1,1
thousand 1,1,1,1,1,1,1,1,1,1,1,1,1,1,1,1,1,1,1,1,1,1,1,1,1,1,1
introducing 1
dreading 1
productions 1,1
incident 1,1,1,1,1
caught 1,1
Beaufort 1,1,1,1,1,1,1
swells 1
clouded 1,1,1,1
Are 1,1,1,1,1,1
offering 1,1
moment 1,1,1,1,1,1,1,1,1,1,1,1,1,1,1,1,1,1,1,1,1,1,1,1,1,1,1,1,1,1,1,1,1,1,1,1,1
desired 1,1,1,1,1,1,1,1,1,1,1,1,1,1,1,1,1,1,1,1,1,1,1,1,1
participate 1,1
replaced 1,1
services 1,1,1
They 1,1,1,1,1,1,1,1,1,1,1,1,1,1,1,1,1,1,1,1,1,1,1,1,1,1,1,1,1,1,1,1,1,1,1,1,1,1,1
lessening 1
jacket 1
pacing 1
Italian 1,1
fallen 1,1,1,1,1,1,1,1,1
short 1,1,1,1,1,1,1,1,1,1,1,1,1,1,1,1,1
obstacles 1
gallery 1
redistribute 1
hanging 1,1,1,1,1,1,1
audibly 1
possession 1,1,1,1,1,1,1,1,1
audible 1,1
guarded 1,1
endowed 1,1,1,1
subscribe 1
Thus 1,1,1,1,1,1,1,1,1,1,1,1,1,1,1,1
dew 1
prejudices 1,1
infidels 1
transparent 1
term 1
returning 1,1,1,1,1,1,1,1,1,1
depravity 1
seasons 1,1,1
learnt 1
grant 1,1,1
yielded 1,1,1
contents 1
status 1,1,1,1
cultivation 1,1,1,1
widest 1,1
concentrated 1
Round 1
Edinburgh 1,1,1,1
avowed 1
observer 1
13 1
overpowered 1
22 1
experiments 1
shamefully 1
inspire 1,1,1,1
abortion 1
bare 1,1,1,1,1,1,1
84116 1
apple 1
themselves 1,1,1,1,1,1,1,1,1,1,1,1
apply 1,1,1,1,1,1,1,1
lost 1,1,1,1,1,1,1,1,1,1,1,1,1,1,1,1,1,1,1,1,1,1,1,1,1,1,1,1,1,1,1,1
dizzy 1,1
FRANKENSTEIN 1,1
secret 1,1,1,1,1,1,1,1,1,1,1,1,1
unfashioned 1
opinion 1,1,1
devotion 1,1,1
stir 1
existence 1,1,1,1,1,1,1,1,1,1,1,1,1,1,1,1,1,1,1,1,1,1,1,1,1,1,1,1,1,1,1
thatch 1
irritability 1
thinner 1
preparing 1,1,1,1
cloudy 1,1
awaiting 1
AK 1
As 1,1,1,1,1,1,1,1,1,1,1,1,1,1,1,1,1,1,1,1,1,1,1,1,1,1,1,1,1,1,1,1,1,1,1,1,1,1,1,1,1,1,1,1,1,1
computers 1,1
agreed 1,1,1,1,1,1
learn 1,1,1,1,1,1,1,1
faint 1,1
often 1,1,1,1,1,1,1,1,1,1,1,1,1,1,1,1,1,1,1,1,1,1,1,1,1,1,1,1,1,1,1,1,1,1,1,1,1,1,1,1,1,1,1,1,1,1,1,1,1,1,1,1
staggered 1
liberally 1
companion 1,1,1,1,1,1,1,1,1,1,1,1,1,1,1,1,1,1,1,1,1,1,1,1,1,1,1,1,1,1
packed 1,1
undertaking 1,1,1,1,1,1,1,1,1,1,1,1,1
deepest 1,1
asked 1,1,1,1,1,1,1,1,1,1,1,1,1,1,1,1
2nd 1
unrelaxed 1
FITNESS 1
metals 1
remembrancers 1
degradation 1,1,1
trial 1,1,1,1,1,1,1,1,1,1
ancestors 1
dreams 1,1,1,1,1,1,1,1,1,1,1,1
harden 1
derange 1
appetite 1,1,1,1
accusation 1
attractions 1
waves 1,1,1,1,1,1,1,1,1,1,1,1,1,1
remain 1,1,1,1,1,1,1,1,1,1,1,1,1,1,1,1,1,1,1,1,1,1
unreservedly 1
bared 1
presently 1,1,1,1,1,1,1,1
arriving 1
incomplete 1,1,1
seeming 1,1
wonders 1,1,1,1,1
solemnity 1,1,1,1
refreshed 1,1,1,1
war 1,1
attentive 1,1
decide 1,1,1,1
rendering 1
Ye 1
youngest 1
receiving 1,1,1,1,1
Friend 1
physician 1,1
peaceably 1
thenceforth 1,1
peaceable 1
pleased 1,1,1,1,1,1,1,1
provoke 1
inner 1
elementary 1
game 1
unbounded 1,1,1
availed 1
matters 1
rends 1
excited 1,1,1,1,1,1,1,1,1,1,1,1
EIN 1
admire 1,1,1,1
foot 1,1,1,1,1
benumbed 1
unfit 1,1
congenial 1
painfully 1
won 1,1,1
depositing 1
rash 1,1
501 1,1
is 1,1,1,1,1,1,1,1,1,1,1,1,1,1,1,1,1,1,1,1,1,1,1,1,1,1,1,1,1,1,1,1,1,1,1,1,1,1,1,1,1,1,1,1,1,1,1,1,1,1,1,1,1,1,1,1,1,1,1,1,1,1,1,1,1,1,1,1,1,1,1,1,1,1,1,1,1,1,1,1,1,1,1,1,1,1,1,1,1,1,1,1,1,1,1,1,1,1,1,1,1,1,1,1,1,1,1,1,1,1,1,1,1,1,1,1,1,1,1,1,1,1,1,1,1,1,1,1,1,1,1,1,1,1,1,1,1,1,1,1,1,1,1,1,1,1,1,1,1,1,1,1,1,1,1,1,1,1,1,1,1,1,1,1,1,1,1,1,1,1,1,1,1,1,1,1,1,1,1,1,1,1,1,1,1,1,1,1,1,1,1,1,1,1,1,1,1,1,1,1,1,1,1,1,1,1,1,1,1,1,1,1,1,1,1,1,1,1,1,1,1,1,1,1,1,1,1,1,1,1,1,1,1,1,1,1,1,1,1,1,1,1,1,1,1,1,1,1,1,1,1,1,1,1,1,1,1,1,1,1,1,1,1,1,1,1,1,1,1,1,1,1,1,1,1,1,1,1,1,1,1,1,1,1,1,1,1,1,1,1,1,1,1,1,1,1,1,1,1,1,1,1,1,1,1,1,1,1,1,1,1,1,1,1,1,1,1,1,1,1,1,1,1,1,1,1,1,1
schemes 1
contrast 1,1,1,1,1
dire 1
sending 1,1
second 1,1,1,1,1,1
me 1,1,1,1,1,1,1,1,1,1,1,1,1,1,1,1,1,1,1,1,1,1,1,1,1,1,1,1,1,1,1,1,1,1,1,1,1,1,1,1,1,1,1,1,1,1,1,1,1,1,1,1,1,1,1,1,1,1,1,1,1,1,1,1,1,1,1,1,1,1,1,1,1,1,1,1,1,1,1,1,1,1,1,1,1,1,1,1,1,1,1,1,1,1,1,1,1,1,1,1,1,1,1,1,1,1,1,1,1,1,1,1,1,1,1,1,1,1,1,1,1,1,1,1,1,1,1,1,1,1,1,1,1,1,1,1,1,1,1,1,1,1,1,1,1,1,1,1,1,1,1,1,1,1,1,1,1,1,1,1,1,1,1,1,1,1,1,1,1,1,1,1,1,1,1,1,1,1,1,1,1,1,1,1,1,1,1,1,1,1,1,1,1,1,1,1,1,1,1,1,1,1,1,1,1,1,1,1,1,1,1,1,1,1,1,1,1,1,1,1,1,1,1,1,1,1,1,1,1,1,1,1,1,1,1,1,1,1,1,1,1,1,1,1,1,1,1,1,1,1,1,1,1,1,1,1,1,1,1,1,1,1,1,1,1,1,1,1,1,1,1,1,1,1,1,1,1,1,1,1,1,1,1,1,1,1,1,1,1,1,1,1,1,1,1,1,1,1,1,1,1,1,1,1,1,1,1,1,1,1,1,1,1,1,1,1,1,1,1,1,1,1,1,1,1,1,1,1,1,1,1,1,1,1,1,1,1,1,1,1,1,1,1,1,1,1,1,1,1,1,1,1,1,1,1,1,1,1,1,1,1,1,1,1,1,1,1,1,1,1,1,1,1,1,1,1,1,1,1,1,1,1,1,1,1,1,1,1,1,1,1,1,1,1,1,1,1,1,1,1,1,1,1,1,1,1,1,1,1,1,1,1,1,1,1,1,1,1,1,1,1,1,1,1,1,1,1,1,1,1,1,1,1,1,1,1,1,1,1,1,1,1,1,1,1,1,1,1,1,1,1,1,1,1,1,1,1,1,1,1,1,1,1,1,1,1,1,1,1,1,1,1,1,1,1,1,1,1,1,1,1,1,1,1,1,1,1,1,1,1,1,1,1,1,1,1,1,1,1,1,1,1,1,1,1,1,1,1,1,1,1,1,1,1,1,1,1,1,1,1,1,1,1,1,1,1,1,1,1,1,1,1,1,1,1,1,1,1,1,1,1,1,1,1,1,1,1,1,1,1,1,1,1,1,1,1,1,1,1,1,1,1,1,1,1,1,1,1,1,1,1,1,1,1,1,1,1,1,1,1,1,1,1,1,1,1,1,1,1,1,1,1,1,1,1,1,1,1,1,1,1,1,1,1,1,1,1,1,1,1,1,1,1,1,1,1,1,1,1,1,1,1,1,1,1,1,1,1,1,1,1,1,1,1,1,1,1,1,1,1,1,1,1,1,1,1,1,1,1,1,1,1,1,1,1,1,1,1,1,1,1,1,1,1,1,1,1,1,1,1,1,1,1,1,1,1,1,1,1,1,1,1,1,1,1,1,1,1,1,1,1,1,1,1,1,1,1,1,1,1,1,1,1,1,1,1,1,1,1,1,1,1,1,1,1,1,1,1,1,1,1,1,1,1,1,1,1,1,1,1,1,1,1,1,1,1,1,1,1,1,1,1,1,1,1,1,1,1,1,1,1,1,1,1,1,1,1,1,1,1,1,1,1,1,1,1,1,1,1,1,1,1,1,1,1,1,1,1,1,1,1,1,1,1,1,1,1,1,1,1,1,1,1,1,1,1,1,1,1,1,1,1,1,1,1,1,1,1,1,1,1,1,1,1,1,1,1,1,1,1,1,1,1,1,1,1,1,1,1,1,1,1,1,1,1,1,1,1,1,1,1,1,1,1,1,1,1,1,1,1,1,1,1,1,1,1,1,1,1,1,1,1,1,1,1,1
turmoil 1
my 1,1,1,1,1,1,1,1,1,1,1,1,1,1,1,1,1,1,1,1,1,1,1,1,1,1,1,1,1,1,1,1,1,1,1,1,1,1,1,1,1,1,1,1,1,1,1,1,1,1,1,1,1,1,1,1,1,1,1,1,1,1,1,1,1,1,1,1,1,1,1,1,1,1,1,1,1,1,1,1,1,1,1,1,1,1,1,1,1,1,1,1,1,1,1,1,1,1,1,1,1,1,1,1,1,1,1,1,1,1,1,1,1,1,1,1,1,1,1,1,1,1,1,1,1,1,1,1,1,1,1,1,1,1,1,1,1,1,1,1,1,1,1,1,1,1,1,1,1,1,1,1,1,1,1,1,1,1,1,1,1,1,1,1,1,1,1,1,1,1,1,1,1,1,1,1,1,1,1,1,1,1,1,1,1,1,1,1,1,1,1,1,1,1,1,1,1,1,1,1,1,1,1,1,1,1,1,1,1,1,1,1,1,1,1,1,1,1,1,1,1,1,1,1,1,1,1,1,1,1,1,1,1,1,1,1,1,1,1,1,1,1,1,1,1,1,1,1,1,1,1,1,1,1,1,1,1,1,1,1,1,1,1,1,1,1,1,1,1,1,1,1,1,1,1,1,1,1,1,1,1,1,1,1,1,1,1,1,1,1,1,1,1,1,1,1,1,1,1,1,1,1,1,1,1,1,1,1,1,1,1,1,1,1,1,1,1,1,1,1,1,1,1,1,1,1,1,1,1,1,1,1,1,1,1,1,1,1,1,1,1,1,1,1,1,1,1,1,1,1,1,1,1,1,1,1,1,1,1,1,1,1,1,1,1,1,1,1,1,1,1,1,1,1,1,1,1,1,1,1,1,1,1,1,1,1,1,1,1,1,1,1,1,1,1,1,1,1,1,1,1,1,1,1,1,1,1,1,1,1,1,1,1,1,1,1,1,1,1,1,1,1,1,1,1,1,1,1,1,1,1,1,1,1,1,1,1,1,1,1,1,1,1,1,1,1,1,1,1,1,1,1,1,1,1,1,1,1,1,1,1,1,1,1,1,1,1,1,1,1,1,1,1,1,1,1,1,1,1,1,1,1,1,1,1,1,1,1,1,1,1,1,1,1,1,1,1,1,1,1,1,1,1,1,1,1,1,1,1,1,1,1,1,1,1,1,1,1,1,1,1,1,1,1,1,1,1,1,1,1,1,1,1,1,1,1,1,1,1,1,1,1,1,1,1,1,1,1,1,1,1,1,1,1,1,1,1,1,1,1,1,1,1,1,1,1,1,1,1,1,1,1,1,1,1,1,1,1,1,1,1,1,1,1,1,1,1,1,1,1,1,1,1,1,1,1,1,1,1,1,1,1,1,1,1,1,1,1,1,1,1,1,1,1,1,1,1,1,1,1,1,1,1,1,1,1,1,1,1,1,1,1,1,1,1,1,1,1,1,1,1,1,1,1,1,1,1,1,1,1,1,1,1,1,1,1,1,1,1,1,1,1,1,1,1,1,1,1,1,1,1,1,1,1,1,1,1,1,1,1,1,1,1,1,1,1,1,1,1,1,1,1,1,1,1,1,1,1,1,1,1,1,1,1,1,1,1,1,1,1,1,1,1,1,1,1,1,1,1,1,1,1,1,1,1,1,1,1,1,1,1,1,1,1,1,1,1,1,1,1,1,1,1,1,1,1,1,1,1,1,1,1,1,1,1,1,1,1,1,1,1,1,1,1,1,1,1,1,1,1,1,1,1,1,1,1,1,1,1,1,1,1,1,1,1,1,1,1,1,1,1,1,1,1,1,1,1,1,1,1,1,1,1,1,1,1,1,1,1,1,1,1,1,1,1,1,1,1,1,1,1,1,1,1,1,1,1,1,1,1,1,1,1,1,1,1,1,1,1,1,1,1,1,1,1,1,1,1,1,1,1,1,1,1,1,1,1,1,1,1,1,1,1,1,1,1,1,1,1,1,1,1,1,1,1,1,1,1,1,1,1,1,1,1,1,1,1,1,1,1,1,1,1,1,1,1,1,1,1,1,1,1,1,1,1,1,1,1,1,1,1,1,1,1,1,1,1,1,1,1,1,1,1,1,1,1,1,1,1,1,1,1,1,1,1,1,1,1,1,1,1,1,1,1,1,1,1,1,1,1,1,1,1,1,1,1,1,1,1,1,1,1,1,1,1,1,1,1,1,1,1,1,1,1,1,1,1,1,1,1,1,1,1,1,1,1,1,1,1,1,1,1,1,1,1,1,1,1,1,1,1,1,1,1,1,1,1,1,1,1,1,1,1,1,1,1,1,1,1,1,1,1,1,1,1,1,1,1,1,1,1,1,1,1,1,1,1,1,1,1,1,1,1,1,1,1,1,1,1,1,1,1,1,1,1,1,1,1,1,1,1,1,1,1,1,1,1,1,1,1,1,1,1,1,1,1,1,1,1,1,1,1,1,1,1,1,1,1,1,1,1,1,1,1,1,1,1,1,1,1,1,1,1,1,1,1,1,1,1,1,1,1,1,1,1,1,1,1,1,1,1,1,1,1,1,1,1,1,1,1,1,1,1,1,1,1,1,1,1,1,1,1,1,1,1,1,1,1,1,1,1,1,1,1,1,1,1,1,1,1,1,1,1,1,1,1,1,1,1,1,1,1,1,1,1,1,1,1,1,1,1,1,1,1,1,1,1,1,1,1,1,1,1,1,1,1,1,1,1,1,1,1,1,1,1,1,1,1,1,1,1,1,1,1,1,1,1,1,1,1,1,1,1,1,1,1,1,1,1,1,1,1,1,1,1,1,1,1,1,1,1,1,1,1,1,1,1,1,1,1,1,1,1,1,1,1,1,1,1,1,1,1,1,1,1,1,1,1,1,1,1,1,1,1,1,1,1,1,1,1,1,1,1,1,1,1,1,1,1,1,1,1,1,1,1,1,1,1,1,1,1,1,1,1,1,1,1,1,1,1,1,1,1,1,1,1,1,1,1,1,1,1,1,1,1,1,1,1,1,1,1,1,1,1,1,1,1,1,1,1,1,1,1,1,1,1,1,1,1,1,1,1,1,1,1,1,1,1,1,1,1,1,1,1,1,1,1,1,1,1,1,1,1,1,1,1,1,1,1,1,1,1,1,1,1,1,1,1,1,1,1,1,1,1,1,1,1,1,1,1,1,1,1,1,1,1,1,1,1,1,1,1,1,1,1,1,1,1,1,1,1,1,1,1,1,1,1,1,1,1,1,1,1,1,1,1,1,1,1,1,1,1,1,1,1,1,1,1,1,1,1,1,1,1,1,1,1,1,1,1,1,1,1,1,1,1,1,1,1,1,1,1,1,1,1,1,1,1,1,1,1,1,1,1,1,1,1,1,1,1,1,1,1,1,1,1,1,1,1,1,1,1,1,1,1,1,1,1,1,1,1,1,1,1,1,1,1,1,1,1,1,1,1,1,1,1,1,1,1,1,1,1,1,1,1,1,1,1,1,1,1,1,1,1,1,1,1,1,1,1,1,1,1,1,1,1,1,1,1,1,1,1,1,1,1,1,1,1,1,1,1,1,1,1,1,1,1,1,1,1,1,1,1,1,1,1,1,1,1,1,1,1,1,1,1,1,1,1,1,1,1,1,1,1,1,1,1,1,1,1,1,1,1,1,1,1,1,1,1,1,1,1,1,1,1,1,1,1,1,1,1,1,1,1
CONTRACT 1
reserve 1
heal 1
embark 1
communicating 1,1
bathed 1
them 1,1,1,1,1,1,1,1,1,1,1,1,1,1,1,1,1,1,1,1,1,1,1,1,1,1,1,1,1,1,1,1,1,1,1,1,1,1,1,1,1,1,1,1,1,1,1,1,1,1,1,1,1,1,1,1,1,1,1,1,1,1,1,1,1,1,1,1,1,1,1,1,1,1,1,1,1,1,1,1,1,1,1,1,1,1,1,1,1,1,1,1,1,1,1,1,1,1,1,1,1,1,1,1,1,1,1,1,1,1,1,1,1,1,1,1,1,1,1,1,1,1,1,1,1,1,1
discovered 1,1,1,1,1,1,1,1,1,1,1,1,1,1,1,1,1,1,1,1,1,1,1,1,1,1,1,1,1,1,1,1,1,1,1
email 1,1
Literary 1,1,1,1,1,1,1,1,1,1,1,1,1
ruled 1,1
reluctant 1
this 1,1,1,1,1,1,1,1,1,1,1,1,1,1,1,1,1,1,1,1,1,1,1,1,1,1,1,1,1,1,1,1,1,1,1,1,1,1,1,1,1,1,1,1,1,1,1,1,1,1,1,1,1,1,1,1,1,1,1,1,1,1,1,1,1,1,1,1,1,1,1,1,1,1,1,1,1,1,1,1,1,1,1,1,1,1,1,1,1,1,1,1,1,1,1,1,1,1,1,1,1,1,1,1,1,1,1,1,1,1,1,1,1,1,1,1,1,1,1,1,1,1,1,1,1,1,1,1,1,1,1,1,1,1,1,1,1,1,1,1,1,1,1,1,1,1,1,1,1,1,1,1,1,1,1,1,1,1,1,1,1,1,1,1,1,1,1,1,1,1,1,1,1,1,1,1,1,1,1,1,1,1,1,1,1,1,1,1,1,1,1,1,1,1,1,1,1,1,1,1,1,1,1,1,1,1,1,1,1,1,1,1,1,1,1,1,1,1,1,1,1,1,1,1,1,1,1,1,1,1,1,1,1,1,1,1,1,1,1,1,1,1,1,1,1,1,1,1,1,1,1,1,1,1,1,1,1,1,1,1,1,1,1,1,1,1,1,1,1,1,1,1,1,1,1,1,1,1,1,1,1,1,1,1,1,1,1,1,1,1,1,1,1,1,1,1,1,1,1,1,1,1,1,1,1,1,1,1,1,1,1,1,1,1,1,1,1,1,1,1,1,1,1,1,1,1,1,1,1,1,1,1,1,1,1,1,1,1,1,1,1,1,1,1,1,1,1,1,1,1,1,1,1,1,1,1,1,1,1,1,1,1,1
divinely 1
we 1,1,1,1,1,1,1,1,1,1,1,1,1,1,1,1,1,1,1,1,1,1,1,1,1,1,1,1,1,1,1,1,1,1,1,1,1,1,1,1,1,1,1,1,1,1,1,1,1,1,1,1,1,1,1,1,1,1,1,1,1,1,1,1,1,1,1,1,1,1,1,1,1,1,1,1,1,1,1,1,1,1,1,1,1,1,1,1,1,1,1,1,1,1,1,1,1,1,1,1,1,1,1,1,1,1,1,1,1,1,1,1,1,1,1,1,1,1,1,1,1,1,1,1,1
summoned 1
type 1,1
proof 1,1,1,1,1
surrounding 1,1
provisions 1,1
get 1,1
resembling 1,1
indiscriminately 1
purposed 1
here 1,1,1,1,1,1,1,1,1,1,1,1,1,1,1,1,1,1,1,1,1,1,1,1,1,1,1,1
snake 1
scale 1
hero 1
security 1
station 1,1
edges 1
firmest 1
Shut 1
Think 1,1
buds 1
reverie 1,1
possess 1,1,1,1,1
strangled 1,1
shocking 1
disconsolate 1,1,1
pocket 1,1,1,1
considered 1,1,1,1,1,1,1,1,1,1,1
delivered 1,1,1,1
flashes 1,1
IMPLIED 1
curling 1,1
gun 1,1
American 1
laid 1
raven 1
raved 1
almost 1,1,1,1,1,1,1,1,1,1,1,1,1,1,1,1,1,1,1,1,1,1,1,1,1,1,1,1,1,1,1,1,1,1,1,1,1,1,1
sustained 1,1,1,1,1
expostulate 1
charity 1,1
However 1,1,1
affected 1,1,1
pursue 1,1,1,1,1,1,1,1,1,1,1,1,1,1,1,1,1
catastrophe 1,1,1
bury 1
mankind 1,1,1,1,1,1,1,1,1,1,1
circle 1,1
reside 1,1
retreated 1,1
found 1,1,1,1,1,1,1,1,1,1,1,1,1,1,1,1,1,1,1,1,1,1,1,1,1,1,1,1,1,1,1,1,1,1,1,1,1,1,1,1,1,1,1,1,1,1,1,1,1,1,1,1,1,1,1,1,1,1,1,1,1,1,1,1,1,1,1,1,1,1,1,1,1,1,1,1,1,1,1,1,1,1,1,1,1,1,1,1,1,1
cruelty 1
entirely 1,1,1,1,1,1,1,1,1,1,1,1,1,1,1,1,1,1,1,1
baths 1
contrived 1,1,1
guided 1,1,1,1
differing 1
reposed 1,1
cheerful 1,1,1,1,1,1,1,1,1,1,1,1
Vaud 1
forsakes 1
Enter 1,1
effort 1,1,1,1,1,1
dried 1,1,1
inasmuch 1
worship 1
reverse 1,1
swore 1
gloried 1
bear 1,1,1,1,1,1
resist 1
careless 1
twice 1
fibre 1
knightly 1
debts 1
13th 1
been 1,1,1,1,1,1,1,1,1,1,1,1,1,1,1,1,1,1,1,1,1,1,1,1,1,1,1,1,1,1,1,1,1,1,1,1,1,1,1,1,1,1,1,1,1,1,1,1,1,1,1,1,1,1,1,1,1,1,1,1,1,1,1,1,1,1,1,1,1,1,1,1,1,1,1,1,1,1,1,1,1,1,1,1,1,1,1,1,1,1,1,1,1,1,1,1,1,1,1,1,1,1,1,1,1,1,1,1,1,1,1,1,1,1,1,1,1,1,1,1,1,1,1,1,1,1,1,1,1,1,1,1,1,1,1,1,1,1,1,1,1,1,1,1,1,1,1,1,1,1,1,1,1,1,1,1,1,1,1,1,1,1,1,1,1,1,1,1,1,1,1,1,1,1,1,1,1,1,1,1,1,1,1,1,1,1,1,1,1,1
delighted 1,1,1,1,1,1,1
active 1,1,1,1,1
despairing 1,1,1
answer 1,1,1,1,1,1,1,1,1,1,1,1,1,1,1,1,1,1,1,1
seashore 1
restored 1,1,1,1,1,1,1,1,1,1,1,1,1,1,1,1
Monday 1
trickle 1
outward 1,1,1
envy 1,1
MERCHANTIBILITY 1
afford 1,1,1,1,1,1,1,1,1,1
Right 1
recapitulation 1
illness 1,1,1,1,1,1,1,1,1
playfully 1,1
charities 1
emblem 1
Between 1
best 1,1,1,1,1,1,1,1,1,1,1,1
assuredly 1,1,1,1
advise 1
remnants 1
REMEDIES 1
convulsive 1
adventurer 1
beholding 1,1,1
debar 1
fade 1
Under 1
particulars 1,1,1
instinct 1
melancholy 1,1,1,1,1,1,1,1,1,1,1,1,1,1,1,1,1,1
falsely 1
rule 1,1,1
poet 1
decreed 1
venerable 1,1,1,1
ecstatic 1
besieged 1
dressed 1,1,1,1,1
inmost 1
subsisted 1,1
unbending 1
according 1,1,1
rush 1,1
enduring 1
oblige 1
fast 1,1,1,1
remedy 1
wrapping 1
previously 1,1,1
lukewarm 1
confident 1
exclusion 1
torments 1,1,1
blamable 1
satisfaction 1
removed 1,1,1,1,1,1
shed 1,1,1,1,1,1,1,1
real 1,1,1,1,1,1,1
unperceived 1,1
shattered 1,1,1,1,1
identification 1
using 1,1,1,1,1
reconciled 1
containing 1,1
fugitives 1
letter 1,1,1,1,1,1,1,1,1,1,1,1,1,1,1,1,1,1,1,1,1,1,1,1,1
acquire 1,1
castle 1,1
repeated 1,1,1
machinations 1,1,1
worse 1,1,1,1
unlawful 1
augmented 1,1,1,1
feverish 1,1,1,1,1
suddenly 1,1,1,1,1,1,1,1,1,1,1,1,1,1,1,1,1,1,1,1,1,1,1
futurity 1
ruffled 1
awakened 1,1,1
chained 1,1,1
devoured 1
outstript 1
solicitation 1
captain 1,1,1,1
Shall 1,1,1,1,1,1
offer 1,1,1,1
disclaim 1
Atlantic 1
sixth 1
medicine 1
rooms 1
party 1,1,1,1
aunt 1,1,1,1,1,1,1,1,1
INDIRECT 1
vain 1,1,1,1,1,1,1,1,1,1,1,1,1
narrower 1
thinking 1,1
composed 1,1,1,1,1
Wretched 1
bread 1,1,1,1
hide 1,1,1,1,1,1,1
sailed 1,1,1,1
belongs 1
preservation 1,1
supposing 1,1
insolent 1
access 1,1,1,1,1,1,1,1,1,1,1,1
unacquainted 1,1,1,1
conjured 1,1
extreme 1,1,1,1,1,1,1,1,1,1,1,1,1,1,1,1
implements 1
transmit 1
between 1,1,1,1,1,1,1,1,1,1,1,1,1,1,1,1,1,1,1
dusky 1
regular 1
dispute 1
kindling 1
only 1,1,1,1,1,1,1,1,1,1,1,1,1,1,1,1,1,1,1,1,1,1,1,1,1,1,1,1,1,1,1,1,1,1,1,1,1,1,1,1,1,1,1,1,1,1,1,1,1,1,1,1,1,1,1,1,1,1,1,1,1,1,1,1,1,1,1,1,1,1,1,1,1,1,1,1,1,1,1,1,1,1,1,1,1,1,1,1,1,1,1,1,1,1,1,1,1,1,1,1,1,1,1,1,1,1,1,1,1,1,1,1,1,1,1,1,1,1,1,1,1,1,1,1
regards 1
electronically 1,1
reproach 1,1
accessible 1
bowing 1
torturing 1
provocation 1
check 1,1,1
mines 1
coarsest 1
bursting 1
arranged 1,1,1,1
Young 1
magnet 1
Shutting 1
pioneer 1
fearing 1,1,1
scion 1
averse 1,1
contented 1,1,1,1,1
produce 1,1,1,1,1,1
confided 1
expeditions 1
upon 1,1,1,1,1,1,1,1,1,1,1,1,1,1,1,1,1,1,1,1,1,1,1,1,1,1,1,1,1,1,1,1,1,1,1,1,1,1,1,1,1,1,1,1,1,1,1,1,1,1,1,1,1,1,1,1,1,1,1,1,1,1,1,1,1,1,1,1,1,1,1,1,1,1,1,1,1,1,1,1,1,1,1,1,1,1,1,1,1,1,1,1,1,1,1,1,1,1,1,1,1,1,1,1,1,1,1,1,1,1,1,1,1,1,1,1,1,1,1,1,1,1,1,1,1,1
arrowy 1
wert 1,1
lest 1,1,1,1,1,1
gratification 1,1,1
ceremony 1,1,1
rougher 1
anatomize 1
distinguished 1,1,1,1,1,1,1,1,1
spoken 1,1,1
untamed 1
thirty 1
ungazed 1
haughty 1
surely 1,1,1,1,1,1,1,1,1,1
traversed 1,1,1,1,1,1
pathless 1
Partly 1
moderation 1,1
Blanc 1,1,1,1,1,1,1,1
entreated 1,1,1,1,1,1
Taking 1
saluted 1,1
None 1,1
silken 1
execration 1
thither 1
persuades 1
compassion 1,1,1,1,1,1,1,1,1,1,1
past 1,1,1,1,1,1,1,1,1,1,1,1,1,1
whose 1,1,1,1,1,1,1,1,1,1,1,1,1,1,1,1,1,1,1,1,1,1,1,1,1,1,1,1,1,1,1,1,1,1,1,1,1,1,1,1,1,1,1,1,1,1,1,1,1,1
assigned 1
down 1,1,1,1,1,1,1,1,1,1,1,1,1,1,1,1,1,1,1,1,1,1,1,1,1,1,1,1,1,1,1,1,1,1
habit 1,1
interfered 1
month 1,1,1,1,1,1,1,1,1
rather 1,1,1,1,1,1,1,1,1,1,1,1,1,1,1,1,1,1,1,1,1,1,1,1,1,1,1
delights 1,1,1,1
rudder 1,1
hemisphere 1
triumphed 1,1
Director 1
Live 1
contemplated 1,1,1,1,1,1,1,1,1
feet 1,1,1,1,1,1,1,1,1,1,1,1,1
Evil 1
busied 1,1,1
Behold 1
men 1,1,1,1,1,1,1,1,1,1,1,1,1,1,1,1,1,1,1,1,1,1,1,1,1,1,1,1,1,1,1,1,1,1,1,1,1,1,1,1,1,1,1
exactly 1,1,1
disquisitions 1
protectress 1
myself 1,1,1,1,1,1,1,1,1,1,1,1,1,1,1,1,1,1,1,1,1,1,1,1,1,1,1,1,1,1,1,1,1,1,1,1,1,1,1,1,1,1,1,1,1,1,1,1,1,1,1,1,1,1,1,1,1,1,1,1,1,1,1,1,1,1,1,1,1,1,1,1,1,1,1,1,1,1,1,1,1,1,1,1,1,1,1,1,1,1,1,1,1,1,1,1,1,1,1,1,1,1,1,1,1,1,1,1,1,1,1,1,1,1,1,1,1,1,1,1,1,1,1,1,1,1,1,1,1,1,1,1,1,1,1,1
animal 1,1,1,1,1,1,1,1,1
destruction 1,1,1,1,1,1,1,1,1,1,1,1,1,1,1,1,1,1,1,1,1
stiff 1
locks 1
peculiarly 1,1,1,1,1
relation 1,1,1,1,1
among 1,1,1,1,1,1,1,1,1,1,1,1,1,1,1,1,1,1,1,1,1,1,1,1,1,1,1,1,1,1,1,1,1,1,1,1,1,1,1,1,1,1,1,1,1,1,1,1,1
revisit 1,1
Oxford 1,1,1,1,1
summers 1
July 1,1,1
moving 1,1,1
merchant 1,1,1,1,1,1,1
descend 1,1,1,1,1
boyhood 1,1
energies 1
respecting 1
toil 1,1,1,1,1,1,1
visited 1,1,1,1,1,1,1,1,1,1,1,1,1,1,1,1,1
atmosphere 1,1,1
career 1,1,1
cottages 1,1,1,1,1
Montanvert 1,1
intersected 1
new 1,1,1,1,1,1,1,1,1,1,1,1,1,1,1,1,1,1,1,1,1,1,1,1,1,1,1,1,1,1,1,1,1,1,1,1,1,1,1,1,1,1
dispelled 1
freezing 1
whisper 1,1
decided 1,1,1,1
patches 1
liberated 1
undulations 1
girl 1,1,1,1,1,1,1,1,1,1,1,1,1,1,1,1,1,1,1,1,1,1,1,1,1,1,1,1
Destruction 1
now 1,1,1,1,1,1,1,1,1,1,1,1,1,1,1,1,1,1,1,1,1,1,1,1,1,1,1,1,1,1,1,1,1,1,1,1,1,1,1,1,1,1,1,1,1,1,1,1,1,1,1,1,1,1,1,1,1,1,1,1,1,1,1,1,1,1,1,1,1,1,1,1,1,1,1,1,1,1,1,1,1,1,1,1,1,1,1,1,1,1,1,1,1,1,1,1,1,1,1,1,1,1,1,1,1,1,1,1,1,1,1,1,1,1,1,1,1,1,1,1,1,1,1,1,1,1,1,1,1,1,1,1,1,1,1,1,1,1,1,1,1,1,1,1,1,1,1
citadel 1
ladies 1
board 1,1,1,1,1,1
respite 1,1,1,1
visible 1,1,1,1,1,1
eagle 1,1
necessarily 1,1
experimentalist 1
bring 1,1,1
neglect 1,1
impenetrable 1,1,1
Devil 1,1
peace 1,1,1,1,1,1,1,1,1,1,1,1,1,1,1,1,1,1,1,1,1,1,1,1,1,1,1,1,1,1
frank 1
consequently 1,1
paradisiacal 1
recourse 1
fourteen 1
burst 1,1,1,1,1,1,1,1
Plain 1,1
vintage 1,1
continuing 1
brooding 1
Judith 1,1
mangled 1
peril 1,1,1
draw 1,1,1,1,1,1,1
torches 1
intonations 1
fight 1
lands 1
evidently 1,1,1
promises 1,1
starting 1
materially 1
oaks 1
demons 1
praised 1
learning 1,1,1
eccentricities 1
variegated 1
voluntary 1,1
conjectured 1,1,1,1,1,1,1
come 1,1,1,1,1,1,1,1,1,1,1,1,1,1,1,1,1,1,1,1,1,1,1,1,1,1,1,1,1,1,1,1,1
coveted 1
conceived 1,1,1,1,1,1,1,1,1,1,1,1
distribution 1,1,1,1,1,1
mentioning 1,1
amazed 1
data 1
own 1,1,1,1,1,1,1,1,1,1,1,1,1,1,1,1,1,1,1,1,1,1,1,1,1,1,1,1,1,1,1,1,1,1,1,1,1,1,1,1,1,1,1,1,1,1,1,1,1,1,1,1,1,1,1,1,1,1,1,1,1,1,1,1,1,1,1,1,1,1,1,1,1,1,1,1,1,1,1,1,1,1,1,1,1,1,1,1,1,1,1,1,1,1,1,1,1,1,1,1,1,1,1,1,1,1,1
Alps 1,1,1,1,1
Excellent 1,1
consequences 1,1,1,1
resource 1,1,1,1
prolonged 1,1
fraud 1
hills 1,1,1,1,1,1,1,1,1,1,1
link 1,1
tempest 1,1,1,1
limb 1,1,1
will 1,1,1,1,1,1,1,1,1,1,1,1,1,1,1,1,1,1,1,1,1,1,1,1,1,1,1,1,1,1,1,1,1,1,1,1,1,1,1,1,1,1,1,1,1,1,1,1,1,1,1,1,1,1,1,1,1,1,1,1,1,1,1,1,1,1,1,1,1,1,1,1,1,1,1,1,1,1,1,1,1,1,1,1,1,1,1,1,1,1,1,1,1,1,1,1,1,1,1,1,1,1,1,1,1,1,1,1,1,1,1,1,1,1,1,1,1,1,1,1,1,1,1,1,1,1,1,1,1,1,1,1,1,1,1,1,1,1,1,1,1,1,1,1,1,1,1,1,1,1,1,1,1,1,1,1,1,1,1,1,1,1,1,1,1,1,1,1,1,1,1,1,1,1,1,1,1,1,1,1,1,1,1,1,1,1,1,1,1,1,1,1,1,1,1,1
confidence 1,1,1,1
narration 1,1,1,1,1
roasted 1
sorrowing 1
sister 1,1,1,1,1,1,1,1,1,1,1,1,1,1,1,1,1,1,1,1,1,1,1,1,1,1
folly 1,1
carriage 1,1,1
obedient 1
fervent 1,1
lips 1,1,1,1,1,1,1,1,1,1,1,1,1,1,1,1,1,1
echoed 1,1
wise 1
vicious 1,1,1
pay 1,1,1,1
Dear 1,1,1,1,1,1
fatal 1,1,1,1,1,1,1,1
confinement 1
heroes 1,1,1,1
fruitlessly 1
acorns 1,1
even 1,1,1,1,1,1,1,1,1,1,1,1,1,1,1,1,1,1,1,1,1,1,1,1,1,1,1,1,1,1,1,1,1,1,1,1,1,1,1,1,1,1,1,1,1,1,1,1,1,1,1,1,1,1,1,1,1,1,1,1,1,1,1,1,1,1,1,1,1,1,1,1,1,1,1,1,1,1,1,1,1,1
attributed 1,1,1,1
ineffectual 1,1,1,1
pig 1
kings 1
prisoner 1
saddest 1
redeem 1,1
landed 1,1,1,1,1,1
confidential 1
thickly 1
recognize 1
routine 1,1
dispositions 1,1,1,1,1,1,1
standing 1,1,1
Arthur 1,1
placing 1,1
alighted 1,1
rustic 1,1,1,1
Reuss 1
scents 1,1
shadow 1,1,1,1,1,1,1,1
striving 1
seafaring 1
caves 1,1,1,1,1
henceforth 1
desire 1,1,1,1,1,1,1,1,1,1,1,1,1,1,1,1,1,1,1,1,1,1,1,1,1,1,1,1
distrust 1
their 1,1,1,1,1,1,1,1,1,1,1,1,1,1,1,1,1,1,1,1,1,1,1,1,1,1,1,1,1,1,1,1,1,1,1,1,1,1,1,1,1,1,1,1,1,1,1,1,1,1,1,1,1,1,1,1,1,1,1,1,1,1,1,1,1,1,1,1,1,1,1,1,1,1,1,1,1,1,1,1,1,1,1,1,1,1,1,1,1,1,1,1,1,1,1,1,1,1,1,1,1,1,1,1,1,1,1,1,1,1,1,1,1,1,1,1,1,1,1,1,1,1,1,1,1,1,1,1,1,1,1,1,1,1,1,1,1,1,1,1,1,1,1,1,1,1,1,1,1,1,1,1,1,1,1,1,1,1,1,1,1,1,1,1,1,1,1,1,1,1,1,1,1,1,1,1
grieved 1,1
inroads 1
induced 1,1,1,1,1,1
meandering 1
hurry 1,1
executing 1
happen 1,1
chivalry 1,1
beneficial 1,1
eternally 1
iron 1
anticipated 1
Westmorland 1,1
Persian 1,1
Still 1,1,1,1
Albertus 1,1,1
gathered 1,1,1,1,1
frementi 1
ungratitude 1
occur 1,1,1,1,1
since 1,1,1,1,1,1,1,1,1,1,1,1,1,1,1,1,1,1,1,1,1,1,1,1,1
dangerous 1,1,1,1,1
quivering 1
experienced 1,1,1,1,1,1,1,1,1,1,1
sought 1,1,1,1,1,1,1,1,1,1,1,1,1,1,1,1,1,1
firm 1,1,1,1,1,1,1
Amidst 1
One 1,1,1,1,1,1,1,1,1,1,1,1,1,1,1,1,1,1,1,1
unless 1,1,1,1,1,1,1
inside 1
restrain 1,1
carpeted 1
profundity 1
sufferings 1,1,1,1,1,1,1,1,1,1,1,1,1,1
mountainous 1
guessed 1,1
towers 1
reasoning 1,1,1,1
Our 1,1,1,1,1,1,1,1
inhuman 1
irksome 1,1,1,1,1,1
established 1
arrange 1,1
enticed 1
statements 1
network 1
Holland 1
precipice 1,1
sails 1,1
withered 1
indulgence 1,1,1
pulled 1
Creator 1,1
helped 1
begged 1
agonizing 1,1
unwearied 1
northeast 1,1
sacred 1
craving 1
reigned 1
tolerable 1
body 1,1,1,1,1,1,1,1,1,1,1,1,1,1,1,1,1,1,1,1,1,1,1
insect 1,1
commences 1
prayers 1
tolerably 1
retrod 1
simpler 1,1
snows 1,1,1
hapless 1,1
Sweet 1
increased 1,1,1,1,1,1,1,1,1,1,1,1
arm 1,1,1,1,1,1
officer 1
extinguish 1,1,1,1,1,1,1
travelling 1
Domain 1
mercenary 1
reflections 1,1,1,1,1,1,1,1,1,1,1,1,1,1,1,1
resting 1,1
bone 1
WARRANTIES 1,1
Savoy 1
broad 1,1
elevate 1
admired 1,1,1
affections 1,1,1,1,1,1,1,1
flesh 1,1,1,1
card 1
tolerated 1
cooking 1
ices 1,1
Produced 1,1
meanly 1
causing 1
enough 1,1,1,1,1,1,1,1,1,1,1,1
treating 1
reflected 1,1,1,1,1,1,1,1,1,1,1,1,1,1,1
portend 1
proved 1,1,1,1,1,1
peeping 1
Near 1
faded 1
she 1,1,1,1,1,1,1,1,1,1,1,1,1,1,1,1,1,1,1,1,1,1,1,1,1,1,1,1,1,1,1,1,1,1,1,1,1,1,1,1,1,1,1,1,1,1,1,1,1,1,1,1,1,1,1,1,1,1,1,1,1,1,1,1,1,1,1,1,1,1,1,1,1,1,1,1,1,1,1,1,1,1,1,1,1,1,1,1,1,1,1,1,1,1,1,1,1,1,1,1,1,1,1,1,1,1,1,1,1,1,1,1,1,1,1,1,1,1,1,1,1,1,1,1,1,1,1,1,1,1,1,1,1,1,1,1,1,1,1,1,1,1,1,1,1,1,1,1,1,1,1,1,1,1,1,1,1,1,1,1,1,1,1,1,1,1,1,1,1,1,1,1,1,1,1,1,1,1,1,1,1,1,1
perpendicular 1,1
confined 1,1,1,1,1,1,1
explained 1,1,1,1,1
six 1
grasped 1,1,1,1
mists 1,1,1
conversing 1,1
table 1
suspicions 1
cursed 1,1,1,1,1,1
several 1,1,1,1,1,1,1,1,1,1,1,1,1,1,1,1,1,1,1,1,1,1,1,1,1,1,1,1,1,1,1,1,1,1,1,1,1,1,1,1,1,1,1,1
instructing 1
boy 1,1,1,1,1,1
drawn 1,1,1,1
invoked 1
autumn 1,1,1,1
threatened 1,1,1,1,1
enemies 1,1,1,1,1,1,1
missile 1
shortened 1
naval 1
mutability 1
potent 1
interspersed 1,1
beggar 1,1
scared 1,1
submission 1
tremendous 1,1,1,1,1,1,1
confessed 1,1,1,1,1,1
alarmed 1,1,1,1,1,1
flung 1,1
hair 1,1,1,1,1,1,1,1
filthy 1,1,1,1,1
flew 1
village 1,1,1,1,1,1,1,1,1,1,1,1
smooth 1
