_this_ 1,1,1,1,1,1,1,1,1
willow 1,1,1,1,1,1
8 1,1,1,1
B 1,1,1,1
V 1,1
salt 1,1
t 1,1,1,1,1,1,1,1,1,1,1,1,1,1,1,1,1,1,1,1,1,1,1,1,1,1,1,1,1,1,1,1,1,1,1,1,1,1,1,1,1,1,1,1,1,1,1,1,1,1,1,1,1,1,1,1,1,1,1,1,1,1,1,1,1,1,1,1,1,1,1,1,1,1,1,1,1,1,1,1,1,1,1,1,1,1,1,1,1,1,1,1,1,1,1,1,1,1,1,1,1,1,1,1,1,1,1,1,1,1,1,1,1,1,1,1,1,1,1,1,1,1,1,1,1,1,1,1,1,1,1,1,1,1,1,1,1,1,1,1,1,1,1,1,1,1,1,1,1,1,1,1,1,1,1,1,1,1,1,1,1,1,1,1,1,1,1,1,1,1,1,1,1,1,1,1,1,1,1,1,1,1,1,1,1,1,1,1,1,1,1,1,1,1,1,1,1,1,1,1,1,1,1,1,1,1,1,1,1,1,1,1,1,1,1,1,1,1,1,1,1,1,1,1,1,1,1,1,1,1,1,1,1,1,1,1,1,1,1,1,1,1,1,1,1,1,1,1,1,1,1,1,1,1,1,1,1,1,1,1,1,1,1,1,1,1,1,1,1,1,1,1,1,1,1,1,1,1,1,1,1,1,1,1,1,1,1,1,1,1,1,1,1,1,1,1,1,1,1,1,1,1,1,1,1,1,1,1,1,1,1,1,1,1,1,1,1,1,1,1,1,1,1,1,1,1,1,1,1,1,1,1,1,1,1,1,1,1,1,1,1,1,1,1,1,1,1,1,1,1,1,1,1,1,1,1,1,1,1,1,1,1,1,1,1,1,1,1,1,1,1,1,1,1,1,1,1,1,1,1,1,1,1,1,1,1,1,1,1,1,1,1,1,1,1,1,1,1,1,1,1,1,1,1,1,1,1,1,1,1,1,1,1,1,1,1,1,1,1,1,1,1,1,1,1,1,1,1,1,1,1,1,1,1,1,1,1,1,1,1,1,1,1,1,1,1,1,1,1,1,1,1,1,1,1,1,1,1,1,1,1,1,1,1,1,1,1,1,1,1,1,1,1,1,1,1,1,1,1,1,1,1,1,1,1,1,1,1,1,1,1,1,1,1,1,1,1,1,1,1,1,1,1,1,1,1,1,1,1,1,1,1,1,1,1,1,1,1,1,1,1,1,1,1,1,1,1,1,1,1,1,1,1,1,1,1,1,1,1,1,1,1,1,1,1,1,1,1,1,1,1,1,1,1,1,1,1,1,1,1,1,1,1,1,1,1,1,1,1,1,1,1,1,1,1,1,1,1,1,1,1,1,1,1,1,1,1,1,1,1,1,1,1,1,1,1,1,1,1,1,1,1,1,1,1,1,1,1,1,1,1,1,1,1,1,1,1,1,1,1,1,1,1,1,1,1,1,1,1,1,1,1,1,1,1,1,1,1,1,1,1,1,1,1,1,1,1,1,1,1,1,1,1,1,1,1,1,1,1,1,1,1,1,1,1,1,1,1,1,1,1,1,1,1,1,1,1,1,1,1,1,1,1,1,1,1,1,1,1,1,1,1,1,1,1,1,1,1,1,1,1,1,1,1,1,1,1,1,1,1,1,1,1,1,1,1,1,1,1,1,1,1,1,1,1,1,1,1,1,1,1,1,1,1,1,1,1,1,1,1,1,1,1,1,1,1,1,1,1,1,1,1,1,1,1,1,1,1,1,1,1,1,1,1,1,1,1,1,1,1,1,1,1,1,1,1,1,1,1,1,1,1,1,1,1,1,1,1,1,1,1,1,1,1,1,1,1,1,1,1,1,1,1,1,1,1,1,1,1,1,1,1,1,1,1,1,1,1,1,1,1,1,1,1,1,1,1,1,1,1,1,1,1,1,1,1,1,1,1,1,1,1,1,1,1,1,1,1,1,1,1,1,1,1,1,1,1,1,1,1,1,1,1,1,1,1,1,1,1,1,1,1,1,1,1,1,1,1,1,1,1,1,1,1,1,1,1,1,1,1,1,1,1,1,1,1,1,1,1,1,1,1,1,1,1,1,1,1,1,1,1,1,1,1,1,1,1,1,1,1,1,1,1,1,1,1,1,1,1,1,1,1,1,1,1,1,1,1,1,1,1,1,1,1,1,1,1,1,1,1,1,1,1,1,1,1,1,1,1,1,1,1,1,1,1,1,1,1,1,1,1,1,1,1,1,1,1,1,1,1,1,1,1,1,1,1,1,1,1,1,1,1,1,1,1,1,1,1,1,1,1,1,1,1,1,1,1,1,1,1,1,1,1,1,1,1,1,1,1,1,1,1,1,1,1,1,1,1,1,1,1,1,1,1,1,1,1,1,1,1,1,1,1,1,1,1,1,1,1,1,1,1,1,1,1,1,1,1,1,1,1,1,1,1,1,1,1,1,1,1,1,1,1,1,1,1,1,1,1,1,1,1,1,1,1,1,1,1,1,1,1,1,1,1,1,1,1,1,1,1,1,1,1,1,1,1,1,1,1,1,1,1,1,1,1,1,1,1,1,1,1,1,1,1,1,1,1,1,1,1,1,1,1,1,1,1,1,1,1,1,1,1,1,1,1,1,1,1,1,1,1,1,1,1,1,1,1,1,1,1,1,1,1,1,1,1,1,1,1,1,1,1,1,1,1,1,1,1,1,1,1,1,1,1,1,1,1,1,1,1,1,1,1,1,1,1,1,1,1,1,1,1,1,1,1,1,1,1,1,1,1,1,1,1,1,1,1,1,1,1,1,1,1,1,1,1,1,1,1,1,1,1,1,1,1,1,1,1,1,1,1,1,1,1,1,1,1,1,1,1,1,1,1,1,1,1,1,1,1,1,1,1,1,1,1,1,1,1,1,1,1,1,1,1,1,1,1,1,1,1,1,1,1,1,1,1,1,1,1,1,1,1,1,1,1,1,1,1,1,1,1,1,1,1,1,1,1,1,1,1,1,1,1,1,1,1,1,1,1,1,1,1,1,1,1,1,1,1,1,1,1,1,1,1,1,1,1,1,1,1,1,1,1,1,1,1,1,1,1,1,1,1,1,1,1,1,1,1,1,1,1,1,1,1,1,1,1,1,1,1,1,1,1,1,1,1,1,1,1,1,1,1,1,1,1,1,1,1,1,1,1,1,1,1,1,1,1,1,1,1,1,1,1,1,1,1,1,1,1,1,1,1,1,1,1,1,1,1,1,1,1,1,1,1,1,1,1,1,1,1,1,1,1,1,1,1,1,1,1,1,1,1,1,1,1,1,1,1,1,1,1,1,1,1,1,1,1,1,1,1,1,1,1,1,1,1,1,1,1,1,1,1,1,1,1,1,1,1,1,1,1,1,1,1,1,1,1,1,1,1,1,1,1,1,1,1,1,1,1,1,1,1,1,1,1,1,1,1,1,1,1,1,1,1,1,1,1,1,1,1,1,1,1,1,1,1,1,1,1,1,1,1,1,1,1,1,1,1,1,1,1,1,1,1,1,1,1,1,1,1,1,1,1,1,1,1,1,1,1,1,1,1,1,1,1,1,1,1,1,1,1,1,1,1,1,1,1,1,1,1,1,1,1,1,1,1,1,1,1,1,1,1,1,1,1,1,1,1,1,1,1,1,1,1,1,1,1,1,1,1,1,1,1,1,1,1,1,1,1,1,1,1,1,1,1,1,1,1,1,1,1,1,1,1,1,1,1,1,1,1,1,1,1,1,1,1,1,1,1,1,1,1,1,1,1,1,1,1,1,1,1,1,1,1,1,1,1,1,1,1,1,1,1,1,1,1,1,1,1,1,1,1,1,1,1,1,1,1,1,1,1,1,1,1,1,1,1,1,1,1,1,1,1,1,1,1,1,1,1,1,1,1,1,1,1,1,1,1,1,1,1,1,1,1,1,1,1,1,1,1,1,1,1,1,1,1,1,1,1,1,1,1,1,1,1,1,1,1,1,1,1,1,1,1,1,1,1,1,1,1,1,1,1,1,1,1,1,1,1,1,1,1,1,1,1,1,1,1,1,1,1,1,1,1,1,1,1,1,1,1,1,1,1,1,1,1,1,1,1,1,1,1,1,1,1,1,1,1,1,1,1,1,1,1,1,1,1,1,1,1,1,1,1,1,1,1,1,1,1,1,1,1,1,1,1,1,1,1,1,1,1,1,1,1,1,1,1,1,1,1,1,1,1,1,1,1,1,1,1,1,1,1,1,1,1,1,1,1,1,1,1,1,1,1,1,1,1,1,1,1,1,1,1,1,1,1,1,1,1,1,1,1,1,1,1,1,1,1,1,1,1,1,1,1,1,1,1,1,1,1,1,1,1,1,1,1,1,1,1,1,1,1,1,1,1,1,1,1,1,1,1,1,1,1,1,1,1,1,1,1,1,1,1,1,1,1,1,1,1,1,1,1,1,1,1,1,1,1,1,1,1,1,1,1,1,1,1,1,1,1,1,1,1,1,1,1,1,1,1,1,1,1,1,1,1,1,1,1,1,1,1,1,1,1,1,1,1,1,1,1,1,1,1,1,1,1,1,1,1,1,1,1,1,1,1,1,1,1,1,1,1,1,1,1,1,1,1,1,1,1,1,1,1,1,1,1,1,1,1,1,1,1,1,1,1,1,1,1,1,1,1,1,1,1,1,1,1,1,1,1,1,1,1,1,1,1,1,1,1,1,1,1,1,1,1,1,1,1,1,1,1,1,1,1,1
tis 1,1,1,1,1
blotted 1
disturbed 1,1
hare 1,1,1,1,1,1,1,1
umbrella 1
cancer 1
pile 1,1,1,1,1,1,1,1,1,1,1,1
dummy 1
hasn 1,1,1,1,1
pressed 1
woman 1,1,1,1,1,1,1,1,1,1,1,1,1,1,1,1,1,1,1,1,1,1,1,1,1,1,1,1,1,1,1,1
bothering 1,1,1
Haymarket 1
tow 1,1,1,1,1,1,1,1,1
haul 1,1,1,1,1
question 1,1,1,1,1,1
warmed 1,1,1
cot 1
saws 1,1
TRULY 1
circumstances 1
AGREEMENT 1
Any 1,1,1,1
renowned 1,1
times 1,1,1,1,1,1,1,1,1,1,1,1,1,1,1,1,1,1,1,1,1,1,1,1,1,1,1,1,1,1,1,1,1,1,1,1,1,1,1,1,1,1,1,1,1,1,1,1,1
tug 1
powerfullest 1
Schemes 1
two 1,1,1,1,1,1,1,1,1,1,1,1,1,1,1,1,1,1,1,1,1,1,1,1,1,1,1,1,1,1,1,1,1,1,1,1,1,1,1,1,1,1,1,1,1,1,1,1,1,1,1,1,1,1,1,1,1,1,1,1,1,1,1,1,1,1,1,1,1,1,1,1,1,1,1,1,1,1,1,1,1,1,1,1,1,1,1,1,1,1,1,1,1,1,1,1,1,1,1,1,1,1,1,1,1,1,1,1,1,1,1,1,1,1,1,1,1,1,1,1,1,1,1,1,1,1,1,1,1,1,1,1,1,1,1,1,1,1,1,1,1,1,1,1,1,1,1,1,1,1,1,1,1,1,1,1,1,1,1,1,1,1,1,1,1,1,1,1,1,1,1,1,1,1,1,1,1,1,1,1,1,1,1,1,1,1,1,1
kitchen 1,1,1,1,1,1,1,1,1,1,1
OTHER 1
huffy 1,1,1
donation 1
pumping 1
terpret 1
NOTICE 1
bright 1,1,1,1,1,1,1,1
planned 1,1,1
Thou 1,1
cluttered 1
shores 1
pointing 1,1
keeps 1,1,1
ambush 1
drinking 1,1
scattering 1,1
heaving 1,1
Bag 1
bodies 1
shoes 1,1,1
die 1,1,1,1,1,1,1,1,1,1,1,1,1,1,1,1,1
impudent 1,1,1
Johnny 1
business@pglaf 1
sermon 1,1,1
loan 1
states 1,1,1,1
load 1,1,1,1
cantelopes 1
overboard 1,1,1,1,1,1,1,1,1,1
_other_ 1
_two_ 1
orter 1
_will_ 1,1,1,1
pitch 1
Lafe 1
curse 1
nobility 1
sewed 1,1
blithesome 1
brim 1
Phelps 1,1,1,1,1,1,1,1,1,1,1,1,1,1,1
bait 1
nostrils 1,1,1,1
arrangement 1
alter 1
likes 1,1,1
streak 1,1,1,1,1,1,1,1,1,1
varieties 1
nightshirt 1
cracking 1,1,1
highest 1
hocus 1
grumbled 1,1
cuss 1,1,1,1
bark 1,1,1
wont 1
Tramp 1
Rouse 1
64 1
mass 1
temperance 1,1,1
sufferin 1,1
loud 1,1,1,1,1,1,1,1,1,1,1
soldier 1,1,1
EXPRESS 1
squeezed 1,1
Lazy 1
clouds 1,1
CONTENTS 1
hands 1,1,1,1,1,1,1,1,1,1,1,1,1,1,1,1,1,1,1,1,1,1,1,1,1,1,1,1,1,1,1,1,1,1,1,1,1,1,1,1,1,1,1,1,1,1,1,1,1,1,1,1,1,1,1,1,1,1,1,1,1,1,1,1,1,1,1,1,1,1,1,1
_handle_ 1
snuffling 1
_Unknown_ 1
severe 1,1
brandy 1
loose 1,1,1,1,1,1,1,1,1,1,1,1,1,1,1,1,1,1,1,1,1,1,1,1,1
desperately 1
_Glory 1
Replacement 1
flapdoodle 1
pulpit 1,1
springs 1
tried 1,1,1,1,1,1,1,1,1,1,1,1,1,1,1,1,1,1,1,1,1,1,1,1,1,1,1,1,1,1,1,1,1,1,1,1
II 1,1
IS 1
Too 1,1,1
_warn_ 1
elegant 1,1,1
Col 1,1,1
cent 1,1,1,1,1,1
tucked 1,1,1,1
woods 1,1,1,1,1,1,1,1,1,1,1,1,1,1,1,1,1,1,1,1,1,1,1,1,1,1,1,1,1,1,1,1,1,1,1,1,1,1,1,1,1,1,1,1,1,1,1,1,1,1,1,1,1,1,1,1,1,1,1,1,1,1,1,1,1
shame 1,1,1,1
paddled 1,1,1,1,1,1,1,1,1,1,1,1,1
funerals 1
complying 1,1,1
yerd 1
Presbyterian 1
shines 1
disturbance 1,1
suff 1
sounded 1,1
Years 1
tryin 1,1,1
submit 1
churning 1
WE 1,1,1,1,1,1
thrash 1
wax 1
XX 1,1
Behind 1
Whitechapel 1
tugged 1
comfortable 1,1,1,1,1,1,1,1,1,1,1,1,1,1,1,1,1,1,1,1,1,1,1,1,1,1,1,1,1,1
fever 1,1,1,1,1
alleys 1
Fair 1,1,1
wet 1,1,1,1,1,1
sides 1,1,1,1,1,1,1,1,1
Day 1,1
rain 1,1,1,1,1,1,1,1,1,1,1,1,1,1,1,1,1
sugar 1,1,1,1,1
died 1,1,1,1,1,1,1,1,1,1,1,1,1,1,1,1,1,1,1,1,1,1,1,1,1,1
lawyer 1,1,1,1,1,1,1,1,1,1,1,1,1,1
cottonwood 1,1,1,1
cannibal 1
Goliar 1
am 1,1,1,1,1,1,1,1,1,1,1,1,1,1,1,1,1,1,1,1,1,1
prove 1,1,1,1
Ocean 1,1,1
ca 1,1,1,1,1,1
Poor 1,1,1,1,1,1
scare 1,1,1,1
scary 1,1
tumbles 1
_heard_ 1
fog 1,1,1,1,1,1,1,1,1,1,1,1,1,1,1,1,1,1,1
contrary 1
_They_ 1,1,1
form 1,1,1,1,1
flyin 1
likely 1,1,1,1,1,1,1,1,1,1,1,1,1,1,1,1,1
somebody 1,1,1,1,1,1,1,1,1,1,1,1,1,1,1,1,1,1,1,1,1,1,1,1,1,1,1,1,1,1,1,1,1,1,1,1,1,1,1,1,1,1,1,1,1,1,1,1,1
loaves 1
James 1
ingots 1
ll 1,1,1,1,1,1,1,1,1,1,1,1,1,1,1,1,1,1,1,1,1,1,1,1,1,1,1,1,1,1,1,1,1,1,1,1,1,1,1,1,1,1,1,1,1,1,1,1,1,1,1,1,1,1,1,1,1,1,1,1,1,1,1,1,1,1,1,1,1,1,1,1,1,1,1,1,1,1,1,1,1,1,1,1,1,1,1,1,1,1,1,1,1,1,1,1,1,1,1,1,1,1,1,1,1,1,1,1,1,1,1,1,1,1,1,1,1,1,1,1,1,1,1,1,1,1,1,1,1,1,1,1,1,1,1,1,1,1,1,1,1,1,1,1,1,1,1,1,1,1,1,1,1,1,1,1,1,1,1,1,1,1,1,1,1,1,1,1,1,1,1,1,1,1,1,1,1,1,1,1,1,1,1,1,1,1,1,1,1,1,1,1,1,1,1,1,1,1,1,1,1,1,1,1,1,1,1,1,1,1,1,1,1,1,1,1,1,1,1,1,1,1,1,1,1,1,1,1,1,1,1,1,1,1,1,1,1,1,1,1,1,1,1,1,1,1,1,1,1,1,1,1,1,1,1,1,1,1,1,1,1,1,1,1,1,1,1,1,1,1,1,1,1,1,1,1,1,1,1,1,1,1,1,1,1,1,1,1,1,1,1,1
ma 1,1,1,1
plum 1
drear 1
nt 1,1,1
heah 1,1,1,1,1,1,1,1,1,1,1,1,1,1,1
hear 1,1,1,1,1,1,1,1,1,1,1,1,1,1,1,1,1,1,1,1,1,1,1,1,1,1,1,1,1,1,1,1,1,1,1,1,1,1,1,1,1,1,1,1,1,1,1,1,1,1,1,1,1,1,1,1,1,1,1,1,1,1,1,1,1,1,1,1,1,1,1,1,1,1,1,1,1,1,1,1,1,1,1,1,1,1,1,1,1,1
seneskal 1,1
sitting 1
_Him_ 1
freezn 1
adopt 1
rp 1
belly 1
knob 1
seem 1,1,1,1,1,1,1,1,1,1,1,1,1,1,1,1,1,1,1,1,1,1,1,1,1,1,1,1,1,1,1,1,1,1,1,1,1
se 1
so 1,1,1,1,1,1,1,1,1,1,1,1,1,1,1,1,1,1,1,1,1,1,1,1,1,1,1,1,1,1,1,1,1,1,1,1,1,1,1,1,1,1,1,1,1,1,1,1,1,1,1,1,1,1,1,1,1,1,1,1,1,1,1,1,1,1,1,1,1,1,1,1,1,1,1,1,1,1,1,1,1,1,1,1,1,1,1,1,1,1,1,1,1,1,1,1,1,1,1,1,1,1,1,1,1,1,1,1,1,1,1,1,1,1,1,1,1,1,1,1,1,1,1,1,1,1,1,1,1,1,1,1,1,1,1,1,1,1,1,1,1,1,1,1,1,1,1,1,1,1,1,1,1,1,1,1,1,1,1,1,1,1,1,1,1,1,1,1,1,1,1,1,1,1,1,1,1,1,1,1,1,1,1,1,1,1,1,1,1,1,1,1,1,1,1,1,1,1,1,1,1,1,1,1,1,1,1,1,1,1,1,1,1,1,1,1,1,1,1,1,1,1,1,1,1,1,1,1,1,1,1,1,1,1,1,1,1,1,1,1,1,1,1,1,1,1,1,1,1,1,1,1,1,1,1,1,1,1,1,1,1,1,1,1,1,1,1,1,1,1,1,1,1,1,1,1,1,1,1,1,1,1,1,1,1,1,1,1,1,1,1,1,1,1,1,1,1,1,1,1,1,1,1,1,1,1,1,1,1,1,1,1,1,1,1,1,1,1,1,1,1,1,1,1,1,1,1,1,1,1,1,1,1,1,1,1,1,1,1,1,1,1,1,1,1,1,1,1,1,1,1,1,1,1,1,1,1,1,1,1,1,1,1,1,1,1,1,1,1,1,1,1,1,1,1,1,1,1,1,1,1,1,1,1,1,1,1,1,1,1,1,1,1,1,1,1,1,1,1,1,1,1,1,1,1,1,1,1,1,1,1,1,1,1,1,1,1,1,1,1,1,1,1,1,1,1,1,1,1,1,1,1,1,1,1,1,1,1,1,1,1,1,1,1,1,1,1,1,1,1,1,1,1,1,1,1,1,1,1,1,1,1,1,1,1,1,1,1,1,1,1,1,1,1,1,1,1,1,1,1,1,1,1,1,1,1,1,1,1,1,1,1,1,1,1,1,1,1,1,1,1,1,1,1,1,1,1,1,1,1,1,1,1,1,1,1,1,1,1,1,1,1,1,1,1,1,1,1,1,1,1,1,1,1,1,1,1,1,1,1,1,1,1,1,1,1,1,1,1,1,1,1,1,1,1,1,1,1,1,1,1,1,1,1,1,1,1,1,1,1,1,1,1,1,1,1,1,1,1,1,1,1,1,1,1,1,1,1,1,1,1,1,1,1,1,1,1,1,1,1,1,1,1,1,1,1,1,1,1,1,1,1,1,1,1,1,1,1,1,1,1,1,1,1,1,1,1,1,1,1,1,1,1,1,1,1,1,1,1,1,1,1,1,1,1,1,1,1,1,1,1,1,1,1,1,1,1,1,1,1,1,1,1,1,1,1,1,1,1,1,1,1,1,1,1,1,1,1,1,1,1,1,1,1,1,1,1,1,1,1,1,1,1,1,1,1,1,1,1,1,1,1,1,1,1,1,1,1,1,1,1,1,1,1,1,1,1,1,1,1,1,1,1,1,1
apart 1,1,1,1
souls 1,1,1,1
closet 1,1
reasonable 1,1,1,1,1
um 1,1,1,1,1,1,1,1,1,1,1,1,1,1,1,1,1,1,1,1
Lemme 1
caterpillars 1
reading 1,1,1,1
_wasn 1,1
slanting 1
counterfeit 1,1
self 1,1,1,1,1,1,1,1,1,1
sales 1
sheltered 1
send 1,1,1,1,1,1,1,1,1,1,1,1,1,1,1,1,1
costs 1,1,1
numerous 1
flicker 1,1
flapper 1
whatsoever 1,1
_plenty_ 1
tattooed 1,1,1
Deacon 1,1,1
Watermelon 1
ards 1
Picks 1,1
lady 1,1,1,1,1,1,1,1,1,1,1
approach 1
picnic 1,1
_only_ 1,1
considerin 1
Meddling 1
bust 1,1,1,1,1,1,1,1,1,1,1,1,1,1,1,1,1
lamp 1,1,1,1,1
_prove_ 1
consecutive 1
Obsequies 1
chase 1,1
Adolphus 1,1
beating 1
goody 1,1,1,1
attend 1
has 1,1,1,1,1,1,1,1,1,1,1,1,1,1,1,1,1,1,1,1,1,1,1,1,1,1,1,1,1,1,1,1,1,1,1,1,1,1,1,1,1,1,1,1,1,1
last 1,1,1,1,1,1,1,1,1,1,1,1,1,1,1,1,1,1,1,1,1,1,1,1,1,1,1,1,1,1,1,1,1,1,1,1,1,1,1,1,1,1,1,1,1,1,1,1,1,1,1,1,1,1,1,1,1,1,1,1,1,1,1,1,1,1,1,1,1,1,1,1,1,1,1,1,1,1,1,1,1,1,1,1,1,1,1,1,1,1,1,1,1,1
Collins 1
brute 1
weapon 1
ends 1
steady 1,1,1,1,1,1
vote 1,1,1,1
Jour 1
yer 1,1,1,1,1,1,1,1,1,1,1,1,1
painstakingly 1
happy 1,1,1,1,1,1,1,1
hey 1,1,1,1,1
House 1,1,1,1
moonrise 1
Web 1,1,1
likeliest 1
tire 1,1,1,1
bead 1,1
grandfather 1,1
shutters 1
_Obsequies_ 1
prairie 1
_laid_ 1
mothered 1
foolishest 1
muttered 1
rummies 1
bedtime 1
listenin 1
_real_ 1
Injun 1,1,1,1,1
chop 1,1,1,1,1,1
snuff 1
acting 1,1,1,1,1
boomed 1,1
PURPOSE 1
snaked 1,1,1
codes 1
conscience 1,1,1,1,1,1
regulating 1
stern 1,1,1,1,1,1,1,1,1
concerning 1,1
Doan 1,1,1,1,1,1,1
Clah 1
unnatural 1
Dowling 1,1,1,1,1
showed 1,1,1,1,1,1,1,1,1,1,1,1,1,1,1,1,1,1,1,1,1,1,1,1,1,1,1,1,1,1
Drunk 1
knife_ 1
Lifted 1
elected 1
_murrey_ 1
spilt 1
org/donate 1
slavery 1,1,1,1,1
torchlight 1,1
stateroom 1,1,1,1
mysterious 1,1,1,1
Stand 1,1
runs 1
from 1,1,1,1,1,1,1,1,1,1,1,1,1,1,1,1,1,1,1,1,1,1,1,1,1,1,1,1,1,1,1,1,1,1,1,1,1,1,1,1,1,1,1,1,1,1,1,1,1,1,1,1,1,1,1,1,1,1,1,1,1,1,1,1,1,1,1,1,1,1,1,1,1,1,1,1,1,1,1,1,1,1,1,1,1,1,1,1,1,1,1,1,1,1,1,1,1,1,1,1,1,1,1,1,1,1,1,1,1,1,1,1,1,1,1,1,1,1,1,1,1,1,1,1,1,1,1,1,1,1,1,1,1,1,1,1,1,1,1,1,1,1,1,1,1,1,1,1,1,1,1,1,1,1,1,1,1,1,1,1,1,1,1,1,1,1,1,1,1,1,1,1,1,1,1,1,1,1,1,1,1,1
fortress 1
spinning 1,1,1,1,1,1,1
replacement 1,1,1
advice 1,1
soiled 1
paper 1,1,1,1,1,1,1,1,1,1,1,1,1,1,1,1,1,1,1,1,1,1,1,1,1,1
persons 1
fate 1,1,1,1
licked 1,1
Harper 1,1,1,1
nine 1,1,1,1,1,1,1,1,1,1,1,1,1,1
weeds 1,1,1
Southern 1,1,1
its 1,1,1,1,1,1,1,1,1,1,1,1,1,1,1,1,1,1,1,1,1
article 1
shell 1
guys 1
Attending 1
flopped 1
jabbed 1
rammed 1
sorrers 1
handle 1,1,1,1,1,1
courage 1,1
recollected 1
bilin 1
mister 1,1
collect 1
biler 1,1
chinks 1,1
Temperance 1
shet 1,1,1,1
Looky 1,1,1,1,1,1,1,1,1,1
fishline 1
ship 1,1
Panama 1
elephants 1,1,1,1,1,1
takes 1,1,1,1,1,1,1,1,1,1,1,1,1,1,1
mawnin 1,1,1
fitten 1,1,1,1
watched 1,1,1,1,1,1,1,1,1,1,1,1,1,1
selling 1
shot 1,1,1,1,1,1,1,1,1,1,1,1,1,1,1,1,1,1,1,1,1,1,1,1,1,1,1,1,1,1,1
jis 1,1,1,1,1,1,1,1,1,1,1,1,1,1,1,1,1,1,1,1,1,1
anywheres 1,1,1,1,1,1
Him 1,1,1,1,1,1,1,1,1
daughter 1,1,1,1,1
America 1
rest 1,1,1,1,1,1,1,1,1,1,1,1,1,1,1,1,1,1,1,1,1,1,1,1,1,1,1,1,1,1,1,1,1,1,1,1,1,1,1,1,1,1,1,1,1,1,1,1
comply 1,1,1,1,1,1
chawed 1,1,1
Turner 1,1,1,1,1,1
Widger 1,1
diffunt 1
dadblamedest 1
sailor 1,1
tapering 1
jug 1,1,1,1,1,1,1,1,1,1
nearest 1
_trash_ 1
anxiety 1
lump 1,1,1
Snack 1
dinner 1,1,1,1,1,1,1,1,1,1,1,1,1,1,1,1,1,1,1,1
sick 1,1,1,1,1,1,1,1,1,1,1,1,1,1,1,1,1,1,1,1,1,1,1,1,1,1,1,1,1,1,1,1,1,1
Troubles 1
drink 1,1,1,1
works 1,1,1,1,1,1,1,1,1,1,1,1,1,1,1,1,1,1,1,1,1,1,1,1,1,1,1,1,1,1,1,1,1,1,1,1
flatfooted 1
comfort 1,1,1
high 1,1,1,1,1,1,1,1,1,1,1,1,1,1,1,1,1,1,1,1,1,1,1,1,1,1,1,1,1,1
split 1,1,1,1,1
directly 1,1,1,1
level 1,1,1,1,1,1,1,1
preserve 1,1
tastes 1
niece 1,1,1
_cousins_ 1
wuth 1,1
_circumstances_ 1
acknowledge 1,1,1
backs 1,1,1,1,1,1
upper 1,1,1,1,1,1
scene 1
_flash_ 1
remaining 1
Piece 1
hips 1,1
fogive 1,1
distressed 1,1,1
lean 1,1,1,1,1,1,1,1,1
tired 1,1,1,1,1,1,1,1,1,1,1,1,1,1,1,1,1,1,1
lead 1,1,1,1,1,1,1
1887 1
Wher 1,1
romantical 1
limited 1,1
studied 1,1,1,1,1,1
spoke 1,1,1,1,1,1,1
fifty 1,1,1,1,1,1,1,1,1,1,1,1,1
oncommon 1
stirring 1,1,1,1,1,1,1
gbnewby@pglaf 1
disclaimers 1
skifts 1,1
well 1,1,1,1,1,1,1,1,1,1,1,1,1,1,1,1,1,1,1,1,1,1,1,1,1,1,1,1,1,1,1,1,1,1,1,1,1,1,1,1,1,1,1,1,1,1,1,1,1,1,1,1,1,1,1,1,1,1,1,1,1,1,1,1,1,1,1,1,1,1,1,1,1,1,1,1,1,1,1,1,1,1,1,1,1,1,1,1,1,1
went 1,1,1,1,1,1,1,1,1,1,1,1,1,1,1,1,1,1,1,1,1,1,1,1,1,1,1,1,1,1,1,1,1,1,1,1,1,1,1,1,1,1,1,1,1,1,1,1,1,1,1,1,1,1,1,1,1,1,1,1,1,1,1,1,1,1,1,1,1,1,1,1,1,1,1,1,1,1,1,1,1,1,1,1,1,1,1,1,1,1,1,1,1,1,1,1,1,1,1,1,1,1,1,1,1,1,1,1,1,1,1,1,1,1,1,1,1,1,1,1,1,1,1,1,1,1,1,1,1,1,1,1,1,1,1,1,1,1,1,1,1,1,1,1,1,1,1,1,1,1,1,1,1,1,1,1,1,1,1,1,1,1,1,1,1,1,1,1,1,1,1,1,1,1,1,1,1,1,1,1,1,1,1,1,1,1,1,1,1,1,1,1,1,1,1,1,1,1,1,1,1,1,1,1,1,1,1,1,1,1,1,1,1,1,1,1,1,1,1,1,1,1,1,1,1,1,1,1,1,1,1,1,1,1,1,1,1,1,1,1,1,1,1,1,1,1,1,1,1,1,1,1,1,1,1,1,1,1,1,1,1,1,1,1,1,1,1,1,1,1,1,1,1,1,1,1,1,1,1,1,1,1,1,1,1,1,1,1,1,1,1,1
bringing 1
Evening 1
discouraged 1
walks 1,1
arrows 1
lay 1,1,1,1,1,1,1,1,1,1,1,1,1,1,1,1,1,1,1,1,1,1,1,1,1,1,1,1,1,1,1,1,1,1,1,1,1,1,1,1,1,1,1,1,1,1,1,1,1,1,1,1,1,1,1,1,1
Death 1,1
generous 1,1,1,1
floor 1,1,1,1,1,1,1,1,1,1,1,1,1,1,1,1,1,1,1,1,1,1,1,1,1,1,1,1,1
Suits 1
spected 1
govment 1,1,1,1,1,1,1,1,1,1,1,1
clap 1
doin 1,1,1,1,1
cooled 1
three 1,1,1,1,1,1,1,1,1,1,1,1,1,1,1,1,1,1,1,1,1,1,1,1,1,1,1,1,1,1,1,1,1,1,1,1,1,1,1,1,1,1,1,1,1,1,1,1,1,1,1,1,1,1,1,1,1,1,1,1,1,1,1,1,1,1,1,1,1,1,1,1,1,1,1,1,1,1,1,1,1,1,1,1,1,1,1,1,1,1,1,1,1,1,1,1,1,1,1,1,1,1,1,1,1,1
WHEN 1,1
Cold 1
piled 1,1,1,1
shoveled 1
door 1,1,1,1,1,1,1,1,1,1,1,1,1,1,1,1,1,1,1,1,1,1,1,1,1,1,1,1,1,1,1,1,1,1,1,1,1,1,1,1,1,1,1,1,1,1,1,1,1,1,1,1,1,1,1,1,1,1,1,1,1,1,1,1,1,1,1,1,1,1,1,1,1,1,1,1
experience 1,1
inscription 1,1,1,1
Yours 1,1
Joe 1,1,1
sparks 1,1,1
Dark 1
grinding 1,1
blaming 1,1
gaping 1,1
crack 1,1,1,1,1,1,1,1
accepting 1
onless 1
_reckon_ 1,1,1,1
upwards 1,1
title 1
_House_ 1
printed 1,1,1,1,1,1
stabboard 1,1,1,1
field 1
mad 1,1,1,1,1,1,1,1,1,1,1,1,1
leggo 1
man 1,1,1,1,1,1,1,1,1,1,1,1,1,1,1,1,1,1,1,1,1,1,1,1,1,1,1,1,1,1,1,1,1,1,1,1,1,1,1,1,1,1,1,1,1,1,1,1,1,1,1,1,1,1,1,1,1,1,1,1,1,1,1,1,1,1,1,1,1,1,1,1,1,1,1,1,1,1,1,1,1,1,1,1,1,1,1,1,1,1,1,1,1,1,1,1,1,1,1,1,1,1,1,1,1,1,1,1,1,1,1,1,1,1,1,1,1,1,1,1,1,1,1,1,1,1,1,1,1,1,1,1,1,1,1,1,1,1,1,1,1,1,1,1,1,1,1,1,1,1,1,1,1,1,1,1,1,1,1,1,1,1,1,1,1,1,1,1,1,1,1,1,1,1,1,1,1,1,1,1,1,1,1,1,1,1,1,1,1,1,1,1,1,1,1,1,1,1,1,1,1,1,1,1,1,1,1,1,1,1,1,1,1,1,1
breath 1,1,1,1,1,1,1,1,1,1,1,1,1
met 1,1,1,1
disgraced 1
churchyards 1
invent 1,1,1,1
dirty 1,1,1,1
slant 1
displaying 1,1,1,1
scrouge 1
trimmed 1
_thinking_ 1
bitter 1,1
_have_ 1,1,1,1,1
helpin 1
staving 1
woolsey 1
sence 1,1,1
specified 1,1
buckle 1
coward 1,1,1,1
mud 1,1,1,1,1,1,1,1,1
leading 1,1,1
marched 1
agreement 1,1,1,1,1,1,1,1,1,1,1,1,1,1,1,1,1,1
pegged 1,1
gazing 1
warbling 1,1
eager 1,1
jail 1
materials 1
WITH 1
swear 1,1,1,1,1
gift 1
tole 1,1
Hookerville 1,1
pesky 1
bushes 1,1,1,1,1,1,1,1,1
True 1,1
flash 1,1,1,1
silky 1,1
bucks 1
maybe 1,1,1,1,1,1,1,1,1,1,1,1,1,1,1,1,1,1,1,1,1,1,1,1,1,1,1,1,1,1,1,1,1,1,1,1,1,1,1,1,1,1,1,1,1,1,1,1,1,1,1,1,1,1,1,1,1,1,1,1,1,1
rips 1,1,1
watermelon 1,1,1,1,1,1,1,1,1,1
stayed 1,1,1,1,1,1,1,1,1,1,1,1,1,1,1
town 1,1,1,1,1,1,1,1,1,1,1,1,1,1,1,1,1,1,1,1,1,1,1,1,1,1,1,1,1,1,1,1,1,1,1,1,1,1,1,1,1,1,1,1,1,1,1,1,1,1,1,1,1,1,1,1,1,1,1,1,1,1,1,1,1,1,1,1,1,1,1,1,1,1,1,1,1,1,1,1,1,1,1,1,1,1,1,1,1,1,1,1,1,1,1,1,1,1,1,1,1,1,1,1,1,1,1,1,1,1,1,1
whack 1,1,1,1
whatever 1,1,1,1,1,1,1,1,1,1
soberer 1
thoughts 1
what 1,1,1,1,1,1,1,1,1,1,1,1,1,1,1,1,1,1,1,1,1,1,1,1,1,1,1,1,1,1,1,1,1,1,1,1,1,1,1,1,1,1,1,1,1,1,1,1,1,1,1,1,1,1,1,1,1,1,1,1,1,1,1,1,1,1,1,1,1,1,1,1,1,1,1,1,1,1,1,1,1,1,1,1,1,1,1,1,1,1,1,1,1,1,1,1,1,1,1,1,1,1,1,1,1,1,1,1,1,1,1,1,1,1,1,1,1,1,1,1,1,1,1,1,1,1,1,1,1,1,1,1,1,1,1,1,1,1,1,1,1,1,1,1,1,1,1,1,1,1,1,1,1,1,1,1,1,1,1,1,1,1,1,1,1,1,1,1,1,1,1,1,1,1,1,1,1,1,1,1,1,1,1,1,1,1,1,1,1,1,1,1,1,1,1,1,1,1,1,1,1,1,1,1,1,1,1,1,1,1,1,1,1,1,1,1,1,1,1,1,1,1,1,1,1,1,1,1,1,1,1,1,1,1,1,1,1,1,1,1,1,1,1,1,1,1,1,1,1,1,1,1,1,1,1,1,1,1,1,1,1,1,1,1,1,1,1,1,1,1,1,1,1,1,1,1,1,1,1,1,1,1,1,1,1,1,1,1,1,1,1,1,1,1,1,1,1,1,1,1,1,1,1,1,1,1,1,1,1,1,1,1,1,1,1,1,1,1,1,1,1,1,1,1,1,1,1,1,1,1,1,1,1,1,1,1,1,1,1,1,1,1,1,1,1,1,1,1,1,1,1,1,1,1,1,1,1,1,1
Archibald 1,1
Sixteenth 1
wharf 1
livin 1
certain 1,1,1,1,1,1,1,1,1,1
rocks 1,1,1,1,1
search 1,1,1
furnished 1
softened 1,1,1
mistaken 1,1
tragedians 1,1
_so_ 1
kept 1,1,1,1,1,1,1,1,1,1,1,1,1,1,1,1,1,1,1,1,1,1,1,1,1,1,1,1,1,1,1,1,1,1,1,1,1,1,1,1,1,1,1,1,1,1,1
rascal 1,1,1,1,1
escaping 1
dungeon 1,1,1
Rucker 1,1
pommel 1
dreamed 1
pretty 1,1,1,1,1,1,1,1,1,1,1,1,1,1,1,1,1,1,1,1,1,1,1,1,1,1,1,1,1,1,1,1,1,1,1,1,1,1,1,1,1,1,1,1,1,1,1,1,1,1,1,1,1,1,1,1,1,1,1,1,1,1,1,1,1,1,1,1,1,1,1,1,1,1,1,1,1,1,1,1,1,1,1,1,1,1,1,1,1,1,1,1,1,1,1,1,1,1,1,1,1,1,1,1,1,1,1,1,1,1,1,1,1,1,1,1,1,1,1,1,1,1,1,1,1,1,1,1,1,1,1,1,1,1,1,1,1,1,1,1,1
homeless 1
googling 1
speaking 1
nods 1
lowered 1
diseased 1,1,1,1,1
Thomas 1
on_ 1,1,1
storms 1,1
//pglaf 1,1,1,1
wardrobe 1
life 1,1,1,1,1,1,1,1,1,1,1,1,1,1,1,1,1,1,1,1,1,1,1,1,1,1,1,1,1,1,1
Signs 1
chains 1,1,1,1,1
contrite 1
creetur 1
Mrs 1,1,1,1,1,1,1,1
Kill 1,1
blow 1,1,1,1,1,1,1,1,1,1,1,1,1,1,1,1,1,1,1,1
_the 1
dash 1
_plug_ 1
dawn 1,1,1,1
_them_ 1,1,1,1,1,1
Dead 1,1,1,1
child 1,1,1,1,1,1,1,1,1,1,1,1
Burkey 1
there 1,1,1,1,1,1,1,1,1,1,1,1,1,1,1,1,1,1,1,1,1,1,1,1,1,1,1,1,1,1,1,1,1,1,1,1,1,1,1,1,1,1,1,1,1,1,1,1,1,1,1,1,1,1,1,1,1,1,1,1,1,1,1,1,1,1,1,1,1,1,1,1,1,1,1,1,1,1,1,1,1,1,1,1,1,1,1,1,1,1,1,1,1,1,1,1,1,1,1,1,1,1,1,1,1,1,1,1,1,1,1,1,1,1,1,1,1,1,1,1,1,1,1,1,1,1,1,1,1,1,1,1,1,1,1,1,1,1,1,1,1,1,1,1,1,1,1,1,1,1,1,1,1,1,1,1,1,1,1,1,1,1,1,1,1,1,1,1,1,1,1,1,1,1,1,1,1,1,1,1,1,1,1,1,1,1,1,1,1,1,1,1,1,1,1,1,1,1,1,1,1,1,1,1,1,1,1,1,1,1,1,1,1,1,1,1,1,1,1,1,1,1,1,1,1,1,1,1,1,1,1,1,1,1,1,1,1,1,1,1,1,1,1,1,1,1,1,1,1,1,1,1,1,1,1,1,1,1,1,1,1,1,1,1,1,1,1,1,1,1,1,1,1,1,1,1,1,1,1,1,1,1,1,1,1,1,1,1,1,1,1,1,1,1,1,1,1,1,1,1,1,1,1,1,1,1,1,1,1,1,1,1,1,1,1,1,1,1,1,1,1,1,1,1,1,1,1,1,1,1,1,1,1,1,1,1,1,1,1,1,1,1,1,1,1,1,1,1,1,1,1,1,1,1,1,1,1,1,1,1,1,1,1,1,1,1,1,1,1,1,1,1,1,1,1,1,1,1,1,1,1,1,1,1,1,1,1,1,1,1,1,1,1,1,1,1,1,1,1,1,1,1,1,1,1,1,1,1,1,1,1,1,1,1,1,1,1,1,1,1,1,1,1,1,1,1,1,1,1,1,1,1,1,1,1,1,1,1,1,1,1,1,1,1,1,1,1,1,1,1,1,1,1,1,1,1,1,1,1,1,1,1,1,1,1,1,1,1,1,1,1,1,1,1,1,1,1,1,1,1,1,1,1,1,1,1,1,1,1,1,1,1,1,1,1,1,1,1,1,1,1,1,1,1,1,1,1,1,1,1,1,1,1,1,1,1,1,1,1,1,1,1,1,1,1,1,1,1,1,1,1,1,1,1,1,1,1,1,1,1,1,1,1,1,1,1,1,1,1,1
wrack 1,1,1
ODE 1
uncles 1,1,1,1,1,1,1,1,1,1
peg 1,1,1
skunk 1
eBook 1,1,1,1,1,1
folds 1
Daytimes 1
peep 1
Hotchkiss 1,1,1,1,1,1
outstart 1
_it 1
Williams 1,1,1,1
astraddle 1,1
wickedness 1,1
thundering 1
indeedy 1,1,1
hickry 1,1,1
representatives 1
disappears 1
Superintendent 1,1
startlish 1
_been_ 1
Blest 1,1
infant 1,1,1,1
mocking 1
freckled 1,1
light 1,1,1,1,1,1,1,1,1,1,1,1,1,1,1,1,1,1,1,1,1,1,1,1,1,1,1,1,1,1,1,1,1,1,1,1,1,1,1,1,1,1,1,1,1,1,1,1,1,1
disgrace 1
_bilin_ 1
eighty 1,1
jawing 1,1
mostly 1,1,1,1,1,1,1,1,1,1,1,1,1,1,1,1
innocent 1,1,1,1
sirree 1
girls_ 1
bottle 1,1,1,1
tail 1,1,1,1,1
_don 1,1,1,1,1,1,1
Hank 1,1,1,1,1
some 1,1,1,1,1,1,1,1,1,1,1,1,1,1,1,1,1,1,1,1,1,1,1,1,1,1,1,1,1,1,1,1,1,1,1,1,1,1,1,1,1,1,1,1,1,1,1,1,1,1,1,1,1,1,1,1,1,1,1,1,1,1,1,1,1,1,1,1,1,1,1,1,1,1,1,1,1,1,1,1,1,1,1,1,1,1,1,1,1,1,1,1,1,1,1,1,1,1,1,1,1,1,1,1,1,1,1,1,1,1,1,1,1,1,1,1,1,1,1,1,1,1,1,1,1,1,1,1,1,1,1,1,1,1,1,1,1,1,1,1,1,1,1,1,1,1,1,1,1,1,1,1,1,1,1,1,1,1,1,1,1,1,1,1,1,1,1,1,1,1,1,1,1,1,1,1,1,1,1,1,1,1,1,1,1,1
passed 1,1,1,1,1,1,1
International 1
lifts 1
tape 1
rattlesnake 1,1,1,1,1,1,1
loading 1
_down_ 1
longest 1
file 1,1,1,1,1
together 1,1,1,1,1,1,1,1,1,1,1,1,1,1,1,1,1,1,1,1,1,1,1,1
Wilkses 1,1,1
handiest 1,1,1
pleasant 1,1
hearn 1,1,1
sort 1,1,1,1,1,1,1,1,1,1,1,1,1,1,1,1,1
trash 1,1,1,1
leaning 1,1,1,1,1
Andy 1
hour 1,1,1,1,1,1,1,1,1,1,1,1,1,1,1,1,1,1,1,1,1,1,1,1,1,1,1,1,1,1,1,1,1,1,1
heard 1,1,1,1,1,1,1,1,1,1,1,1,1,1,1,1,1,1,1,1,1,1,1,1,1,1,1,1,1,1,1,1,1,1,1,1,1,1,1,1,1,1,1,1,1,1,1,1,1,1,1,1,1,1,1,1,1,1,1,1,1,1,1,1,1,1,1,1,1,1,1,1,1,1,1,1,1,1,1,1,1
Families 1
writes 1,1
_can_ 1,1
coughing 1,1
Says 1,1,1,1,1,1,1,1,1,1,1,1,1,1,1
POW 1
deyselves 1
fish 1,1,1,1,1,1,1,1,1,1,1,1,1,1
sicklied 1
mainly 1,1,1,1,1,1,1,1,1
leaves 1,1,1,1,1,1,1,1,1,1,1,1,1,1,1
Thompson 1,1
five 1,1,1,1,1,1,1,1,1,1,1,1,1,1,1,1,1,1,1,1,1,1,1,1,1,1,1,1,1,1,1,1,1,1,1,1,1,1,1,1,1,1,1,1,1,1
beforehand 1,1
Tear 1
rehearsing 1
squah 1
Decided 1
WHACK 1
staples 1
agree 1,1,1,1,1,1,1
anyone 1,1,1,1,1
Hospitality 1
damages 1,1
Tearing 1
decanter 1
threading 1,1
Night 1,1
accidents 1,1
halter 1
jakes 1
Resting 1
horses 1,1,1,1,1,1,1,1,1,1,1,1,1,1,1,1,1,1
ciphered 1,1,1
scour 1
darkish 1
middling 1,1,1
sprawlin 1
odds 1
AGREE 1,1
skillet 1,1
other 1,1,1,1,1,1,1,1,1,1,1,1,1,1,1,1,1,1,1,1,1,1,1,1,1,1,1,1,1,1,1,1,1,1,1,1,1,1,1,1,1,1,1,1,1,1,1,1,1,1,1,1,1,1,1,1,1,1,1,1,1,1,1,1,1,1,1,1,1,1,1,1,1,1,1,1,1,1,1,1,1,1,1,1,1,1,1,1,1,1,1,1,1,1,1,1,1,1,1,1,1,1,1,1,1,1,1,1,1,1,1,1,1,1,1,1,1,1,1,1,1,1,1,1,1,1,1,1,1,1,1,1,1,1,1,1,1,1,1,1,1,1,1,1,1,1,1,1,1,1,1,1,1,1,1,1,1,1,1,1
air 1,1,1,1,1,1,1,1,1,1,1,1,1,1,1,1,1
Pie 1,1
crep 1
_here_ 1
spades 1
Powerful 1
burglary 1
jumping 1,1
ladder 1,1,1,1,1,1,1,1,1,1,1,1,1,1,1,1,1,1,1,1,1,1,1
until 1,1,1
whitest 1
Bang 1,1,1,1,1
_man_ 1,1,1,1,1
sores 1
came 1,1,1,1
linsey 1
Several 1
calf 1,1,1,1
ash 1,1,1,1,1
anyways 1,1
volunteer 1
boot 1,1,1,1
cart 1
stomped 1
Mask 1
cramped 1,1,1
boun 1
Wives 1
simple 1,1
bowl 1
sah 1,1,1,1,1,1,1,1,1,1,1,1,1,1,1
profit 1,1
amount 1,1,1,1,1,1,1
hopped 1,1,1
simply 1
symptoms 1
deal 1,1,1,1,1,1,1,1,1,1,1,1,1,1,1
advertisements 1
responsibility 1
litter 1
WARRANTY 1,1
beauty 1,1
_has_ 1,1,1
sha 1,1,1,1,1
deer 1
mortification 1
Fraid 1
bound 1,1,1,1,1,1,1,1,1,1,1,1,1
fresh 1,1,1,1,1,1,1
big 1,1,1,1,1,1,1,1,1,1,1,1,1,1,1,1,1,1,1,1,1,1,1,1,1,1,1,1,1,1,1,1,1,1,1,1,1,1,1,1,1,1,1,1,1,1,1,1,1,1,1,1,1,1,1,1,1,1,1,1,1,1,1,1,1,1,1,1,1,1,1,1,1,1,1,1,1,1,1,1,1,1,1,1,1,1,1,1,1,1,1,1,1,1,1
broomsticks 1
foolish 1,1,1,1,1,1,1
office 1,1,1,1,1,1,1,1,1,1
son 1,1,1,1,1,1,1,1,1,1,1,1,1,1,1
squirt 1
Something 1,1
redder 1
Skilled 1
chance 1,1,1,1,1,1,1,1,1,1,1,1,1,1,1,1,1,1,1,1,1,1,1,1,1,1,1,1,1,1,1,1,1,1,1,1,1,1,1,1
miserable 1,1,1,1
twarn 1
buy 1,1,1,1,1,1,1,1,1,1,1
deffersit 1
_adventure_ 1
lovinger 1
_there_ 1
Hannah 1
Wonderful 1
rode 1,1,1,1,1,1,1,1,1,1,1,1,1,1
tag 1
readable 1,1
filed 1,1
_That 1,1
balls 1
can 1,1,1,1,1,1,1,1,1,1,1,1,1,1,1,1,1,1,1,1,1,1,1,1,1,1,1,1,1,1,1,1,1,1,1,1,1,1,1,1,1,1,1,1,1,1,1,1,1,1,1,1,1,1,1,1,1,1,1,1,1,1,1,1,1,1,1,1,1,1,1,1,1,1,1,1,1,1,1,1,1,1,1,1,1,1,1,1,1,1,1,1,1,1,1,1,1,1,1,1,1,1,1,1,1,1,1,1,1,1,1,1,1,1,1,1,1,1,1,1,1,1,1,1,1,1,1,1,1,1,1,1,1,1,1,1,1,1,1,1,1,1,1,1,1,1,1,1,1,1,1,1,1,1,1,1,1,1,1,1,1,1,1,1,1,1,1,1,1,1,1,1,1,1,1,1,1,1,1,1,1,1,1,1,1,1,1,1,1,1,1,1,1,1,1,1,1,1,1,1,1,1,1,1,1,1,1,1,1,1,1,1,1,1,1,1,1,1,1,1,1,1,1,1,1,1,1,1,1,1,1,1,1,1,1,1
floating 1,1,1,1,1,1,1,1,1,1,1
hain 1,1,1,1,1,1,1,1,1,1,1,1,1,1,1,1,1,1,1,1,1,1,1,1,1,1,1,1,1,1,1,1,1,1,1,1,1,1,1,1,1,1,1,1,1,1,1,1,1,1,1,1,1,1,1,1,1,1,1,1,1,1,1,1,1,1,1,1
