pick 1,1,1,1,1,1,1,1,1,1
gloomy 1,1,1,1
_always_ 1
5 1,1,1
I 1,1,1,1,1,1,1,1,1,1,1,1,1,1,1,1,1,1,1,1,1,1,1,1,1,1,1,1,1,1,1,1,1,1,1,1,1,1,1,1,1,1,1,1,1,1,1,1,1,1,1,1,1,1,1,1,1,1,1,1,1,1,1,1,1,1,1,1,1,1,1,1,1,1,1,1,1,1,1,1,1,1,1,1,1,1,1,1,1,1,1,1,1,1,1,1,1,1,1,1,1,1,1,1,1,1,1,1,1,1,1,1,1,1,1,1,1,1,1,1,1,1,1,1,1,1,1,1,1,1,1,1,1,1,1,1,1,1,1,1,1,1,1,1,1,1,1,1,1,1,1,1,1,1,1,1,1,1,1,1,1,1,1,1,1,1,1,1,1,1,1,1,1,1,1,1,1,1,1,1,1,1,1,1,1,1,1,1,1,1,1,1,1,1,1,1,1,1,1,1,1,1,1,1,1,1,1,1,1,1,1,1,1,1,1,1,1,1,1,1,1,1,1,1,1,1,1,1,1,1,1,1,1,1,1,1,1,1,1,1,1,1,1,1,1,1,1,1,1,1,1,1,1,1,1,1,1,1,1,1,1,1,1,1,1,1,1,1,1,1,1,1,1,1,1,1,1,1,1,1,1,1,1,1,1,1,1,1,1,1,1,1,1,1,1,1,1,1,1,1,1,1,1,1,1,1,1,1,1,1,1,1,1,1,1,1,1,1,1,1,1,1,1,1,1,1,1,1,1,1,1,1,1,1,1,1,1,1,1,1,1,1,1,1,1,1,1,1,1,1,1,1,1,1,1,1,1,1,1,1,1,1,1,1,1,1,1,1,1,1,1,1,1,1,1,1,1,1,1,1,1,1,1,1,1,1,1,1,1,1,1,1,1,1,1,1,1,1,1,1,1,1,1,1,1,1,1,1,1,1,1,1,1,1,1,1,1,1,1,1,1,1,1,1,1,1,1,1,1,1,1,1,1,1,1,1,1,1,1,1,1,1,1,1,1,1,1,1,1,1,1,1,1,1,1,1,1,1,1,1,1,1,1,1,1,1,1,1,1,1,1,1,1,1,1,1,1,1,1,1,1,1,1,1,1,1,1,1,1,1,1,1,1,1,1,1,1,1,1,1,1,1,1,1,1,1,1,1,1,1,1,1,1,1,1,1,1,1,1,1,1,1,1,1,1,1,1,1,1,1,1,1,1,1,1,1,1,1,1,1,1,1,1,1,1,1,1,1,1,1,1,1,1,1,1,1,1,1,1,1,1,1,1,1,1,1,1,1,1,1,1,1,1,1,1,1,1,1,1,1,1,1,1,1,1,1,1,1,1,1,1,1,1,1,1,1,1,1,1,1,1,1,1,1,1,1,1,1,1,1,1,1,1,1,1,1,1,1,1,1,1,1,1,1,1,1,1,1,1,1,1,1,1,1,1,1,1,1,1,1,1,1,1,1,1,1,1,1,1,1,1,1,1,1,1,1,1,1,1,1,1,1,1,1,1,1,1,1,1,1,1,1,1,1,1,1,1,1,1,1,1,1,1,1,1,1,1,1,1,1,1,1,1,1,1,1,1,1,1,1,1,1,1,1,1,1,1,1,1,1,1,1,1,1,1,1,1,1,1,1,1,1,1,1,1,1,1,1,1,1,1,1,1,1,1,1,1,1,1,1,1,1,1,1,1,1,1,1,1,1,1,1,1,1,1,1,1,1,1,1,1,1,1,1,1,1,1,1,1,1,1,1,1,1,1,1,1,1,1,1,1,1,1,1,1,1,1,1,1,1,1,1,1,1,1,1,1,1,1,1,1,1,1,1,1,1,1,1,1,1,1,1,1,1,1,1,1,1,1,1,1,1,1,1,1,1,1,1,1,1,1,1,1,1,1,1,1,1,1,1,1,1,1,1,1,1,1,1,1,1,1,1,1,1,1,1,1,1,1,1,1,1,1,1,1,1,1,1,1,1,1,1,1,1,1,1,1,1,1,1,1,1,1,1,1,1,1,1,1,1,1,1,1,1,1,1,1,1,1,1,1,1,1,1,1,1,1,1,1,1,1,1,1,1,1,1,1,1,1,1,1,1,1,1,1,1,1,1,1,1,1,1,1,1,1,1,1,1,1,1,1,1,1,1,1,1,1,1,1,1,1,1,1,1,1,1,1,1,1,1,1,1,1,1,1,1,1,1,1,1,1,1,1,1,1,1,1,1,1,1,1,1,1,1,1,1,1,1,1,1,1,1,1,1,1,1,1,1,1,1,1,1,1,1,1,1,1,1,1,1,1,1,1,1,1
S 1,1,1,1,1,1,1,1,1,1,1,1,1
ordered 1,1,1
rattles 1
Red 1,1,1,1,1,1,1
shingles 1
tip 1
STRICT 1
block 1,1
illustrated 1
dumps 1,1
tortured 1,1,1
quack 1,1,1
drooped 1,1
clammy 1
daubed 1
tiptoeing 1,1
fairies 1
beautiful 1,1,1,1,1,1,1,1
palsy 1
Comes 1
probably 1,1,1,1
Vanilla 1,1
weighed 1,1
battery 1
Brings 1
reported 1
shout 1,1,1,1,1
ankle 1
ingredient 1
occurred 1,1,1,1,1,1,1,1,1,1,1,1,1,1,1,1,1
XVIII 1,1
glare 1,1,1
punishing 1
adorned 1,1,1
stare 1,1,1,1
discordant 1
wrung 1
confessing 1
Poetry 1
INCIDENTAL 1
wretch 1
recounted 1
walled 1
tell 1,1,1,1,1,1,1,1,1,1,1,1,1,1,1,1,1,1,1,1,1,1,1,1,1,1,1,1,1,1,1,1,1,1,1,1,1,1,1,1,1,1,1,1,1,1,1,1,1,1,1,1,1,1,1,1,1,1,1,1,1,1,1,1,1,1,1,1,1,1,1,1,1,1,1,1,1,1,1,1,1,1,1,1,1,1,1,1,1,1,1,1,1,1
lauded 1
sobbed 1,1,1
tent 1,1,1
tones 1
carefully 1,1,1,1
drowsing 1,1,1
whipped 1,1,1,1,1,1
taught 1,1
paraded 1
stray 1,1
deserving 1
nerveless 1,1
bred 1
company 1,1,1,1,1,1,1,1,1,1,1,1,1,1,1,1,1,1,1
crazed 1
partic 1
showing 1,1,1,1,1,1
newsletter 1
stalk 1
text 1,1
interval 1
bags 1,1
scattered 1,1,1,1
discreet 1
use 1,1,1,1,1,1,1,1,1,1,1,1,1,1,1,1,1,1,1,1,1,1,1,1,1,1,1,1,1
inspections 1
broom 1
picking 1
stain 1
bald 1,1
cups 1
happier 1,1,1
oppressed 1,1,1
benefit 1
Land 1,1,1
belittled 1
dropping 1,1
invited 1
needed 1,1
lord 1
twig 1,1
Every 1,1,1,1,1,1,1,1,1,1,1,1,1,1,1,1
worm 1,1,1
juveniles 1,1
threshold 1,1
grave 1,1,1,1,1,1,1,1,1,1,1,1,1,1,1,1
Groan 1,1
slightest 1,1
year 1,1,1,1,1,1,1,1,1
awful 1,1,1,1,1,1,1,1,1,1,1,1,1,1,1,1,1,1,1,1,1,1,1,1,1,1,1,1,1,1,1,1,1,1,1,1,1,1,1,1
resignation 1
evidence 1,1,1,1
traditions 1
special 1,1
kicks 1
called 1,1,1,1,1,1,1,1,1,1,1,1,1,1,1,1,1
IF 1
He 1,1,1,1,1,1,1,1,1,1,1,1,1,1,1,1,1,1,1,1,1,1,1,1,1,1,1,1,1,1,1,1,1,1,1,1,1,1,1,1,1,1,1,1,1,1,1,1,1,1,1,1,1,1,1,1,1,1,1,1,1,1,1,1,1,1,1,1,1,1,1,1,1,1,1,1,1,1,1,1,1,1,1,1,1,1,1,1,1,1,1,1,1,1,1,1,1,1,1,1,1,1,1,1,1,1,1,1,1,1,1,1,1,1,1,1,1,1,1,1,1,1,1,1,1,1,1,1,1,1,1,1,1,1,1,1,1,1,1,1,1,1,1,1,1,1,1,1,1,1,1,1,1,1,1,1,1,1,1,1,1,1,1,1,1,1,1,1,1,1,1,1,1,1,1,1,1,1,1,1,1,1,1,1,1,1,1,1,1,1,1,1,1,1,1,1,1,1,1,1,1,1,1,1,1,1,1,1,1,1,1,1,1,1,1,1,1,1,1,1,1,1,1,1,1,1,1,1,1,1,1,1,1,1,1,1,1,1,1,1,1,1,1,1,1,1,1,1,1,1,1,1,1,1,1,1,1,1,1,1,1,1,1,1,1,1,1,1,1,1,1,1,1,1,1,1,1,1,1,1,1,1,1,1,1,1,1,1,1,1,1,1,1,1,1,1,1,1,1,1,1,1,1,1,1,1,1,1,1,1,1,1,1,1,1,1,1,1,1,1,1,1,1,1,1
Bundles 1
Hy 1
graven 1
In 1,1,1,1,1,1,1,1,1,1,1,1,1,1,1,1,1,1,1,1,1,1,1,1,1,1,1,1,1,1,1,1,1,1,1,1,1,1,1,1,1
Gutenberg 1,1,1,1,1,1,1,1,1,1,1,1,1,1,1,1,1,1,1,1,1,1,1,1,1,1,1,1,1,1,1,1,1,1,1,1,1,1,1,1,1,1,1,1,1,1,1,1,1,1,1,1,1,1,1,1,1,1,1,1,1,1,1,1,1,1,1,1,1,1,1,1,1,1,1,1,1,1,1,1,1,1,1
browed 1
strongest 1
finery 1
infatuated 1
spied 1,1,1
Showing 1,1
Oh 1,1,1,1,1,1,1,1,1,1,1,1,1,1,1,1,1,1,1,1,1,1,1,1,1,1,1,1,1,1,1,1,1,1,1,1,1,1,1,1,1,1,1,1,1,1,1,1,1,1,1,1,1,1,1,1,1,1,1,1,1,1,1,1,1,1,1,1,1,1,1,1,1,1,1,1,1,1,1,1,1,1,1,1,1,1,1,1,1,1,1,1,1,1,1,1,1,1,1,1,1,1,1,1,1,1,1,1,1,1,1,1,1,1,1,1
Or 1
_He_ 1
expectoration 1
eye 1,1,1,1,1,1,1,1,1,1,1,1,1,1,1,1,1,1,1,1,1,1,1,1,1,1,1,1,1
wanted 1,1,1,1,1,1,1,1,1,1,1,1,1,1,1,1,1,1,1,1,1,1,1,1,1
another 1,1,1,1,1,1,1,1,1,1,1,1,1,1,1,1,1,1,1,1,1,1,1,1,1,1,1,1,1,1,1,1,1,1,1,1,1,1,1,1,1,1,1,1,1,1,1,1,1,1,1,1,1,1,1
Re 1
backbone 1
triumph 1,1,1
TO 1,1,1
lickrish 1
wringing 1
conclusion 1
doubtless 1,1
derived 1
swooned 1
fought 1,1
far 1,1,1,1,1,1,1,1,1,1,1,1,1,1,1,1,1,1,1,1,1,1,1,1,1,1,1,1,1,1,1,1,1,1,1,1,1,1,1,1,1,1,1,1,1,1,1
issued 1,1
Uncle 1,1,1
Arrived 1
suit 1,1,1
circumference 1
festivity 1
section 1
topic 1,1
Fall 1
gals 1
recommended 1
Storm 1,1
fond 1,1
fit 1
ablaze 1
barrow 1
gang 1,1,1,1,1,1,1,1
haunted 1,1,1,1,1,1
at 1,1,1,1,1,1,1,1,1,1,1,1,1,1,1,1,1,1,1,1,1,1,1,1,1,1,1,1,1,1,1,1,1,1,1,1,1,1,1,1,1,1,1,1,1,1,1,1,1,1,1,1,1,1,1,1,1,1,1,1,1,1,1,1,1,1,1,1,1,1,1,1,1,1,1,1,1,1,1,1,1,1,1,1,1,1,1,1,1,1,1,1,1,1,1,1,1,1,1,1,1,1,1,1,1,1,1,1,1,1,1,1,1,1,1,1,1,1,1,1,1,1,1,1,1,1,1,1,1,1,1,1,1,1,1,1,1,1,1,1,1,1,1,1,1,1,1,1,1,1,1,1,1,1,1,1,1,1,1,1,1,1,1,1,1,1,1,1,1,1,1,1,1,1,1,1,1,1,1,1,1,1,1,1,1,1,1,1,1,1,1,1,1,1,1,1,1,1,1,1,1,1,1,1,1,1,1,1,1,1,1,1,1,1,1,1,1,1,1,1,1,1,1,1,1,1,1,1,1,1,1,1,1,1,1,1,1,1,1,1,1,1,1,1,1,1,1,1,1,1,1,1,1,1,1,1,1,1,1,1,1,1,1,1,1,1,1,1,1,1,1,1,1,1,1,1,1,1,1,1,1,1,1,1,1,1,1,1,1,1,1,1,1,1,1,1,1,1,1,1,1,1,1,1,1,1,1,1,1,1,1,1,1,1,1,1,1,1,1,1,1,1,1,1,1,1,1,1,1,1,1,1,1,1,1,1,1,1,1,1,1,1,1,1,1,1
accusing 1
sudden 1,1,1,1,1,1,1
Did 1,1,1,1,1,1,1,1,1,1,1,1,1
tombstone 1
ch 1,1
familiar 1,1,1,1,1,1
observers 1
gape 1
needy 1
elms 1,1
Miller 1,1,1,1,1,1,1,1,1
stared 1,1,1,1,1,1,1,1,1,1,1,1
tears 1,1,1,1,1,1,1,1,1,1,1,1,1,1,1,1,1,1
fox 1
smouldering 1
Professor 1,1
lapsed 1,1
ADVENTURES 1
intricate 1
troublesome 1,1
ls 1
that 1,1,1,1,1,1,1,1,1,1,1,1,1,1,1,1,1,1,1,1,1,1,1,1,1,1,1,1,1,1,1,1,1,1,1,1,1,1,1,1,1,1,1,1,1,1,1,1,1,1,1,1,1,1,1,1,1,1,1,1,1,1,1,1,1,1,1,1,1,1,1,1,1,1,1,1,1,1,1,1,1,1,1,1,1,1,1,1,1,1,1,1,1,1,1,1,1,1,1,1,1,1,1,1,1,1,1,1,1,1,1,1,1,1,1,1,1,1,1,1,1,1,1,1,1,1,1,1,1,1,1,1,1,1,1,1,1,1,1,1,1,1,1,1,1,1,1,1,1,1,1,1,1,1,1,1,1,1,1,1,1,1,1,1,1,1,1,1,1,1,1,1,1,1,1,1,1,1,1,1,1,1,1,1,1,1,1,1,1,1,1,1,1,1,1,1,1,1,1,1,1,1,1,1,1,1,1,1,1,1,1,1,1,1,1,1,1,1,1,1,1,1,1,1,1,1,1,1,1,1,1,1,1,1,1,1,1,1,1,1,1,1,1,1,1,1,1,1,1,1,1,1,1,1,1,1,1,1,1,1,1,1,1,1,1,1,1,1,1,1,1,1,1,1,1,1,1,1,1,1,1,1,1,1,1,1,1,1,1,1,1,1,1,1,1,1,1,1,1,1,1,1,1,1,1,1,1,1,1,1,1,1,1,1,1,1,1,1,1,1,1,1,1,1,1,1,1,1,1,1,1,1,1,1,1,1,1,1,1,1,1,1,1,1,1,1,1,1,1,1,1,1,1,1,1,1,1,1,1,1,1,1,1,1,1,1,1,1,1,1,1,1,1,1,1,1,1,1,1,1,1,1,1,1,1,1,1,1,1,1,1,1,1,1,1,1,1,1,1,1,1,1,1,1,1,1,1,1,1,1,1,1,1,1,1,1,1,1,1,1,1,1,1,1,1,1,1,1,1,1,1,1,1,1,1,1,1,1,1,1,1,1,1,1,1,1,1,1,1,1,1,1,1,1,1,1,1,1,1,1,1,1,1,1,1,1,1,1,1,1,1,1,1,1,1,1,1,1,1,1,1,1,1,1,1,1,1,1,1,1,1,1,1,1,1,1,1,1,1,1,1,1,1,1,1,1,1,1,1,1,1,1,1,1,1,1,1,1,1,1,1,1,1,1,1,1,1,1,1,1,1,1,1,1,1,1,1,1,1,1,1,1,1,1,1,1,1,1,1,1,1,1,1,1,1,1,1,1,1,1,1,1,1,1,1,1,1,1,1,1,1,1,1,1,1,1,1,1,1,1,1,1,1,1,1,1,1,1,1,1,1,1,1,1,1,1,1,1,1,1,1,1,1,1,1,1,1,1,1,1,1,1,1,1,1,1,1,1,1,1,1,1,1,1,1,1,1,1,1,1,1,1,1,1,1,1,1,1,1,1,1,1,1,1,1,1,1,1,1,1,1,1,1,1,1,1,1,1,1,1,1,1,1,1,1,1,1,1,1,1,1,1,1,1,1,1,1,1,1,1,1,1,1,1,1,1,1,1,1,1,1,1,1,1,1,1,1,1,1,1,1,1,1,1,1,1,1,1,1,1,1,1,1,1,1,1,1,1,1,1,1,1,1,1,1,1,1,1,1,1,1,1,1,1,1,1,1,1,1,1,1,1,1,1,1,1,1,1,1,1,1,1,1,1,1,1,1,1,1,1,1,1,1,1,1,1,1,1,1,1,1,1,1,1,1,1,1,1,1,1,1,1,1,1,1,1,1,1,1,1,1,1,1,1,1,1,1,1,1,1,1,1,1,1,1,1,1,1,1,1,1,1,1,1,1,1,1,1,1,1,1,1,1,1,1,1,1,1,1,1,1,1,1,1,1,1,1,1,1,1,1,1,1,1,1,1,1,1,1,1,1,1,1,1,1,1,1,1,1,1,1,1,1,1,1,1,1,1,1,1,1,1,1,1,1,1,1,1,1,1,1,1,1,1,1,1,1,1,1,1,1,1,1,1,1,1,1,1,1,1,1,1,1,1,1,1,1,1,1,1,1,1,1,1,1,1,1,1,1,1,1,1,1,1,1,1,1,1,1,1,1,1,1,1,1,1,1,1,1,1,1,1,1,1,1,1,1,1,1,1,1,1,1,1,1,1,1,1,1,1,1,1,1,1,1,1,1,1,1,1,1,1,1
limit 1
roughest 1
gaze 1,1,1,1
kissed 1,1,1,1,1,1,1
of 1,1,1,1,1,1,1,1,1,1,1,1,1,1,1,1,1,1,1,1,1,1,1,1,1,1,1,1,1,1,1,1,1,1,1,1,1,1,1,1,1,1,1,1,1,1,1,1,1,1,1,1,1,1,1,1,1,1,1,1,1,1,1,1,1,1,1,1,1,1,1,1,1,1,1,1,1,1,1,1,1,1,1,1,1,1,1,1,1,1,1,1,1,1,1,1,1,1,1,1,1,1,1,1,1,1,1,1,1,1,1,1,1,1,1,1,1,1,1,1,1,1,1,1,1,1,1,1,1,1,1,1,1,1,1,1,1,1,1,1,1,1,1,1,1,1,1,1,1,1,1,1,1,1,1,1,1,1,1,1,1,1,1,1,1,1,1,1,1,1,1,1,1,1,1,1,1,1,1,1,1,1,1,1,1,1,1,1,1,1,1,1,1,1,1,1,1,1,1,1,1,1,1,1,1,1,1,1,1,1,1,1,1,1,1,1,1,1,1,1,1,1,1,1,1,1,1,1,1,1,1,1,1,1,1,1,1,1,1,1,1,1,1,1,1,1,1,1,1,1,1,1,1,1,1,1,1,1,1,1,1,1,1,1,1,1,1,1,1,1,1,1,1,1,1,1,1,1,1,1,1,1,1,1,1,1,1,1,1,1,1,1,1,1,1,1,1,1,1,1,1,1,1,1,1,1,1,1,1,1,1,1,1,1,1,1,1,1,1,1,1,1,1,1,1,1,1,1,1,1,1,1,1,1,1,1,1,1,1,1,1,1,1,1,1,1,1,1,1,1,1,1,1,1,1,1,1,1,1,1,1,1,1,1,1,1,1,1,1,1,1,1,1,1,1,1,1,1,1,1,1,1,1,1,1,1,1,1,1,1,1,1,1,1,1,1,1,1,1,1,1,1,1,1,1,1,1,1,1,1,1,1,1,1,1,1,1,1,1,1,1,1,1,1,1,1,1,1,1,1,1,1,1,1,1,1,1,1,1,1,1,1,1,1,1,1,1,1,1,1,1,1,1,1,1,1,1,1,1,1,1,1,1,1,1,1,1,1,1,1,1,1,1,1,1,1,1,1,1,1,1,1,1,1,1,1,1,1,1,1,1,1,1,1,1,1,1,1,1,1,1,1,1,1,1,1,1,1,1,1,1,1,1,1,1,1,1,1,1,1,1,1,1,1,1,1,1,1,1,1,1,1,1,1,1,1,1,1,1,1,1,1,1,1,1,1,1,1,1,1,1,1,1,1,1,1,1,1,1,1,1,1,1,1,1,1,1,1,1,1,1,1,1,1,1,1,1,1,1,1,1,1,1,1,1,1,1,1,1,1,1,1,1,1,1,1,1,1,1,1,1,1,1,1,1,1,1,1,1,1,1,1,1,1,1,1,1,1,1,1,1,1,1,1,1,1,1,1,1,1,1,1,1,1,1,1,1,1,1,1,1,1,1,1,1,1,1,1,1,1,1,1,1,1,1,1,1,1,1,1,1,1,1,1,1,1,1,1,1,1,1,1,1,1,1,1,1,1,1,1,1,1,1,1,1,1,1,1,1,1,1,1,1,1,1,1,1,1,1,1,1,1,1,1,1,1,1,1,1,1,1,1,1,1,1,1,1,1,1,1,1,1,1,1,1,1,1,1,1,1,1,1,1,1,1,1,1,1,1,1,1,1,1,1,1,1,1,1,1,1,1,1,1,1,1,1,1,1,1,1,1,1,1,1,1,1,1,1,1,1,1,1,1,1,1,1,1,1,1,1,1,1,1,1,1,1,1,1,1,1,1,1,1,1,1,1,1,1,1,1,1,1,1,1,1,1,1,1,1,1,1,1,1,1,1,1,1,1,1,1,1,1,1,1,1,1,1,1,1,1,1,1,1,1,1,1,1,1,1,1,1,1,1,1,1,1,1,1,1,1,1,1,1,1,1,1,1,1,1,1,1,1,1,1,1,1,1,1,1,1,1,1,1,1,1,1,1,1,1,1,1,1,1,1,1,1,1,1,1,1,1,1,1,1,1,1,1,1,1,1,1,1,1,1,1,1,1,1,1,1,1,1,1,1,1,1,1,1,1,1,1,1,1,1,1,1,1,1,1,1,1,1,1,1,1,1,1,1,1,1,1,1,1,1,1,1,1,1,1,1,1,1,1,1,1,1,1,1,1,1,1,1,1,1,1,1,1,1,1,1,1,1,1,1,1,1,1,1,1,1,1,1,1,1,1,1,1,1,1,1,1,1,1,1,1,1,1,1,1,1,1,1,1,1,1,1,1,1,1,1,1,1,1,1,1,1,1,1,1,1,1,1,1,1,1,1,1,1,1,1,1,1,1,1,1,1,1,1,1,1,1,1,1,1,1,1,1,1,1,1,1,1,1,1,1,1,1,1,1,1,1,1,1,1,1,1,1,1,1,1,1,1,1,1,1,1,1,1,1,1,1,1,1,1,1,1,1,1,1,1,1,1,1,1,1,1,1,1,1,1,1,1,1,1,1,1,1,1,1,1,1,1,1,1,1,1,1,1,1,1,1,1,1,1,1,1,1,1,1,1,1,1,1,1,1,1,1,1,1,1,1,1,1,1,1,1,1,1,1,1,1,1,1,1,1,1,1,1,1,1,1,1,1,1,1,1,1,1,1,1,1,1,1,1,1,1,1,1,1,1,1,1,1,1,1,1,1,1,1,1,1,1,1,1,1,1,1,1,1,1,1,1,1,1,1,1,1,1,1,1,1,1,1,1,1,1,1,1,1,1,1,1,1,1,1,1,1,1,1,1,1,1,1,1,1,1,1,1,1,1,1,1,1,1,1,1,1,1,1,1,1,1,1,1,1,1,1,1,1,1,1,1,1,1,1,1,1,1,1,1,1,1,1,1,1,1,1,1,1,1,1,1,1,1,1,1,1,1,1,1,1,1,1,1,1,1,1,1,1,1,1,1,1,1,1,1,1,1,1,1,1,1,1,1,1,1,1,1,1,1,1,1,1,1,1,1,1,1,1,1,1,1,1,1,1,1,1,1,1,1,1,1,1,1,1,1,1,1,1,1,1,1,1,1,1,1,1,1,1,1,1,1,1,1,1,1,1,1,1,1,1,1,1,1,1,1,1,1,1,1,1,1,1,1,1,1,1,1,1,1,1,1,1,1,1,1,1,1,1,1,1,1,1,1,1,1,1,1,1,1,1,1,1,1,1,1,1,1,1,1,1,1,1,1,1,1,1,1,1,1,1,1,1,1,1,1,1,1,1,1,1,1,1,1,1,1,1,1,1,1,1,1,1,1,1,1,1,1,1,1,1,1,1,1,1,1,1,1,1,1,1,1,1,1,1,1,1,1,1,1,1,1,1,1,1,1,1,1,1,1,1,1,1,1,1,1,1,1,1,1,1,1,1,1,1,1,1,1,1,1,1,1,1,1,1,1,1,1,1,1,1,1,1,1,1,1,1,1,1,1,1,1,1,1,1,1,1,1,1,1,1,1,1,1,1,1,1,1,1,1,1,1,1,1,1,1,1,1,1,1,1,1,1,1,1
roundabout 1,1,1,1
sports 1,1
scoured 1
expire 1
fourths 1
Section 1,1,1,1,1,1,1
Volunteers 1
PROJECT 1,1,1,1
alacrity 1,1
changes 1
choir 1,1,1
held 1,1,1,1,1,1,1,1,1,1,1,1,1,1,1,1
Internal 1
deeply 1,1,1
oaths 1,1
mingling 1
exact 1,1
south 1,1
periodic 1
gloriously 1
depth 1
Vampires 1
Company 1
sound 1,1,1,1,1,1,1,1,1,1,1,1,1,1,1,1,1,1,1,1,1,1,1,1,1,1,1
prosy 1
Horse 1
uplifted 1
depended 1
stalagmite 1,1
expenses 1,1
_course_ 1,1
smoke 1,1,1,1,1,1,1,1,1,1,1,1,1,1,1,1,1,1,1,1,1,1
washing 1,1,1,1,1
skies 1,1
yourn 1,1,1
follered 1,1
slosh 1
Anyway 1,1
foolishness 1,1,1
State 1,1,1
reasoned 1,1
Escape 1,1
People 1,1,1
channel 1,1
passengers 1,1
appearing 1
smothered 1,1,1,1
opportunities 1,1
messenger 1
inveterate 1,1
lake 1
idlers 1
rendezvous 1
abundant 1
Constantinople 1,1
Hill 1,1,1,1,1,1,1,1,1
plausibilities 1
charm 1,1,1,1,1,1,1
things 1,1,1,1,1,1,1,1,1,1,1,1,1,1,1,1,1,1,1,1,1,1,1,1,1,1,1,1,1,1,1,1,1,1,1,1,1,1,1,1,1,1,1
impossible 1
dangled 1,1
Gradually 1,1
sickness 1,1
uncombed 1
fists 1
stubborn 1,1
confirmed 1,1
valuables 1
dreampt 1
gallant 1
shouting 1
longingly 1
meat 1,1
chew 1
killer 1,1,1,1,1,1
march 1,1
questions 1,1,1
upstream 1,1
count 1,1,1
gymnastic 1
blame 1,1,1,1,1,1,1,1
carrying 1,1,1,1
chow 1,1,1
belt 1,1,1,1
scraping 1
Welshman 1,1,1,1,1,1,1,1,1,1,1,1,1,1,1,1,1,1,1,1
headed 1
shanty 1
Were 1,1,1
gunwale 1
solution 1
gemmed 1
dimly 1,1
softly 1,1,1,1,1,1,1
impressive 1,1,1
pretended 1,1,1,1
cover 1,1,1,1
massacre 1
mischeevous 1
fret 1
pieces 1,1,1
trademark/copyright 1
blushed 1,1
Full 1
awkward 1,1,1
detect 1
poem 1,1
dramatic 1,1
sandy 1,1,1
preparation 1,1
fruitless 1
Hateful 1
filing 1
heartbreak 1
boiled 1,1
Challenge 1
Dilemma 1,1
speaker 1,1
repair 1
girded 1
threaded 1,1
YOU 1,1,1,1,1,1
moused 1
ashamed 1,1,1
801 1
weeks 1,1,1,1,1,1,1,1,1,1
Diamonds 1
cowhide 1
Jackson 1,1,1,1
Melan 1
port 1,1
production 1
Transformed 1
Opportunity 1
cigars 1,1,1
White 1,1
VACATION 1
punish 1
casual 1
debris 1
frock 1,1,1
clanging 1,1
clods 1
copies 1,1,1,1,1,1,1
irresistible 1
transcendent 1
notion 1,1,1
watchman 1,1
longed 1,1
chopped 1
jet 1
screaming 1
thunderstorm 1
street 1,1,1,1,1,1,1,1,1,1,1,1
learned 1,1,1,1,1,1,1
glancing 1,1,1,1
straightway 1,1,1,1
Stopped 1
divined 1
worshipped 1
detective 1,1
phrase 1,1,1,1
sheep 1
Release 1
original 1,1,1
retchings 1
kingdom 1
flighty 1
interruption 1,1,1
front 1,1,1,1,1,1,1,1,1,1,1
rovers 1
offered 1,1,1,1,1,1,1,1,1,1,1,1
howled 1
refilled 1
North 1
searched 1,1,1,1,1,1,1,1,1,1
related 1
false 1
crowd 1,1,1,1,1,1,1,1,1,1,1
verdict 1,1
payments 1,1,1
emerged 1,1,1,1
POSSIBILITY 1
everything 1,1,1,1,1,1,1,1,1,1,1,1,1,1,1,1,1,1,1,1,1,1,1,1,1,1,1
indirectly 1
Cardiff 1,1,1,1,1,1,1,1,1
sign 1,1,1,1,1,1,1,1,1,1,1,1
mortified 1,1
Terms 1,1
Bibles 1
plays 1
Afraid 1
chattering 1,1
pulse 1,1
lighthearted 1
ledge 1
injury 1,1,1
exhibit 1
serenely 1
crippled 1,1
bustlings 1
fancies 1
surprised 1,1,1
stopped 1,1,1,1,1,1,1,1,1,1,1,1,1,1,1,1,1,1,1,1,1,1,1,1,1,1,1,1,1
appoint 1
hilt 1,1
bedpost 1,1
Goodmorning 1,1
loafs 1
sing 1,1
Amusement 1
grappled 1
nights 1,1,1,1,1,1,1
speedily 1
sight 1,1,1,1,1,1,1,1,1,1,1
joys 1
following 1,1,1,1,1,1
leak 1
prominently 1,1
accepted 1,1
outrageousness 1
person 1,1,1,1,1,1,1,1,1
ready 1,1,1,1,1,1,1,1,1,1,1,1,1,1,1,1,1,1,1,1
ferule 1,1
perspiring 1
resembled 1,1
prepare 1,1,1
tinkled 1
notably 1
size 1,1
temper 1
throb 1
notable 1
creaked 1,1,1
murmured 1
wistfully 1,1,1,1
romantic 1,1,1,1,1,1,1
distant 1,1,1,1,1,1
crazy 1,1,1
matter 1,1,1,1,1,1,1,1,1,1,1,1,1,1,1,1,1,1,1,1,1,1,1,1,1,1,1,1,1
hates 1,1
witch 1,1,1
sacks 1,1
employed 1
Learns 1
seductions 1
_that_ 1,1
polite 1,1
builded 1
Nature 1,1,1,1
pluck 1
doorsteps 1,1,1
lid 1
crossroads 1
page 1,1,1,1,1,1,1
painful 1,1
harvest 1
provide 1,1,1,1,1,1,1
Could 1,1
meant 1,1,1,1,1,1,1,1,1,1,1,1,1,1,1,1,1
performers 1
rusty 1,1,1,1,1
omniscient 1
Job 1
August 1
pard 1,1
fooled 1
Sachem 1
mile 1,1,1,1,1,1,1,1,1,1,1,1,1
mourning 1,1
bathing 1
Delectable 1
emergency 1
lookout 1,1,1
Protection 1
traversing 1
paws 1,1
Children 1
convert 1
TRADEMARK 1
impaired 1
bleeds 1
Island 1,1,1,1
goodbye 1
inflated 1
twenty 1,1,1,1,1,1,1,1,1,1,1,1,1,1
twitching 1
terrible 1,1,1
heedless 1
pressure 1,1
lodge 1
hesitatingly 1,1,1
moderate 1
height 1
beaten 1
received 1,1,1,1,1,1,1,1,1,1,1,1
Military 1
middle 1,1,1,1,1,1,1,1,1,1,1,1,1,1,1,1
Snug 1
appear 1,1,1,1
descended 1,1,1,1
gazed 1,1,1,1,1
allow 1,1,1,1
berth 1
Neither 1,1
lodged 1
attic 1
claimed 1
whole 1,1,1,1,1,1,1,1,1,1,1,1,1,1,1,1,1,1,1,1,1,1,1,1,1,1,1,1,1,1,1,1,1,1,1,1,1
admirers 1
speckled 1
knowing 1,1,1,1,1,1,1
pewter 1
_David 1
expecting 1,1,1,1,1,1
failed 1,1,1,1,1,1,1,1
talks 1,1
deductible 1
desperate 1,1,1,1
returns 1
damps 1
certified 1
toes 1,1,1
catbird 1
chimney 1,1
Home 1,1,1
slew 1
toll 1
darkness 1,1,1,1,1,1,1,1,1
Graveyard 1
against 1,1,1,1,1,1,1,1,1,1,1,1,1,1,1,1,1,1,1,1,1,1,1,1
bushel 1
stalactites 1,1
sombrero 1
Settled 1
stepped 1,1,1,1,1,1,1,1,1,1,1,1,1,1,1,1
Hoss 1,1,1
Let 1,1,1,1,1,1,1,1,1,1,1,1,1,1,1
dining 1
languidly 1
slow 1,1,1,1,1,1,1,1,1,1,1,1,1
knitted 1
persuade 1
understood 1,1,1
houses 1,1,1,1
afflicting 1
aloud 1
color 1
string 1,1,1,1,1
indigestion 1
simplicity 1
faintly 1,1,1
toys 1
glorying 1
Reward 1
butterflies 1
withheld 1
depends 1
reposeful 1
used 1,1,1,1,1,1,1,1,1,1,1,1,1,1,1,1,1
constantly 1,1
earned 1
handsprings 1
wagged 1,1
breach 1
peach 1
_stray_ 1
whom 1,1,1
niggers 1
frame 1,1
teachers 1,1,1,1,1
cheapened 1
Pirate 1,1,1
pinched 1
dispatched 1
lower 1,1,1,1
acted 1,1,1,1
eventually 1,1
compensate 1
XXXIV 1,1
outcast 1,1,1
cobs 1
Updated 1
puff 1
coat 1,1
hateful 1,1,1,1
athwart 1
brick 1,1,1,1,1,1
sympathy 1,1,1,1,1
determine 1,1
remarks 1,1,1,1,1
moped 1,1
breaking 1
settled 1,1,1,1,1,1
twelve 1,1,1,1,1,1,1,1
thimblefuls 1
assist 1,1
smoked 1,1,1
shimmering 1
support 1,1,1,1,1
Investigated 1
ruffian 1
superior 1
torment 1,1,1,1
Mph 1
practise 1,1
leather 1,1,1
More 1,1,1,1
Mother 1,1
copy 1,1,1,1,1,1,1,1,1,1,1,1
pityingly 1
King 1
sunny 1
Cave 1,1,1,1,1,1,1
moonlight 1
wily 1
compliance 1,1,1,1
your 1,1,1,1,1,1,1,1,1,1,1,1,1,1,1,1,1,1,1,1,1,1,1,1,1,1,1,1,1,1,1,1,1,1,1,1,1,1,1,1,1,1,1,1,1,1,1,1,1,1,1,1,1,1,1,1,1,1,1,1,1,1,1,1,1,1,1,1,1,1,1,1,1,1,1,1,1,1,1,1,1,1,1,1,1,1,1
framed 1
pores 1
devices 1
plausible 1,1
Boys 1,1
equator 1
sharper 1
plausibly 1
days 1,1,1,1,1,1,1,1,1,1,1,1,1,1,1,1,1,1,1,1,1,1,1,1,1,1,1,1,1,1,1,1,1
disguise 1
wish 1,1,1,1,1,1,1,1,1,1,1,1,1,1,1,1,1,1,1,1,1,1,1,1,1,1,1,1,1
monarchs 1
Filial 1
claims 1
folks 1,1
divided 1,1,1
treasure 1,1,1,1,1,1,1,1,1,1,1,1,1,1,1,1,1,1,1,1,1,1,1,1
4557 1
hopeless 1,1,1,1
moiety 1
pen 1
ceased 1,1,1,1,1,1,1,1,1,1,1
period 1
confirmation 1
imagining 1
Haunted 1,1
snapped 1
vanquish 1
clandestinely 1
Resurrection 1
fantastic 1
puffing 1
neatly 1,1
Would 1,1,1,1
pon 1,1
excuse 1,1
latest 1,1,1
banishment 1
flattered 1
rusted 1
Nor 1
Dern 1,1
Satan 1,1
Leastways 1
Special 1
revengeful 1,1
artist 1,1,1
smeared 1,1
Safe 1
wondering 1,1,1,1,1,1
vindictive 1,1
whither 1
damper 1
request 1,1,1
_Sid 1
frighten 1
soda 1
neither 1,1,1,1,1,1,1,1
hogs 1,1
brushed 1,1,1,1
hunting 1,1,1,1
population 1
Mississippi 1,1,1
robbery 1,1
hold 1,1,1,1,1,1,1,1,1,1,1,1,1,1,1
Rome 1
insincerity 1
Room 1,1,1,1
tame 1
material 1,1,1,1,1
Good 1,1,1,1,1,1,1,1,1,1,1,1
hook 1,1
unpleasant 1
painted 1
Complete 1,1,1
Off 1,1,1
confused 1,1
backward 1,1,1
selected 1
fill 1,1
valley 1,1,1,1
troubled 1,1,1,1,1,1,1
poodle 1,1,1
whizzed 1
fence 1,1,1,1,1,1,1,1,1,1,1,1,1,1,1,1,1,1,1,1,1,1,1
Pyramids 1
trample 1
funeral 1,1,1,1,1,1,1,1,1
processing 1
knocked 1,1
accordance 1,1
admirable 1,1
begging 1
swept 1,1,1,1,1,1,1,1
_all_ 1,1
answered 1,1,1,1,1,1,1,1,1
slumbers 1
swelling 1
broadcast 1
distress 1,1,1,1,1,1,1,1,1,1
donations 1,1,1,1,1,1,1,1,1,1,1,1
moreover 1
hopes 1,1,1,1,1,1,1,1
cannot 1,1,1,1,1,1,1,1
lawyers 1
struggled 1,1,1,1
spree 1
artlessly 1
invariably 1
jealous 1
moments 1,1,1,1
array 1
track 1,1,1,1,1,1
DIRECT 1
resources 1
gingerly 1,1
rap 1
gaped 1
hurried 1,1,1,1,1,1
endure 1,1,1
blamed 1,1,1,1
practised 1,1
agues 1
tourists 1,1
biographical 1
exchange 1,1,1
scamper 1
embrace 1
irritation 1,1
effusive 1
incantations 1,1
Minister 1
Longings 1
phrenological 1
exultation 1,1,1
all 1,1,1,1,1,1,1,1,1,1,1,1,1,1,1,1,1,1,1,1,1,1,1,1,1,1,1,1,1,1,1,1,1,1,1,1,1,1,1,1,1,1,1,1,1,1,1,1,1,1,1,1,1,1,1,1,1,1,1,1,1,1,1,1,1,1,1,1,1,1,1,1,1,1,1,1,1,1,1,1,1,1,1,1,1,1,1,1,1,1,1,1,1,1,1,1,1,1,1,1,1,1,1,1,1,1,1,1,1,1,1,1,1,1,1,1,1,1,1,1,1,1,1,1,1,1,1,1,1,1,1,1,1,1,1,1,1,1,1,1,1,1,1,1,1,1,1,1,1,1,1,1,1,1,1,1,1,1,1,1,1,1,1,1,1,1,1,1,1,1,1,1,1,1,1,1,1,1,1,1,1,1,1,1,1,1,1,1,1,1,1,1,1,1,1,1,1,1,1,1,1,1,1,1,1,1,1,1,1,1,1,1,1,1,1,1,1,1,1,1,1,1,1,1,1,1,1,1,1,1,1,1,1,1,1,1,1,1,1,1,1,1,1,1,1,1,1,1,1,1,1,1,1,1,1,1,1,1,1,1,1,1,1,1,1,1,1,1,1,1,1,1,1,1,1,1,1,1,1,1,1,1,1,1,1,1,1,1,1,1,1,1,1,1,1,1,1,1,1,1,1,1,1,1
rob 1,1,1
ant 1
perched 1
petitioner 1
suggested 1,1
dull 1,1,1,1,1
anywhere 1,1,1,1,1,1,1,1,1,1
recoated 1
shabby 1,1
whithersoever 1
Certainly 1,1,1
pockets 1
patience 1
vice 1
curls 1,1,1,1,1
calm 1,1
Treaty 1
Music 1
strength 1,1,1,1,1
view 1,1,1,1
neighbors 1,1
Jealous 1
truck 1
Mars 1,1,1,1
abounding 1
introduce 1
Put 1
discourse 1,1
blazing 1
usage 1
transmitted 1
Bath 1
matches 1,1,1
loitering 1
fireplace 1,1
born 1
Happened 1
Compositions 1
choking 1
labors 1
prance 1
mentioned 1
say 1,1,1,1,1,1,1,1,1,1,1,1,1,1,1,1,1,1,1,1,1,1,1,1,1,1,1,1,1,1,1,1,1,1,1,1,1,1,1,1,1,1,1,1,1,1,1,1,1,1,1,1,1,1,1,1,1,1,1,1,1,1,1,1,1,1,1,1,1,1,1,1,1,1,1,1
educated 1
Mufferson 1
violates 1
sea 1,1
joined 1,1,1,1,1,1,1,1,1
eyed 1,1,1,1,1,1,1,1
deposited 1
shunned 1
teasing 1
roasting 1
resumed 1,1,1,1,1,1
supervision 1
tugging 1,1
bid 1
astonish 1
sky 1,1
large 1,1,1,1,1,1,1,1,1
smoothed 1
Girls 1
betraying 1
sperrit 1,1
squirm 1
stands 1,1,1,1
permanently 1
tense 1
upstairs 1,1,1
_Did_ 1
wheel 1
XXXIII 1,1
stood 1,1,1,1,1,1,1,1,1,1,1,1,1,1,1,1,1,1,1,1,1,1,1,1,1,1,1,1,1,1,1,1,1,1,1,1,1,1,1,1,1,1,1,1,1,1,1,1,1,1,1,1
Saturday 1,1,1,1,1,1,1,1,1,1,1,1,1
_sing_ 1
plunged 1,1,1,1
daytime 1,1,1,1,1,1
Such 1
Listen 1,1,1
plainly 1,1
offensive 1
slipper 1
pairs 1
desk 1,1,1,1,1,1,1,1
whisperings 1,1,1,1
idea 1,1,1,1,1,1,1,1,1,1,1,1,1,1,1,1,1
adults 1,1
Knife 1
News 1
stone 1,1,1,1,1,1,1
stony 1,1,1
WORK 1
flat 1,1,1
digging 1,1,1,1
cease 1
hopeful 1
growing 1,1,1,1
unutterably 1
conspicuous 1,1,1,1,1
tan 1
tax 1,1,1,1,1,1
ranks 1,1
herself 1,1,1,1,1,1,1,1,1,1,1,1,1,1,1,1,1,1,1,1,1
_say_ 1,1
Didn 1,1,1,1,1,1
balmy 1
response 1,1,1,1
