Twenty 1
counters 1,1
7 1,1,1,1
drums 1
A 1,1,1,1,1,1,1,1,1,1,1,1,1,1,1,1,1,1,1,1,1,1,1,1,1,1,1,1,1,1,1,1,1,1,1,1,1,1,1,1,1,1,1,1,1,1,1,1,1,1,1,1,1,1,1,1,1,1,1,1,1,1,1,1,1,1,1,1,1,1,1,1,1,1,1,1,1,1,1,1,1,1,1,1,1,1,1,1,1,1,1,1,1,1,1,1,1,1,1,1,1,1,1,1,1,1,1,1
result 1,1,1,1,1
U 1,1,1
s 1,1,1,1,1,1,1,1,1,1,1,1,1,1,1,1,1,1,1,1,1,1,1,1,1,1,1,1,1,1,1,1,1,1,1,1,1,1,1,1,1,1,1,1,1,1,1,1,1,1,1,1,1,1,1,1,1,1,1,1,1,1,1,1,1,1,1,1,1,1,1,1,1,1,1,1,1,1,1,1,1,1,1,1,1,1,1,1,1,1,1,1,1,1,1,1,1,1,1,1,1,1,1,1,1,1,1,1,1,1,1,1,1,1,1,1,1,1,1,1,1,1,1,1,1,1,1,1,1,1,1,1,1,1,1,1,1,1,1,1,1,1,1,1,1,1,1,1,1,1,1,1,1,1,1,1,1,1,1,1,1,1,1,1,1,1,1,1,1,1,1,1,1,1,1,1,1,1,1,1,1,1,1,1,1,1,1,1,1,1,1,1,1,1,1,1,1,1,1,1,1,1,1,1,1,1,1,1,1,1,1,1,1,1,1,1,1,1,1,1,1,1,1,1,1,1,1,1,1,1,1,1,1,1,1,1,1,1,1,1,1,1,1,1,1,1,1,1,1,1,1,1,1,1,1,1,1,1,1,1,1,1,1,1,1
good 1,1,1,1,1,1,1,1,1,1,1,1,1,1,1,1,1,1,1,1,1,1,1,1,1,1,1,1,1,1,1,1,1,1,1,1,1,1,1,1,1,1,1,1,1,1,1,1,1,1,1,1,1,1,1,1,1,1,1,1,1,1,1,1,1,1,1,1,1,1,1,1,1,1,1,1,1,1,1,1,1,1,1,1,1,1,1,1,1,1,1,1,1,1,1,1,1,1,1,1,1,1,1,1,1,1
reproduce 1,1
copying 1,1,1,1
adoration 1,1,1,1
gone 1,1,1,1,1,1,1,1,1,1,1,1,1,1,1,1,1,1,1,1,1,1,1,1,1,1
sang 1
Gate 1
hard 1,1,1,1,1,1,1,1,1,1
rosettes 1
room 1,1,1,1,1,1,1,1,1,1,1,1,1,1,1,1,1,1,1,1,1,1,1,1,1,1,1,1,1,1,1,1,1,1,1,1,1,1,1,1,1,1,1,1,1,1,1,1,1,1,1,1,1,1,1,1,1,1,1,1,1,1,1,1,1,1,1,1,1,1,1,1,1,1,1,1,1,1,1,1,1,1,1,1,1,1,1,1,1,1,1,1,1,1,1,1,1,1,1,1,1,1
Romantic 1
suitable 1,1,1
Ford 1
poets 1,1
reform 1,1
famous 1
additions 1
owns 1,1
including 1,1,1,1,1,1,1,1,1
20% 1
archway 1,1
And 1,1,1,1,1,1,1,1,1,1,1,1,1,1,1,1,1,1,1,1,1,1,1,1,1,1,1,1,1,1,1,1,1,1,1,1,1,1,1,1,1,1,1,1,1,1,1,1,1,1,1,1,1,1,1,1,1,1,1,1,1,1,1,1,1,1,1,1,1,1,1,1,1,1,1,1,1,1,1,1,1,1,1,1,1,1,1,1,1,1,1,1,1,1,1,1,1,1,1,1,1,1,1,1,1,1,1,1,1,1,1,1,1,1,1,1,1,1,1
footed 1
state 1,1,1,1,1,1,1,1,1,1,1,1
Art 1,1
starve 1,1
prevented 1,1
creation 1,1,1,1,1
BUT 1
desires 1,1
watch 1,1,1,1,1,1,1,1,1,1,1,1,1,1,1,1
Know 1
tedious 1,1,1,1,1,1,1,1,1,1,1
clatter 1
reflection 1,1,1,1,1
These 1,1,1
unjust 1,1,1,1,1,1
jasmine 1
CONSEQUENTIAL 1
attain 1
parentage 1
cling 1
caveman 1
raising 1,1
formal 1,1,1,1
nimbly 1
critical 1
flushed 1,1,1,1,1,1,1
crisp 1,1
conservatory 1,1,1,1,1
prejudiced 1,1
See 1,1
THE 1,1,1,1,1,1,1
Isabella 1
did 1,1,1,1,1,1,1,1,1,1,1,1,1,1,1,1,1,1,1,1,1,1,1,1,1,1,1,1,1,1,1,1,1,1,1,1,1,1,1,1,1,1,1,1,1,1,1,1,1,1,1,1,1,1,1,1,1,1,1,1,1,1,1,1,1,1,1,1,1,1,1,1,1,1,1,1,1,1,1,1,1,1,1,1,1,1
fragrant 1
$1 1
remained 1,1
palate 1
Idiot 1
occasion 1,1,1
lock 1,1,1
dearly 1
kindness 1
warned 1
elegantiarum_ 1
forward 1,1,1,1,1,1,1
THAT 1,1
strawberries 1,1
dry 1,1,1,1,1
Wait 1,1,1
Quatorze 1,1
napkin 1,1
incrusted 1
frangipanni 1
inform 1
incorrigible 1,1
Must 1
band 1
18 1
PROVIDED 1
mackintosh 1,1
remember 1,1,1,1,1,1,1,1,1,1,1,1,1,1,1,1,1,1,1,1,1,1
seven 1,1,1,1,1,1,1,1,1,1,1,1,1
richness 1
Beatrice 1
pianists 1
inchased 1
mars 1,1
Till 1
landing 1,1,1,1
disgust 1,1
90 1,1
Chile 1
lose 1,1,1,1,1,1,1,1,1,1,1,1
wore 1,1,1,1,1,1,1,1
Cordelia 1,1
Fratricide 1
across 1,1,1,1,1,1,1,1,1,1,1,1,1,1,1,1,1,1,1,1,1,1,1,1,1,1,1,1,1,1,1,1,1,1,1,1,1,1,1,1,1,1,1,1,1,1,1,1,1,1,1,1,1,1,1,1,1,1,1,1,1
eau 1
rushed 1,1,1,1,1,1,1,1,1
Ferrars 1
insult 1,1,1
hospitals 1
sternly 1
fairness 1
martyr 1,1
BEFORE 1
stolen 1,1
wakened 1,1
Ten 1,1
ego 1
anguish 1
silence 1,1,1,1,1,1,1,1,1,1,1
orchard 1,1,1
flirt 1
BE 1
An 1,1,1,1,1,1,1,1,1,1,1
scooped 1
leave 1,1,1,1,1,1,1,1,1,1,1,1,1,1,1,1,1,1,1,1
signifies 1
serpent 1
DAMAGE 1
obtaining 1,1
kindly 1,1
sleeping 1,1
proportioned 1
collieries 1
gradually 1,1
apes 1,1
gravel 1
charming 1,1,1,1,1,1,1,1,1,1,1,1,1,1,1,1,1,1,1,1,1,1,1,1,1,1,1,1
supercilious 1
If 1,1,1,1,1,1,1,1,1,1,1,1,1,1,1,1,1,1,1,1,1,1,1,1,1,1,1,1,1,1,1,1,1,1,1,1,1,1,1,1,1,1,1,1,1,1,1,1,1,1,1,1,1,1,1,1,1,1,1,1,1,1,1,1,1,1,1,1,1,1,1,1,1,1,1,1,1,1,1,1,1
appeased 1
petticoat 1
naked 1
links 1,1,1
amusement 1
running 1,1,1
whispers 1
chemicals 1
_doigts 1
waved 1,1
spitted 1
charmant_ 1
such 1,1,1,1,1,1,1,1,1,1,1,1,1,1,1,1,1,1,1,1,1,1,1,1,1,1,1,1,1,1,1,1,1,1,1,1,1,1,1,1,1,1,1,1,1,1,1,1,1,1,1,1,1,1,1,1,1,1,1,1,1,1,1,1,1,1,1,1,1,1,1,1,1,1,1,1,1,1,1
white 1,1,1,1,1,1,1,1,1,1,1,1,1,1,1,1,1,1,1,1,1,1,1,1,1,1,1,1,1,1,1,1,1,1,1,1,1,1,1,1,1,1,1,1,1,1,1,1,1,1,1,1,1,1,1
huge 1,1,1,1,1,1,1,1,1,1,1,1,1,1,1,1
To 1,1,1,1,1,1,1,1,1,1,1,1,1,1,1,1,1,1,1,1,1,1,1,1,1,1,1,1,1,1,1,1,1,1,1,1,1,1,1,1
trumpet 1
fields 1,1
news 1,1,1
clotted 1
brightness 1
pardons 1
fat 1,1,1
frontals 1
Always 1,1
denial 1,1,1,1,1
gain 1,1,1,1,1,1
memories 1,1,1
Perugia 1
happened 1,1,1,1,1,1,1,1,1,1,1,1,1,1,1,1,1,1,1,1,1
rage 1,1,1,1,1,1,1
dice 1
effect 1,1,1,1,1,1,1,1,1,1,1,1
politics 1,1,1,1,1,1
drinks 1,1
muffler 1
didn 1,1,1,1,1,1,1,1,1,1,1,1,1,1,1,1,1,1
trembled 1,1,1,1,1
former 1
panes 1,1,1,1
wills 1
scrawled 1
wristbands 1
criticism 1
phantom 1
END 1
limbs 1,1,1,1,1
watching 1,1,1,1,1,1,1,1,1
oily 1
he 1,1,1,1,1,1,1,1,1,1,1,1,1,1,1,1,1,1,1,1,1,1,1,1,1,1,1,1,1,1,1,1,1,1,1,1,1,1,1,1,1,1,1,1,1,1,1,1,1,1,1,1,1,1,1,1,1,1,1,1,1,1,1,1,1,1,1,1,1,1,1,1,1,1,1,1,1,1,1,1,1,1,1,1,1,1,1,1,1,1,1,1,1,1,1,1,1,1,1,1,1,1,1,1,1,1,1,1,1,1,1,1,1,1,1,1,1,1,1,1,1,1,1,1,1,1,1,1,1,1,1,1,1,1,1,1,1,1,1,1,1,1,1,1,1,1,1,1,1,1,1,1,1,1,1,1,1,1,1,1,1,1,1,1,1,1,1,1,1,1,1,1,1,1,1,1,1,1,1,1,1,1,1,1,1,1,1,1,1,1,1,1,1,1,1,1,1,1,1,1,1,1,1,1,1,1,1,1,1,1,1,1,1,1,1,1,1,1,1,1,1,1,1,1,1,1,1,1,1,1,1,1,1,1,1,1,1,1,1,1,1,1,1,1,1,1,1,1,1,1,1,1,1,1,1,1,1,1,1,1,1,1,1,1,1,1,1,1,1,1,1,1,1,1,1,1,1,1,1,1,1,1,1,1,1,1,1,1,1,1,1,1,1,1,1,1,1,1,1,1,1,1,1,1,1,1,1,1,1,1,1,1,1,1,1,1,1,1,1,1,1,1,1,1,1,1,1,1,1,1,1,1,1,1,1,1,1,1,1,1,1,1,1,1,1,1,1,1,1,1,1,1,1,1,1,1,1,1,1,1,1,1,1,1,1,1,1,1,1,1,1,1,1,1,1,1,1,1,1,1,1,1,1,1,1,1,1,1,1,1,1,1,1,1,1,1,1,1,1,1,1,1,1,1,1,1,1,1,1,1,1,1,1,1,1,1,1,1,1,1,1,1,1,1,1,1,1,1,1,1,1,1,1,1,1,1,1,1,1,1,1,1,1,1,1,1,1,1,1,1,1,1,1,1,1,1,1,1,1,1,1,1,1,1,1,1,1,1,1,1,1,1,1,1,1,1,1,1,1,1,1,1,1,1,1,1,1,1,1,1,1,1,1,1,1,1,1,1,1,1,1,1,1,1,1,1,1,1,1,1,1,1,1,1,1,1,1,1,1,1,1,1,1,1,1,1,1,1,1,1,1,1,1,1,1,1,1,1,1,1,1,1,1,1,1,1,1,1,1,1,1,1,1,1,1,1,1,1,1,1,1,1,1,1,1,1,1,1,1,1,1,1,1,1,1,1,1,1,1,1,1,1,1,1,1,1,1,1,1,1,1,1,1,1,1,1,1,1,1,1,1,1,1,1,1,1,1,1,1,1,1,1,1,1,1,1,1,1,1,1,1,1,1,1,1,1,1,1,1,1,1,1,1,1,1,1,1,1,1,1,1,1,1,1,1,1,1,1,1,1,1,1,1,1,1,1,1,1,1,1,1,1,1,1,1,1,1,1,1,1,1,1,1,1,1,1,1,1,1,1,1,1,1,1,1,1,1,1,1,1,1,1,1,1,1,1,1,1,1,1,1,1,1,1,1,1,1,1,1,1,1,1,1,1,1,1,1,1,1,1,1,1,1,1,1,1,1,1,1,1,1,1,1,1,1,1,1,1,1,1,1,1,1,1,1,1,1,1,1,1,1,1,1,1,1,1,1,1,1,1,1,1,1,1,1,1,1,1,1,1,1,1,1,1,1,1,1,1,1,1,1,1,1,1,1,1,1,1,1,1,1,1,1,1,1,1,1,1,1,1,1,1,1,1,1,1,1,1,1,1,1,1,1,1,1,1,1,1,1,1,1,1,1,1,1,1,1,1,1,1,1,1,1,1,1,1,1,1,1,1,1,1,1,1,1,1,1,1,1,1,1,1,1,1,1,1,1,1,1,1,1,1,1,1,1,1,1,1,1,1,1,1,1,1,1,1,1,1,1,1,1,1,1,1,1,1,1,1,1,1,1,1,1,1,1,1,1,1,1,1,1,1,1,1,1,1,1,1,1,1,1,1,1,1,1,1,1,1,1,1,1,1,1,1,1,1,1,1,1,1,1,1,1,1,1,1,1,1,1,1,1,1,1,1,1,1,1,1,1,1,1,1,1,1,1,1,1,1,1,1,1,1,1,1,1,1,1,1,1,1,1,1,1,1,1,1,1,1,1,1,1,1,1,1,1,1,1,1,1,1,1,1,1,1,1,1,1,1,1,1,1,1,1,1,1,1,1,1,1,1,1,1,1,1,1,1,1,1,1,1,1,1,1,1,1,1,1,1,1,1,1,1,1,1,1,1,1,1,1,1,1,1,1,1
else 1,1,1,1,1,1,1,1,1,1,1,1,1,1,1,1,1,1,1,1,1,1,1
prescriptions 1
in 1,1,1,1,1,1,1,1,1,1,1,1,1,1,1,1,1,1,1,1,1,1,1,1,1,1,1,1,1,1,1,1,1,1,1,1,1,1,1,1,1,1,1,1,1,1,1,1,1,1,1,1,1,1,1,1,1,1,1,1,1,1,1,1,1,1,1,1,1,1,1,1,1,1,1,1,1,1,1,1,1,1,1,1,1,1,1,1,1,1,1,1,1,1,1,1,1,1,1,1,1,1,1,1,1,1,1,1,1,1,1,1,1,1,1,1,1,1,1,1,1,1,1,1,1,1,1,1,1,1,1,1,1,1,1,1,1,1,1,1,1,1,1,1,1,1,1,1,1,1,1,1,1,1,1,1,1,1,1,1,1,1,1,1,1,1,1,1,1,1,1,1,1,1,1,1,1,1,1,1,1,1,1,1,1,1,1,1,1,1,1,1,1,1,1,1,1,1,1,1,1,1,1,1,1,1,1,1,1,1,1,1,1,1,1,1,1,1,1,1,1,1,1,1,1,1,1,1,1,1,1,1,1,1,1,1,1,1,1,1,1,1,1,1,1,1,1,1,1,1,1,1,1,1,1,1,1,1,1,1,1,1,1,1,1,1,1,1,1,1,1,1,1,1,1,1,1,1,1,1,1,1,1,1,1,1,1,1,1,1,1,1,1,1,1,1,1,1,1,1,1,1,1,1,1,1,1,1,1,1,1,1,1,1,1,1,1,1,1,1,1,1,1,1,1,1,1,1,1,1,1,1,1,1,1,1,1,1,1,1,1,1,1,1,1,1,1,1,1,1,1,1,1,1,1,1,1,1,1,1,1,1,1,1,1,1,1,1,1,1,1,1,1,1,1,1,1,1,1,1,1,1,1,1,1,1,1,1,1,1,1,1,1,1,1,1,1,1,1,1,1,1,1,1,1,1,1,1,1,1,1,1,1,1,1,1,1,1,1,1,1,1,1,1,1,1,1,1,1,1,1,1,1,1,1,1,1,1,1,1,1,1,1,1,1,1,1,1,1,1,1,1,1,1,1,1,1,1,1,1,1,1,1,1,1,1,1,1,1,1,1,1,1,1,1,1,1,1,1,1,1,1,1,1,1,1,1,1,1,1,1,1,1,1,1,1,1,1,1,1,1,1,1,1,1,1,1,1,1,1,1,1,1,1,1,1,1,1,1,1,1,1,1,1,1,1,1,1,1,1,1,1,1,1,1,1,1,1,1,1,1,1,1,1,1,1,1,1,1,1,1,1,1,1,1,1,1,1,1,1,1,1,1,1,1,1,1,1,1,1,1,1,1,1,1,1,1,1,1,1,1,1,1,1,1,1,1,1,1,1,1,1,1,1,1,1,1,1,1,1,1,1,1,1,1,1,1,1,1,1,1,1,1,1,1,1,1,1,1,1,1,1,1,1,1,1,1,1,1,1,1,1,1,1,1,1,1,1,1,1,1,1,1,1,1,1,1,1,1,1,1,1,1,1,1,1,1,1,1,1,1,1,1,1,1,1,1,1,1,1,1,1,1,1,1,1,1,1,1,1,1,1,1,1,1,1,1,1,1,1,1,1,1,1,1,1,1,1,1,1,1,1,1,1,1,1,1,1,1,1,1,1,1,1,1,1,1,1,1,1,1,1,1,1,1,1,1,1,1,1,1,1,1,1,1,1,1,1,1,1,1,1,1,1,1,1,1,1,1,1,1,1,1,1,1,1,1,1,1,1,1,1,1,1,1,1,1,1,1,1,1,1,1,1,1,1,1,1,1,1,1,1,1,1,1,1,1,1,1,1,1,1,1,1,1,1,1,1,1,1,1,1,1,1,1,1,1,1,1,1,1,1,1,1,1,1,1,1,1,1,1,1,1,1,1,1,1,1,1,1,1,1,1,1,1,1,1,1,1,1,1,1,1,1,1,1,1,1,1,1,1,1,1,1,1,1,1,1,1,1,1,1,1,1,1,1,1,1,1,1,1,1,1,1,1,1,1,1,1,1,1,1,1,1,1,1,1,1,1,1,1,1,1,1,1,1,1,1,1,1,1,1,1,1,1,1,1,1,1,1,1,1,1,1,1,1,1,1,1,1,1,1,1,1,1,1,1,1,1,1,1,1,1,1,1,1,1,1,1,1,1,1,1,1,1,1,1,1,1,1,1,1,1,1,1,1,1,1,1,1,1,1,1,1,1,1,1,1,1,1,1,1,1,1,1,1,1,1,1,1,1,1,1,1,1,1,1,1,1,1,1,1,1,1,1,1,1,1,1,1,1,1,1,1,1,1,1,1,1,1,1,1,1,1,1,1,1,1,1,1,1,1,1,1,1,1,1,1,1,1,1,1,1,1,1,1,1,1,1,1,1,1,1,1,1,1,1,1,1,1,1,1,1,1,1,1,1,1,1,1,1,1,1,1,1,1,1,1,1,1,1,1,1,1,1,1,1,1,1,1,1,1,1,1,1,1,1,1,1,1,1,1,1,1,1,1,1,1,1,1,1,1,1,1,1,1,1,1,1,1,1,1,1,1,1,1,1,1,1,1,1,1,1,1,1,1,1,1,1,1,1,1,1,1,1,1,1,1,1,1,1,1,1,1,1,1,1,1,1,1,1,1,1,1,1,1,1,1,1,1,1,1,1,1,1,1,1,1,1,1,1,1,1,1,1,1,1,1,1,1,1,1,1,1,1,1,1,1,1,1,1,1,1,1,1,1,1,1,1,1,1,1,1,1,1,1
announce 1
literature 1,1,1,1,1
peridot 1
la 1,1,1
placid 1,1
immortality 1
mixed 1,1,1
oh 1,1,1,1
or 1,1,1,1,1,1,1,1,1,1,1,1,1,1,1,1,1,1,1,1,1,1,1,1,1,1,1,1,1,1,1,1,1,1,1,1,1,1,1,1,1,1,1,1,1,1,1,1,1,1,1,1,1,1,1,1,1,1,1,1,1,1,1,1,1,1,1,1,1,1,1,1,1,1,1,1,1,1,1,1,1,1,1,1,1,1,1,1,1,1,1,1,1,1,1,1,1,1,1,1,1,1,1,1,1,1,1,1,1,1,1,1,1,1,1,1,1,1,1,1,1,1,1,1,1,1,1,1,1,1,1,1,1,1,1,1,1,1,1,1,1,1,1,1,1,1,1,1,1,1,1,1,1,1,1,1,1,1,1,1,1,1,1,1,1,1,1,1,1,1,1,1,1,1,1,1,1,1,1,1,1,1,1,1,1,1,1,1,1,1,1,1,1,1,1,1,1,1,1,1,1,1,1,1,1,1,1,1,1,1,1,1,1,1,1,1,1,1,1,1,1,1,1,1,1,1,1,1,1,1,1,1,1,1,1,1,1,1,1,1,1,1,1,1,1,1,1,1,1,1,1,1,1,1,1,1,1,1,1,1,1,1,1,1,1,1,1,1,1,1
foolishly 1,1
splendid 1,1,1,1,1
clever 1,1,1,1,1,1,1,1,1
cobwebs 1
hundreds 1,1
Midland 1
re 1,1
donors 1
singular 1
Juliet 1,1,1,1,1,1,1,1,1,1,1,1,1
waistcoat 1
Inexperienced 1
inquest 1,1,1,1,1
compelled 1
thanked 1
tm 1,1,1,1,1,1,1,1,1,1,1,1,1,1,1,1,1,1,1,1,1,1,1,1,1,1,1,1,1,1,1,1,1,1,1,1,1,1,1,1,1,1,1,1,1,1,1,1,1,1,1,1,1,1,1,1,1
flowed 1
separate 1
generations 1,1
sudaria 1
risking 1
rules 1,1,1
hides 1,1
thin 1,1,1,1,1,1,1,1,1,1,1,1,1
gas 1,1,1,1,1
slight 1,1
scuffling 1
Tyrian 1
beyond 1,1,1
terms 1,1,1,1,1,1,1,1,1,1,1,1,1,1,1,1,1,1,1,1,1,1,1,1,1
nervously 1,1,1,1
continued 1,1,1,1,1,1,1,1,1,1,1
suspect 1
help 1,1,1,1,1,1,1,1,1,1,1,1,1,1,1,1,1,1,1,1,1,1,1,1,1,1,1,1,1,1,1,1
dress 1,1,1,1,1,1,1,1,1,1,1,1,1,1,1,1,1,1
tossing 1
stroking 1
edged 1
intellects 1,1
Things 1,1,1,1
lights 1,1,1,1
dominate 1,1,1,1
dragging 1
sewn 1
lace 1,1,1,1,1,1
authority 1
plaited 1,1
Manon 1
changing 1,1,1,1
flashed 1,1,1,1
write 1,1,1,1,1,1,1,1,1,1,1,1,1,1,1
heaved 1,1,1,1,1
suspended 1
heaven 1,1,1,1,1
consequence 1,1,1
brazier 1
Wotton 1,1,1,1,1,1,1,1,1
carter 1,1
arms 1,1,1,1,1,1,1,1,1,1,1,1,1
land 1
poaching 1
bareheaded 1,1
melodramas 1
refusing 1,1
marry 1,1,1,1,1,1,1,1,1,1,1,1,1,1,1
blackballed 1
arrangements 1
events 1,1,1
incompatible 1
religion 1
tilt 1
loveliest 1,1,1,1
chalk 1
wars 1
wave 1,1
faring 1
DORIAN 1,1
doublet 1,1
Being 1,1
chain 1,1
beam 1
straying 1
hit 1,1,1
hostess 1,1,1,1,1,1
grossly 1,1,1
ceiling 1,1,1,1
workmanship 1
meal 1,1
valued 1,1,1
bees 1,1,1
stateliness 1
organ 1
vellum 1
handiwork 1
subjects 1
putting 1,1,1,1,1,1,1,1,1,1,1
shallowness 1
For 1,1,1,1,1,1,1,1,1,1,1,1,1,1,1,1,1,1,1,1,1,1,1,1,1,1,1,1,1,1,1,1,1,1,1,1,1,1,1
waiting 1,1,1,1,1,1,1,1,1,1,1,1,1,1,1,1,1,1
beginning 1,1,1,1,1,1,1,1,1,1,1,1,1
Sherard 1
atone 1,1,1
bell 1,1,1,1,1,1,1,1,1,1
procuring 1,1
impression 1,1,1,1,1,1
travail 1,1
could 1,1,1,1,1,1,1,1,1,1,1,1,1,1,1,1,1,1,1,1,1,1,1,1,1,1,1,1,1,1,1,1,1,1,1,1,1,1,1,1,1,1,1,1,1,1,1,1,1,1,1,1,1,1,1,1,1,1,1,1,1,1,1,1,1,1,1,1,1,1,1,1,1,1,1,1,1,1,1,1,1,1,1,1,1,1,1,1,1,1,1,1,1,1,1,1,1,1,1,1,1,1,1,1,1,1,1,1,1,1,1,1,1,1,1,1,1,1,1,1,1,1,1,1,1,1,1,1,1,1,1,1,1,1,1,1
bent 1
trampled 1,1
Apollo 1,1
friends 1,1,1,1,1,1,1,1,1,1,1,1,1,1,1,1,1,1,1,1,1,1,1,1,1,1,1,1,1
professor 1
principles 1,1,1,1,1,1,1
present 1,1,1,1,1,1,1,1,1,1,1,1,1,1,1,1,1,1,1
belong 1,1,1
certainly 1,1,1,1,1,1,1,1,1,1,1,1,1,1,1,1,1,1,1,1,1,1,1,1,1,1,1,1
mere 1,1,1,1,1,1,1,1,1,1,1,1,1,1,1,1,1,1,1,1,1
servility 1,1
impulse 1,1,1,1
actually 1,1,1,1
oldest 1
ruff 1
ice 1,1,1
icy 1
laboratory 1,1,1,1,1
huskily 1
amateur 1
girdle 1
guns 1,1,1
binding 1
dresses 1,1,1
affectionate 1
fall 1,1,1,1,1,1,1,1,1
siege 1
nice 1,1,1,1,1,1,1,1,1
Lying 1,1
rejection 1
lustre 1
inn 1,1
Might 1,1
invented 1,1,1
grief 1
Piers 1
linked 1
Sybil 1,1
communicate 1
Adriatique 1
repeating 1
Ernest 1
retreat 1
ornamented 1
directors 1
choose 1,1,1,1
Gregory 1
Donations 1,1
madly 1,1,1,1
distributed 1,1,1,1
silver 1,1,1,1,1,1,1,1,1,1,1,1,1,1,1,1,1,1,1,1,1,1,1,1
preoccupied 1
extravagant 1,1,1
yield 1,1,1,1
eBooks 1,1,1,1,1,1,1
battened 1
sham 1
acquaintance 1,1
unlocked 1,1,1,1
Dorian 1,1,1,1,1,1,1,1,1,1,1,1,1,1,1,1,1,1,1,1,1,1,1,1,1,1,1,1,1,1,1,1,1,1,1,1,1,1,1,1,1,1,1,1,1,1,1,1,1,1,1,1,1,1,1,1,1,1,1,1,1,1,1,1,1,1,1,1,1,1,1,1,1,1,1,1,1,1,1,1,1,1,1,1,1,1,1,1,1,1,1,1,1,1,1,1,1,1,1,1,1,1,1,1,1,1,1,1,1,1,1,1,1,1,1,1,1,1,1,1,1,1,1,1,1,1,1,1,1,1,1,1,1,1,1,1,1,1,1,1,1,1,1,1,1,1,1,1,1,1,1,1,1,1,1,1,1,1,1,1,1,1,1,1,1,1,1,1,1,1,1,1,1,1,1,1,1,1,1,1,1,1,1,1,1,1,1,1,1,1,1,1,1,1,1,1,1,1,1,1,1,1,1,1,1,1,1,1,1,1,1,1,1,1,1,1,1,1,1,1,1,1,1,1,1,1,1,1,1,1,1,1,1,1,1,1,1,1,1,1,1,1,1,1,1,1,1,1,1,1,1,1,1,1,1,1,1,1,1,1,1,1,1,1,1,1,1,1,1,1,1,1,1,1,1,1,1,1,1,1,1,1,1,1,1,1,1,1,1,1,1,1,1,1,1,1,1,1,1,1,1,1,1,1,1,1,1,1,1,1,1,1,1,1,1,1,1,1,1,1,1,1,1,1,1,1,1,1,1,1,1,1,1,1,1,1,1,1,1,1,1,1,1,1,1,1,1,1,1,1,1,1,1,1,1,1,1,1,1,1,1,1,1,1,1,1,1,1,1,1,1,1,1,1,1,1,1,1,1,1,1,1,1,1,1,1,1,1,1,1,1,1,1,1,1,1,1,1,1,1,1,1,1,1,1,1,1,1,1,1,1,1,1,1,1,1,1,1
frowned 1,1,1,1,1,1,1,1,1,1
theologians 1
musically 1
saying 1,1,1,1,1,1,1,1,1,1,1,1,1,1,1
fifteen 1,1,1,1
mills 1,1
warnings 1
Foundation 1,1,1,1,1,1,1,1,1,1,1,1,1,1,1,1,1,1,1,1,1,1,1,1
poisons 1,1
broken 1,1,1,1,1,1,1,1,1
treacherous 1,1
either 1,1,1,1,1,1,1,1,1,1,1,1,1,1,1,1,1,1,1,1,1,1,1,1,1,1
worst 1,1,1
martyrdom 1
distance 1,1,1,1,1
prospects 1
Yes 1,1,1,1,1,1,1,1,1,1,1,1,1,1,1,1,1,1,1,1,1,1,1,1,1,1,1,1,1,1,1,1,1,1,1,1,1,1,1,1,1,1,1,1,1,1,1,1,1,1,1,1,1,1,1,1,1,1,1,1,1,1,1,1,1,1,1,1,1,1,1,1,1,1,1,1,1,1,1
mantle 1
delicate 1,1,1,1,1,1,1,1
ruffles 1
hollow 1,1,1
sprawling 1
wearily 1,1,1,1
architecture 1
cloud 1,1,1
wrapped 1,1
bones 1
affluence 1
job 1
sheer 1,1
gets 1,1
hangings 1
civil 1
frostlike 1
wordy 1
Sibyl 1,1,1,1,1,1,1,1,1,1,1,1,1,1,1,1,1,1,1,1,1,1,1,1,1,1,1,1,1,1,1,1,1,1,1,1,1,1,1,1,1,1,1,1,1,1,1,1,1,1,1,1,1,1,1,1,1,1,1,1,1,1,1,1,1,1,1,1,1,1,1,1,1,1,1,1,1,1,1,1,1,1,1,1,1
inordinate 1,1
pillars 1
vaguely 1,1
tenderness 1,1
wreath 1,1
sentence 1,1,1,1
thorn 1
restaurant 1,1
Church 1,1,1
postures 1
Nothing 1,1,1,1,1,1,1,1,1,1,1
expressed 1,1
birthday 1
Before 1,1,1,1,1,1
savage 1,1,1
editions 1,1,1,1,1
decency 1
silk 1,1,1,1,1,1,1,1,1,1,1,1,1,1,1
hill 1
dislike 1,1,1,1,1
available 1,1
unloading 1
sins 1,1,1,1,1,1,1,1,1,1,1,1,1,1,1,1,1,1,1,1,1,1,1,1,1,1,1
especially 1,1,1,1
figures 1,1
virtue 1,1,1
types 1
CHAPTER 1,1,1,1,1,1,1,1,1,1,1,1,1,1,1,1,1,1,1,1
reach 1,1
Give 1,1
dahlia 1
tangled 1
spiritualize 1
gentlemen 1,1,1
staining 1
compliments 1,1,1,1
match 1
While 1,1
mistaking 1
would 1,1,1,1,1,1,1,1,1,1,1,1,1,1,1,1,1,1,1,1,1,1,1,1,1,1,1,1,1,1,1,1,1,1,1,1,1,1,1,1,1,1,1,1,1,1,1,1,1,1,1,1,1,1,1,1,1,1,1,1,1,1,1,1,1,1,1,1,1,1,1,1,1,1,1,1,1,1,1,1,1,1,1,1,1,1,1,1,1,1,1,1,1,1,1,1,1,1,1,1,1,1,1,1,1,1,1,1,1,1,1,1,1,1,1,1,1,1,1,1,1,1,1,1,1,1,1,1,1,1,1,1,1,1,1,1,1,1,1,1,1,1,1,1,1,1,1,1,1,1,1,1,1,1,1,1,1,1,1,1,1,1,1,1,1,1,1,1,1,1,1,1,1,1,1,1,1,1,1,1,1,1,1,1,1,1,1,1,1,1,1,1,1,1,1,1,1,1,1,1,1,1,1,1,1,1,1,1,1,1,1,1,1,1,1,1,1,1,1,1,1,1,1,1,1,1,1,1,1,1,1,1,1,1,1,1,1,1,1,1,1,1,1,1,1,1,1,1,1,1,1,1,1,1,1,1,1,1,1,1,1,1,1,1,1,1,1,1,1,1,1,1,1,1,1,1,1,1,1,1,1,1,1,1,1,1,1,1,1,1,1,1,1,1,1,1,1,1,1,1,1,1,1
wedded 1
object 1,1,1,1,1,1,1
elect 1,1,1
hushed 1,1
destroyed 1,1,1,1,1,1,1,1
vivisecting 1,1
others 1,1,1,1,1,1,1,1,1,1,1,1,1,1,1,1,1,1,1,1,1,1,1
making 1,1,1,1,1,1,1,1,1,1,1,1,1
Hedonism 1,1
reticences 1
lent 1,1
Redistribution 1
shivering 1,1
sunburnt 1
odorous 1
irons 1
lad 1,1,1,1,1,1,1,1,1,1,1,1,1,1,1,1,1,1,1,1,1,1,1,1,1,1,1,1,1,1,1,1,1,1,1,1,1,1,1,1,1,1,1,1,1,1,1,1,1,1,1,1
were 1,1,1,1,1,1,1,1,1,1,1,1,1,1,1,1,1,1,1,1,1,1,1,1,1,1,1,1,1,1,1,1,1,1,1,1,1,1,1,1,1,1,1,1,1,1,1,1,1,1,1,1,1,1,1,1,1,1,1,1,1,1,1,1,1,1,1,1,1,1,1,1,1,1,1,1,1,1,1,1,1,1,1,1,1,1,1,1,1,1,1,1,1,1,1,1,1,1,1,1,1,1,1,1,1,1,1,1,1,1,1,1,1,1,1,1,1,1,1,1,1,1,1,1,1,1,1,1,1,1,1,1,1,1,1,1,1,1,1,1,1,1,1,1,1,1,1,1,1,1,1,1,1,1,1,1,1,1,1,1,1,1,1,1,1,1,1,1,1,1,1,1,1,1,1,1,1,1,1,1,1,1,1,1,1,1,1,1,1,1,1,1,1,1,1,1,1,1,1,1,1,1,1,1,1,1,1,1,1,1,1,1,1,1,1,1,1,1,1,1,1,1,1,1,1,1,1,1,1,1,1,1,1,1,1,1,1,1,1,1,1,1,1,1,1,1,1,1
doctor 1,1,1
lining 1
let 1,1,1,1,1,1,1,1,1,1,1,1,1,1,1,1,1,1,1,1,1,1,1,1,1,1,1,1,1,1,1,1,1,1
pack 1,1
clay 1,1,1
tasselled 1,1,1
emeralds 1,1,1
Creating 1
peerage 1
Court 1,1
unable 1
lip 1,1,1,1,1,1,1,1,1,1,1
chest 1,1,1,1,1
develop 1
Narcissus 1,1
full 1,1,1,1,1,1,1,1,1,1,1,1,1,1,1,1,1,1,1,1,1,1,1,1,1,1
cards 1,1
convention 1
supper 1
pall 1,1,1,1
teaching 1
formation 1
lot 1,1,1,1
Cyril 1
Priest 1,1
centre 1,1,1
eternal 1,1
reedlike 1
betters 1
curiosity 1,1,1,1,1,1,1,1,1,1,1,1
minutes 1,1,1,1,1,1,1,1,1,1,1,1,1,1,1,1,1,1,1,1,1
particular 1,1,1,1,1,1,1,1
congratulate 1,1,1,1
relief 1,1,1,1
wildly 1,1,1,1,1
fitting 1
mattresses 1
Ovalle 1
DISTRIBUTOR 1
spikenard 1
bloated 1
mine 1,1,1,1,1,1,1,1,1,1,1
rondes 1
clue 1,1
gratefully 1
papers 1,1
mist 1,1,1,1,1,1,1,1,1,1,1,1
plucking 1
prince 1,1,1
permission 1,1,1,1,1,1,1
pays 1
fascinates 1,1,1
tailor 1
cleanse 1
vividly 1
opera 1,1,1,1,1,1,1,1,1,1,1,1,1
comedy 1
handsome 1,1,1,1
Dudley 1
turquoise 1,1,1,1
nonsense 1,1,1,1,1,1,1,1
repeat 1,1
wicked 1,1,1,1,1,1,1,1
dalmatic 1
surveyed 1
breast 1,1
character 1,1,1,1,1,1
above 1,1,1
turbaned 1,1
shared 1,1,1
project 1
bears 1
slain 1,1
gesture 1,1,1,1
bronzes 1
gutenberg 1,1,1,1,1
appearances 1
discover 1,1,1,1,1
ministerial 1
selfishness 1
Bacchante 1,1
Berkeley 1
music 1,1,1,1,1,1,1,1,1,1,1,1,1,1,1,1,1,1,1,1,1,1,1,1,1,1,1,1,1,1,1
Street 1,1,1,1,1,1,1,1,1,1,1,1,1
sensations 1,1,1,1,1,1,1
scratched 1
intentions 1
Boniface 1
drifting 1
told 1,1,1,1,1,1,1,1,1,1,1,1,1,1,1,1,1,1,1,1,1,1,1,1,1,1,1,1,1,1,1,1,1,1,1,1,1,1,1,1,1,1,1,1,1,1,1,1,1,1,1,1,1,1,1,1,1,1,1,1,1,1,1,1,1,1,1,1,1,1,1,1,1,1,1,1
purify 1
parrots 1
linger 1,1,1,1,1
clustered 1
hawkers 1
Concorde 1
reined 1
took 1,1,1,1,1,1,1,1,1,1,1,1,1,1,1,1,1,1,1,1,1,1,1,1,1,1,1,1,1,1,1,1,1,1
magenta 1
joyous 1
approvingly 1
echo 1,1,1,1
aborde 1
patterned 1
boring 1
Parliament 1,1
nearly 1,1,1,1,1,1,1,1,1,1,1,1,1,1,1
nor 1,1,1,1,1,1
statement 1
locking 1,1
rise 1,1,1
catch 1,1,1
concealing 1,1
determined 1,1,1,1,1,1,1,1,1,1,1,1
flake 1
awoke 1
shine 1
surpass 1
contained 1,1,1
shiny 1
Eternal 1
turning 1,1,1,1,1,1,1,1,1
communications 1
Place 1
girls 1,1,1,1,1,1
image 1,1,1,1,1,1,1,1,1
nymphs 1
knife 1,1,1,1,1,1,1,1,1,1,1,1
carry 1,1,1
oak 1,1
trouble 1,1,1,1,1,1,1,1,1,1,1,1
Philistine 1
transcribe 1
burnt 1
Tripos 1
May 1,1,1
off 1,1,1,1,1,1,1,1,1,1,1,1,1,1,1,1,1,1,1,1,1,1,1,1,1,1
edge 1
morose 1
eldest 1
coal 1,1,1
termed 1,1
faltered 1,1
bushy 1
promised 1,1,1,1,1,1,1,1,1
hissing 1,1,1
treated 1,1,1
smiling 1,1,1,1,1,1,1,1,1,1,1,1,1,1,1,1,1,1,1,1
wide 1,1,1
moralize 1
closing 1,1,1,1
Book 1,1
method 1,1,1,1,1,1,1,1
conjectures 1
Those 1,1,1,1,1,1,1
resettling 1
slander 1
sensible 1
hospitable 1
development 1,1,1,1
candleshades 1
exile 1
clutching 1,1
challenge 1
lateness 1
contributions 1
wine 1,1,1,1,1,1,1,1,1,1
licensed 1
imperial 1
scenes 1,1,1,1,1,1,1
medium 1,1,1,1,1,1,1,1
psychology 1,1,1,1
china 1,1,1,1
rechristening 1
tainted 1,1
imprison 1
violence 1,1
arrow 1,1
manner 1,1,1,1,1,1,1,1,1,1,1,1,1,1,1,1,1,1,1,1,1
snow 1
limbed 1
skull 1,1
groan 1,1,1
interested 1,1,1,1,1,1,1,1,1
liberty 1
absorption 1
Project 1,1,1,1,1,1,1,1,1,1,1,1,1,1,1,1,1,1,1,1,1,1,1,1,1,1,1,1,1,1,1,1,1,1,1,1,1,1,1,1,1,1,1,1,1,1,1,1,1,1,1,1,1,1,1,1,1,1,1,1,1,1,1,1,1,1,1,1,1,1,1,1,1,1,1,1,1,1,1,1,1,1,1
realism 1,1,1,1
receive 1,1,1,1,1,1
quivered 1,1
Not 1,1,1,1,1,1,1,1,1,1,1,1,1,1,1
Capri 1
employees 1,1
pipes 1,1
genius 1,1,1,1,1,1,1,1,1,1,1,1
redressed 1
put 1,1,1,1,1,1,1,1,1,1,1,1,1,1,1,1,1,1,1,1,1,1,1,1,1,1,1,1,1,1,1,1,1,1,1,1,1,1,1,1,1
VIII 1
lately 1,1
toujours 1
companions 1,1
interrupt 1
Victor 1,1,1,1,1,1,1
clean 1,1
ticking 1,1,1
sofa 1,1,1,1,1,1,1,1,1
scoundrel 1
comes 1,1,1,1,1,1,1,1,1,1,1
committing 1
Hall 1
absurd 1,1,1,1,1,1,1,1,1,1,1,1,1,1,1
2001 1
additional 1,1,1
owner 1,1,1,1
supercargo 1
home 1,1,1,1,1,1,1,1,1,1,1,1,1,1,1,1,1,1,1,1,1,1,1,1,1
paragraphs 1,1,1
glazed 1,1
Human 1
summed 1
greasy 1
creed 1
bourdon 1
rustle 1
experiences 1,1
sawdust 1
Monte 1
jewel 1,1,1
excess 1
Madame 1,1
clump 1
derivative 1,1,1
every 1,1,1,1,1,1,1,1,1,1,1,1,1,1,1,1,1,1,1,1,1,1,1,1,1,1,1,1,1,1,1,1,1,1,1,1,1,1,1,1,1,1,1,1,1,1,1,1
kilns 1
crest 1
disengaged 1
spade 1,1
annihilated 1
Moorish 1
stabbed 1,1,1
saddle 1,1
dreamily 1
red 1,1,1,1,1,1,1,1,1,1,1,1,1,1,1,1,1,1,1,1,1,1,1,1,1,1,1,1,1,1,1,1,1,1,1,1,1,1,1,1,1
finish 1,1,1
Perth 1,1
sorry 1,1,1,1,1,1,1,1,1,1,1,1,1,1,1,1,1,1,1,1,1,1,1,1,1,1,1,1,1
incapable 1
6221541 1
hairs 1
Parthian 1
uncle 1,1,1,1,1
Naples 1
unsolicited 1
duke 1
amongst 1,1,1,1,1,1
pinnacles 1
maintaining 1
contemporary 1
rod 1
louder 1,1
ninth 1,1
taste 1,1,1,1
apt 1
duchess 1,1,1,1,1,1,1,1,1,1,1,1,1,1,1,1,1,1,1,1,1,1,1,1,1,1,1,1,1,1,1
ribands 1
Natural 1
Many 1
stirred 1,1,1,1,1,1,1,1,1,1,1,1,1,1,1,1,1
engagement 1,1,1,1
yourself 1,1,1,1,1,1,1,1,1,1,1,1,1,1,1,1,1,1,1,1,1,1,1,1,1,1,1,1,1,1,1,1,1,1,1,1
Look 1,1,1
gloved 1
absence 1,1
sympathies 1
leader 1
iced 1
collected 1,1,1
piano 1,1,1,1,1,1,1,1
Parisian 1,1,1
Eighteen 1,1,1
cars 1
admires 1
protect 1,1
more 1,1,1,1,1,1,1,1,1,1,1,1,1,1,1,1,1,1,1,1,1,1,1,1,1,1,1,1,1,1,1,1,1,1,1,1,1,1,1,1,1,1,1,1,1,1,1,1,1,1,1,1,1,1,1,1,1,1,1,1,1,1,1,1,1,1,1,1,1,1,1,1,1,1,1,1,1,1,1,1,1,1,1,1,1,1,1,1,1,1,1,1,1,1,1,1,1,1,1,1,1,1,1,1,1,1,1,1,1,1,1,1,1,1,1,1,1,1,1,1,1,1,1,1,1,1,1,1,1,1,1,1,1,1,1,1
hunters 1
Beautiful 1
cave 1,1,1
king 1,1,1,1
bad 1,1,1,1,1,1,1,1,1,1,1,1,1,1,1,1,1,1,1,1,1,1,1,1,1,1,1,1,1,1,1,1,1,1,1,1,1
whorls 1
boys 1,1
suffer 1,1,1,1,1,1,1
prophesied 1
ulster 1,1,1,1
angry 1,1,1,1,1
compared 1,1
bonnets 1,1,1
cornelian 1
pastilles 1
practical 1,1,1,1,1
uttered 1,1
animals 1
tiptoe 1
surface 1,1,1
Victoria 1,1,1
India 1,1
exclusively 1
neighbour 1,1
Margaret 1,1,1,1
balas 1
vileness 1
anger 1
sow 1
priced 1
mental 1
Terribly 1
unfortunate 1,1,1,1
stanch 1
OWNER 1
horrible 1,1,1,1,1,1,1,1,1,1,1,1,1,1,1,1,1,1,1,1,1,1,1,1,1,1,1,1,1,1,1,1,1,1,1,1,1,1,1,1,1,1,1,1,1,1,1,1
horribly 1,1,1,1,1,1,1,1,1,1,1,1,1,1,1,1
pleasure 1,1,1,1,1,1,1,1,1,1,1,1,1,1,1,1,1,1,1,1,1,1,1,1,1,1,1,1,1,1,1,1,1,1,1,1,1,1,1,1,1,1,1
horse 1,1,1,1,1,1,1,1,1,1
current 1,1,1,1
storm 1
texture 1
bud 1
garnet 1
reins 1
higher 1,1,1,1
consumption 1
children 1,1,1
nobody 1,1,1
benefiting 1
Next 1
Lescaut 1
ploughman 1
spectator 1,1,1
safe 1,1,1,1,1,1,1,1,1
sail 1,1
stout 1,1
Sobieski 1
marvellously 1,1
desecration 1
