prepare 1,1
Memory 1,1
Retreating 1
size 1
5 1,1,1,1,1
basinette 1
I 1,1,1,1,1,1,1,1,1,1,1,1,1,1,1,1,1,1,1,1,1,1,1,1,1,1,1,1,1,1,1,1,1,1,1,1,1,1,1,1,1,1,1,1,1,1,1,1,1,1,1,1,1,1,1,1,1,1,1,1,1,1,1,1,1,1,1,1,1,1,1,1,1,1,1,1,1,1,1,1,1,1,1,1,1,1,1,1,1,1,1,1,1,1,1,1,1,1,1,1,1,1,1,1,1,1,1,1,1,1,1,1,1,1,1,1,1,1,1,1,1,1,1,1,1,1,1,1,1,1,1,1,1,1,1,1,1,1,1,1,1,1,1,1,1,1,1,1,1,1,1,1,1,1,1,1,1,1,1,1,1,1,1,1,1,1,1,1,1,1,1,1,1,1,1,1,1,1,1,1,1,1,1,1,1,1,1,1,1,1,1,1,1,1,1,1,1,1,1,1,1,1,1,1,1,1,1,1,1,1,1,1,1,1,1,1,1,1,1,1,1,1,1,1,1,1,1,1,1,1,1,1,1,1,1,1,1,1,1,1,1,1,1,1,1,1,1,1,1,1,1,1,1,1,1,1,1,1,1,1,1,1,1,1,1,1,1,1,1,1,1,1,1,1,1,1,1,1,1,1,1,1,1,1,1,1,1,1,1,1,1,1,1,1,1,1,1,1,1,1,1,1,1,1,1,1,1,1,1,1,1,1,1,1,1,1,1,1,1,1,1,1,1,1,1,1,1,1,1,1,1,1,1,1,1,1,1,1,1,1,1,1,1,1,1,1,1,1,1,1,1,1,1,1,1,1,1,1,1,1,1,1,1,1,1,1,1,1,1,1,1,1,1,1,1,1,1,1,1,1,1,1,1,1,1,1,1,1,1,1,1,1,1,1,1,1,1,1,1,1,1,1,1,1,1,1,1,1,1,1,1,1,1,1,1,1,1,1,1,1,1,1,1,1,1,1,1,1,1,1,1,1,1,1,1,1,1,1,1,1,1,1,1,1,1,1,1,1,1,1,1,1,1,1,1,1,1,1,1,1,1,1,1,1,1,1,1,1,1,1,1,1,1,1,1,1,1,1,1,1,1,1,1,1,1,1,1,1,1,1,1,1,1,1,1,1,1,1,1,1,1,1,1,1,1,1,1,1,1,1,1,1,1,1,1,1,1,1,1,1,1,1,1,1,1,1,1,1,1,1,1,1,1,1,1,1,1,1,1,1,1,1,1,1,1,1,1,1,1,1,1,1,1,1,1,1,1,1,1,1,1,1,1,1,1,1,1,1,1,1,1,1,1,1,1,1,1,1,1,1,1,1,1,1,1,1,1,1,1,1,1,1,1,1,1,1,1,1,1,1,1,1,1,1,1,1,1,1,1,1,1,1,1,1,1,1,1,1,1,1,1,1,1,1,1,1,1,1,1,1,1,1,1,1,1,1,1,1,1,1,1,1,1,1,1,1,1,1,1,1,1,1,1,1,1,1,1,1,1,1,1,1,1,1,1,1,1,1,1,1,1,1,1,1,1,1,1,1,1,1,1,1,1,1,1,1,1,1,1,1,1,1,1,1,1,1,1,1,1,1,1,1,1,1,1,1,1,1,1,1,1,1,1,1,1,1,1,1,1,1,1,1,1,1,1,1,1,1,1,1,1,1,1,1,1,1,1,1,1,1,1,1,1,1,1,1,1,1,1,1,1,1,1,1,1,1,1,1,1,1,1,1,1,1,1,1,1,1,1,1,1,1,1,1,1,1,1,1,1,1,1,1,1,1,1,1,1,1,1,1,1,1,1,1,1,1,1,1,1,1,1,1,1,1,1,1,1,1,1,1,1,1,1,1,1,1,1,1,1,1,1,1,1,1,1,1,1,1,1,1,1
S 1,1,1,1,1,1,1
Leclercq 1
resigned 1
ordered 1,1
STRICT 1
Personally 1,1
relatives 1
romantic 1,1,1,1,1,1
poorer 1
vaccination 1
Bishop 1
pint 1,1
matter 1,1,1,1,1,1,1,1,1,1,1,1,1,1,1,1
frankly 1,1,1,1,1
beautiful 1,1
restrains 1,1
probable 1
Shropshire 1,1,1,1,1
Trivial 1,1
polite 1
Orders 1
probably 1,1,1,1,1,1,1
Vanilla 1,1
reported 1
legislation 1
Nature 1
occurred 1,1
glare 1,1
Vanbrugh 1
starts 1,1,1,1
manna 1
page 1,1,1
painful 1,1,1,1,1,1
harvest 1
INCIDENTAL 1
provide 1,1,1,1,1,1,1
Could 1
meant 1
Rupee 1
tell 1,1,1,1,1,1,1,1,1,1,1,1,1,1,1,1,1
sacrifice 1
August 1
smiles 1,1
carefully 1,1,1,1,1
mourning 1,1,1,1
Stammering 1
bred 1
company 1
newsletter 1
convert 1
TRADEMARK 1
letters 1,1,1,1,1,1,1
scattered 1
twenty 1,1,1,1
use 1,1,1,1,1,1,1,1,1,1,1,1,1
terrible 1,1,1,1,1,1,1,1
stain 1
cups 1
rapidly 1
sweeps 1
happier 1
hesitatingly 1
shallying 1
received 1,1,1,1,1,1,1
quality 1
Discontent 1
middle 1
appear 1,1,1,1,1
invited 1
allow 1,1,1,1,1,1,1,1,1,1
crape 1
Every 1,1,1,1
Nervously 1,1
89 1
whole 1,1,1,1,1,1,1,1,1
knowing 1,1,1
registration 1
solitude 1
Prism 1,1,1,1,1,1,1,1,1,1,1,1,1,1,1,1,1,1,1,1,1,1,1,1,1,1,1,1,1,1,1,1,1,1,1,1,1,1,1,1,1,1,1,1,1,1,1,1,1,1,1,1,1,1,1,1,1,1,1,1,1,1,1,1,1,1,1,1,1,1,1,1,1,1,1,1,1,1,1,1,1,1,1,1,1,1
entrapped 1,1
grave 1,1,1
deductible 1
desperate 1
year 1,1,1,1
staying 1,1,1
returns 1
cultivated 1
Draws 1
evidence 1
repellent 1
cynical 1,1
Eh 1
Merriman 1,1,1,1,1,1,1,1,1,1,1,1,1,1,1,1,1,1,1,1,1,1,1,1,1,1,1,1,1,1,1,1,1,1,1,1
occupation 1,1
called 1,1,1,1,1,1,1,1,1,1,1,1
IF 1
He 1,1,1,1,1,1,1,1,1,1,1,1,1,1,1,1,1,1,1,1,1,1,1,1,1,1,1,1,1,1
In 1,1,1,1,1,1,1,1,1,1,1,1,1,1,1,1,1,1,1,1,1,1,1,1,1,1,1,1,1,1,1,1,1,1
against 1,1,1
Gutenberg 1,1,1,1,1,1,1,1,1,1,1,1,1,1,1,1,1,1,1,1,1,1,1,1,1,1,1,1,1,1,1,1,1,1,1,1,1,1,1,1,1,1,1,1,1,1,1,1,1,1,1,1,1,1,1,1,1,1,1,1,1,1,1,1,1,1,1,1,1,1,1,1,1,1,1,1,1,1,1,1,1,1
Oh 1,1,1,1,1,1,1,1,1,1,1,1,1,1,1,1,1,1,1,1,1,1,1,1,1,1,1,1,1,1,1,1,1,1,1,1,1,1,1,1,1,1,1,1,1,1,1,1,1,1,1,1,1,1,1,1,1,1,1
Let 1,1,1,1
Or 1
Millard 1
dining 1,1,1,1
wanted 1,1
another 1,1
TO 1,1
openly 1
houses 1
indigestion 1
simplicity 1
conclusion 1
derived 1
TIME 1
far 1,1,1,1,1,1,1,1,1,1
Uncle 1,1,1,1,1,1,1,1,1,1,1,1,1,1,1,1,1,1,1,1
depends 1,1,1,1,1,1
bewildered 1
suit 1
Couldn 1,1,1
Harbury 1,1
used 1,1,1,1,1
constantly 1
baptized 1
produces 1,1,1,1,1,1
topic 1
Fall 1
usen 1
fond 1,1,1,1,1,1
at 1,1,1,1,1,1,1,1,1,1,1,1,1,1,1,1,1,1,1,1,1,1,1,1,1,1,1,1,1,1,1,1,1,1,1,1,1,1,1,1,1,1,1,1,1,1,1,1,1,1,1,1,1,1,1,1,1,1,1,1,1,1,1,1,1,1,1,1,1,1,1,1,1,1,1,1,1,1,1,1,1,1,1,1,1,1,1,1,1,1,1,1,1,1,1,1,1,1,1,1,1,1,1,1,1,1,1,1,1,1,1,1,1,1,1,1,1,1,1,1,1,1,1,1,1,1,1,1,1,1,1,1,1,1,1,1,1,1,1,1,1,1,1,1,1,1,1,1,1,1,1,1,1,1,1,1,1,1,1,1,1
sudden 1,1,1
Divorces 1
whom 1,1,1,1,1,1
Did 1,1,1,1,1
tears 1,1
Garden 1,1
Professor 1
lower 1
acted 1
that 1,1,1,1,1,1,1,1,1,1,1,1,1,1,1,1,1,1,1,1,1,1,1,1,1,1,1,1,1,1,1,1,1,1,1,1,1,1,1,1,1,1,1,1,1,1,1,1,1,1,1,1,1,1,1,1,1,1,1,1,1,1,1,1,1,1,1,1,1,1,1,1,1,1,1,1,1,1,1,1,1,1,1,1,1,1,1,1,1,1,1,1,1,1,1,1,1,1,1,1,1,1,1,1,1,1,1,1,1,1,1,1,1,1,1,1,1,1,1,1,1,1,1,1,1,1,1,1,1,1,1,1,1,1,1,1,1,1,1,1,1,1,1,1,1,1,1,1,1,1,1,1,1,1,1,1,1,1,1,1,1,1,1,1,1,1,1,1,1,1,1,1,1,1,1,1,1,1,1,1,1,1,1,1,1,1,1,1,1,1,1,1,1,1,1,1,1,1,1,1,1,1,1,1,1,1,1,1,1,1,1,1,1,1,1,1,1,1,1,1,1,1,1,1,1,1,1,1,1,1,1,1,1,1,1,1,1,1,1,1,1,1,1,1,1,1,1,1,1,1,1,1,1,1,1,1,1,1,1,1,1,1,1,1,1,1,1,1,1,1,1,1,1,1,1,1,1,1,1,1,1,1,1,1,1,1,1,1,1,1,1,1,1
Updated 1
kissed 1
of 1,1,1,1,1,1,1,1,1,1,1,1,1,1,1,1,1,1,1,1,1,1,1,1,1,1,1,1,1,1,1,1,1,1,1,1,1,1,1,1,1,1,1,1,1,1,1,1,1,1,1,1,1,1,1,1,1,1,1,1,1,1,1,1,1,1,1,1,1,1,1,1,1,1,1,1,1,1,1,1,1,1,1,1,1,1,1,1,1,1,1,1,1,1,1,1,1,1,1,1,1,1,1,1,1,1,1,1,1,1,1,1,1,1,1,1,1,1,1,1,1,1,1,1,1,1,1,1,1,1,1,1,1,1,1,1,1,1,1,1,1,1,1,1,1,1,1,1,1,1,1,1,1,1,1,1,1,1,1,1,1,1,1,1,1,1,1,1,1,1,1,1,1,1,1,1,1,1,1,1,1,1,1,1,1,1,1,1,1,1,1,1,1,1,1,1,1,1,1,1,1,1,1,1,1,1,1,1,1,1,1,1,1,1,1,1,1,1,1,1,1,1,1,1,1,1,1,1,1,1,1,1,1,1,1,1,1,1,1,1,1,1,1,1,1,1,1,1,1,1,1,1,1,1,1,1,1,1,1,1,1,1,1,1,1,1,1,1,1,1,1,1,1,1,1,1,1,1,1,1,1,1,1,1,1,1,1,1,1,1,1,1,1,1,1,1,1,1,1,1,1,1,1,1,1,1,1,1,1,1,1,1,1,1,1,1,1,1,1,1,1,1,1,1,1,1,1,1,1,1,1,1,1,1,1,1,1,1,1,1,1,1,1,1,1,1,1,1,1,1,1,1,1,1,1,1,1,1,1,1,1,1,1,1,1,1,1,1,1,1,1,1,1,1,1,1,1,1,1,1,1,1,1,1,1,1,1,1,1,1,1,1,1,1,1,1,1,1,1,1,1,1,1,1,1,1,1,1,1,1,1,1,1,1,1,1,1,1,1,1,1,1,1,1,1,1,1,1,1,1,1,1,1,1,1,1,1,1,1,1,1,1,1,1,1,1,1,1,1,1,1,1,1,1,1,1,1,1,1,1,1,1,1,1,1,1,1,1,1,1,1,1,1,1,1,1,1,1,1,1,1,1,1,1,1
sympathy 1
determine 1
Christian 1,1,1,1,1,1,1,1
remarks 1
bookcase 1
settled 1,1,1
adore 1,1
Section 1,1,1,1,1,1,1
Volunteers 1
PROJECT 1,1,1,1
support 1,1,1,1
Fifeshire 1
superior 1
Internal 1
leather 1,1
periodic 1
More 1,1
Mother 1
copy 1,1,1,1,1,1,1,1,1,1,1,1,1,1
Goodbye 1
sound 1,1
barrier 1
uplifted 1
Character 1
depended 1
expenses 1,1
smoke 1,1
washing 1
compliance 1,1,1,1
your 1,1,1,1,1,1,1,1,1,1,1,1,1,1,1,1,1,1,1,1,1,1,1,1,1,1,1,1,1,1,1,1,1,1,1,1,1,1,1,1,1,1,1,1,1,1,1,1,1,1,1,1,1,1,1,1,1,1,1,1,1,1,1,1,1,1,1,1,1,1,1,1,1,1,1,1,1,1,1,1,1,1,1,1,1,1,1,1,1,1,1,1,1,1,1,1,1,1,1,1,1,1,1,1,1,1,1,1,1,1,1,1,1,1,1,1,1,1,1,1,1,1,1,1,1,1,1,1
deceitful 1
days 1,1,1,1,1,1,1,1
disguise 1
Marechal 1
wish 1,1,1,1,1,1,1,1,1,1,1,1,1,1,1,1,1
People 1,1,1,1
4557 1
ceased 1,1
period 1,1,1
confirmation 1,1
Offers 1,1,1
appearing 1
opportunities 1
vessels 1
disgraceful 1,1,1
Would 1
excuse 1,1
latest 1
Manager 1
things 1,1,1,1,1,1,1,1,1,1,1,1,1,1,1,1,1
Nor 1
impossible 1
Special 1
entrancing 1
confirmed 1,1,1
consider 1,1,1
novels 1,1
request 1
neither 1
chafe 1
Mississippi 1
questions 1,1
hold 1,1
count 1
accompany 1
deceived 1
reception 1
Room 1
Good 1,1,1,1,1,1,1,1,1,1,1,1
distinctly 1,1,1
shield 1
unpleasant 1,1,1,1
Were 1,1
pretended 1
shocked 1
processing 1
dictation 1
accordance 1,1
trademark/copyright 1
Laughing 1,1
household 1
Full 1
provincial 1
admirable 1,1,1
calculating 1
unwell 1
Opera 1
distress 1
donations 1,1,1,1,1,1,1,1,1,1,1,1
sweetness 1
Pencil 1
Gwendolen 1,1,1,1,1,1,1,1,1,1,1,1,1,1,1,1,1,1,1,1,1,1,1,1,1,1,1,1,1,1,1,1,1,1,1,1,1,1,1,1,1,1,1,1,1,1,1,1,1,1,1,1,1,1,1,1,1,1,1,1,1,1,1,1,1,1,1,1,1,1,1,1,1,1,1,1,1,1,1,1,1,1,1,1,1,1,1,1,1,1,1,1,1,1,1,1,1,1,1,1,1,1,1,1,1,1,1,1,1,1,1,1,1,1,1,1,1,1,1,1,1,1,1,1,1,1,1,1,1,1,1,1,1,1,1,1,1,1,1,1,1,1,1,1,1,1,1,1,1,1,1,1,1,1,1,1,1,1,1,1,1,1,1,1,1,1,1,1,1,1,1,1,1,1,1,1,1,1
cannot 1,1,1,1,1,1,1,1,1,1,1,1,1,1
Transcribed 1
invariably 1,1
moments 1,1
array 1
unalterable 1
DIRECT 1
YOU 1,1,1,1,1,1
adapted 1
801 1
endure 1
weeks 1
practised 1,1
qualities 1,1
Melan 1
agricultural 1
production 1
embrace 1,1
retain 1
blurt 1
copies 1,1,1,1,1,1,1
all 1,1,1,1,1,1,1,1,1,1,1,1,1,1,1,1,1,1,1,1,1,1,1,1,1,1,1,1,1,1,1,1,1,1,1,1,1,1,1,1,1,1,1,1,1,1,1,1,1,1,1,1,1,1,1,1,1,1,1,1,1,1,1,1,1,1,1,1,1,1,1,1,1,1,1,1,1,1,1,1,1,1,1,1,1,1,1,1,1,1,1,1,1,1,1,1,1,1,1,1,1,1,1,1,1,1,1
personification 1
Charming 1,1
irresistible 1,1
anywhere 1,1,1,1,1,1,1
Certainly 1,1,1,1,1,1,1
popular 1
curls 1
calm 1
Pleasantly 1
solicitors 1
lifetime 1
view 1
learned 1,1
introduce 1
Brut 1
Rector 1,1,1
fireplace 1
born 1,1
phrase 1,1,1,1,1
bows 1,1,1
mentioned 1,1,1,1,1,1,1,1
Release 1
original 1
say 1,1,1,1,1,1,1,1,1,1,1,1,1,1,1,1,1,1,1,1,1,1,1,1,1,1,1,1,1,1,1,1,1,1,1,1,1,1,1,1,1
educated 1
afterwards 1
Hon 1,1
accurately 1,1
violates 1
Liberal 1
deposited 1,1
North 1
related 1
brilliant 1
false 1,1,1
Unmarried 1
large 1,1,1,1,1,1,1
Girls 1
payments 1,1,1
POSSIBILITY 1
inquiry 1
everything 1,1,1,1,1
expressly 1
indirectly 1
improvements 1
sign 1,1
Terms 1,1
upstairs 1
plays 1,1
essentially 1
handles 1,1
Saturday 1,1,1
injury 1
surprised 1
stopped 1
manager 1
merriment 1
Modern 1,1
salver 1,1,1,1,1
idea 1,1,1,1,1,1,1,1
adults 1
Rise 1
reforming 1
stone 1,1
stony 1
sight 1,1
THEATRE 1
following 1,1,1,1,1
WORK 1
flat 1
prominently 1,1
cease 1,1
growing 1
accepted 1,1,1,1
tax 1,1,1,1,1,1
ranks 1
person 1,1,1,1,1,1,1,1,1
herself 1,1,1,1,1,1
Didn 1
ready 1,1,1,1,1,1
