drunk 1,1,1,1,1,1,1,1,1,1,1,1,1,1,1,1,1,1,1,1,1,1,1,1,1,1,1,1,1,1
D 1,1,1,1
hank 1,1,1
X 1,1
b 1,1,1,1,1,1,1,1,1,1,1,1,1,1,1,1,1,1,1
blistered 1,1
l 1,1
blood 1,1,1,1,1,1,1,1,1
readers 1
v 1
rope 1,1,1,1,1,1,1,1,1,1,1,1,1,1,1,1,1,1,1
roof 1,1,1,1,1,1
creepy 1
taking 1,1,1,1,1,1,1,1,1,1,1,1
Hallelujah 1
struck 1,1,1,1,1,1,1,1,1,1,1,1,1,1,1,1,1,1,1,1,1,1,1,1,1,1,1,1,1,1,1,1,1,1,1,1,1,1,1,1,1,1,1,1,1,1,1,1,1,1
cle 1
clo 1,1
pine 1,1,1
toe 1,1
shutting 1
too 1,1,1,1,1,1,1,1,1,1,1,1,1,1,1,1,1,1,1,1,1,1,1,1,1,1,1,1,1,1,1,1,1,1,1,1,1,1,1,1,1,1,1,1,1,1,1,1,1,1,1,1,1,1,1,1,1,1,1,1,1,1,1,1,1,1,1,1,1,1,1,1,1,1,1,1,1,1,1,1,1,1,1,1,1,1,1,1,1,1,1,1,1,1,1,1,1,1,1,1,1,1,1,1,1,1,1,1,1,1,1,1,1,1,1,1,1,1,1,1,1,1,1,1,1,1,1,1,1,1,1,1,1,1,1,1,1,1,1,1,1,1,1,1,1,1,1,1,1,1,1,1,1,1,1,1,1,1,1,1,1,1,1,1,1,1,1,1,1,1,1,1,1,1,1,1,1,1,1,1,1,1,1,1,1,1,1,1,1,1,1
cob 1,1
_dig_ 1
plenty 1,1,1,1,1,1,1,1,1,1,1,1,1,1,1,1,1,1,1,1,1
Hurry 1
says 1,1,1,1,1,1,1,1,1,1,1,1,1,1,1,1,1,1,1,1,1,1,1,1,1,1,1,1,1,1,1,1,1,1,1,1,1,1,1,1,1,1,1,1,1,1,1,1,1,1,1,1,1,1,1,1,1,1,1,1,1,1,1,1,1,1,1,1,1,1,1,1,1,1,1,1,1,1,1,1,1,1,1,1,1,1,1,1,1,1,1,1,1,1,1,1,1,1,1,1,1,1,1,1,1,1,1,1,1,1,1,1,1,1,1,1,1,1,1,1,1,1,1,1,1,1,1,1,1,1,1,1,1,1,1,1,1,1,1,1,1,1,1,1,1,1,1,1,1,1,1,1,1,1,1,1,1,1,1,1,1,1,1,1,1,1,1,1,1,1,1,1,1,1,1,1,1,1,1,1,1,1,1,1,1,1,1,1,1,1,1,1,1,1,1,1,1,1,1,1,1,1,1,1,1,1,1,1,1,1,1,1,1,1,1,1,1,1,1,1,1,1,1,1,1,1,1,1,1,1,1,1,1,1,1,1,1,1,1,1,1,1,1,1,1,1,1,1,1,1,1,1,1,1,1,1,1,1,1,1,1,1,1,1,1,1,1,1,1,1,1,1,1,1,1,1,1,1,1,1,1,1,1,1,1,1,1,1,1,1,1,1,1,1,1,1,1,1,1,1,1,1,1,1,1,1,1,1,1,1,1,1,1,1,1,1,1,1,1,1,1,1,1,1,1,1,1,1,1,1,1,1,1,1,1,1,1,1,1,1,1,1,1,1,1,1,1,1,1,1,1,1,1,1,1,1,1,1,1,1,1,1,1,1,1,1,1,1,1,1,1,1,1,1,1,1,1,1,1,1,1,1,1,1,1,1,1,1,1,1,1,1,1,1,1,1,1,1,1,1,1,1,1,1,1,1,1,1,1,1,1,1,1,1,1,1,1,1,1,1,1,1,1,1,1,1,1,1,1,1,1,1,1,1,1,1,1,1,1,1,1,1,1,1,1,1,1,1,1,1,1,1,1,1,1,1,1,1,1,1,1,1,1,1,1,1,1,1,1,1,1,1,1,1,1,1,1,1,1,1,1,1,1,1,1,1,1,1,1,1,1,1,1,1,1,1,1,1,1,1,1,1,1,1,1,1,1,1,1,1,1,1,1,1,1,1,1,1,1,1,1,1,1,1,1,1,1,1,1,1,1,1,1,1,1,1,1,1,1,1,1,1,1,1,1,1,1,1,1,1,1,1,1,1,1,1,1,1,1,1,1,1,1,1,1,1,1,1,1,1,1,1,1,1,1,1,1,1,1,1,1,1,1,1,1,1,1,1,1,1,1,1,1,1,1,1,1,1,1,1,1,1,1,1,1,1,1,1,1,1,1,1,1,1,1,1,1,1,1,1,1,1
actuly 1,1,1,1
Their 1
concern 1,1
Them 1,1,1,1,1,1,1
picks 1,1,1,1,1,1
cup 1,1
cuz 1,1
Defects 1
tear 1,1,1,1,1,1,1,1,1,1
thing 1,1,1,1,1,1,1,1,1,1,1,1,1,1,1,1,1,1,1,1,1,1,1,1,1,1,1,1,1,1,1,1,1,1,1,1,1,1,1,1,1,1,1,1,1,1,1,1,1,1,1,1,1,1,1,1,1,1,1,1,1,1,1,1,1,1,1,1,1,1,1,1,1,1,1,1,1,1,1,1,1,1,1,1,1,1,1,1,1,1,1,1,1,1,1,1,1,1,1,1,1,1,1,1,1,1,1,1,1,1,1,1,1,1,1,1,1,1,1,1,1,1,1,1,1,1,1,1,1,1,1,1,1,1,1,1,1,1,1,1,1,1,1,1,1
shook 1,1,1,1,1,1,1,1,1,1,1,1,1,1,1,1,1,1,1,1,1,1
paying 1,1,1
fellows 1,1,1,1,1,1,1,1,1,1,1
Search 1
This 1,1,1,1,1,1,1,1,1,1,1,1,1,1,1,1,1,1,1,1,1,1,1,1,1,1,1,1,1,1,1
glass 1,1,1
surprising 1
house 1,1,1,1,1,1,1,1,1,1,1,1,1,1,1,1,1,1,1,1,1,1,1,1,1,1,1,1,1,1,1,1,1,1,1,1,1,1,1,1,1,1,1,1,1,1,1,1,1,1,1,1,1,1,1,1,1,1,1,1,1,1,1,1,1,1,1,1,1,1,1,1,1,1,1,1,1,1,1,1,1,1,1,1,1,1,1,1,1,1
hitch 1,1,1,1
start 1,1,1,1,1,1,1,1,1,1,1,1,1,1,1,1,1,1,1,1,1,1,1,1,1,1,1,1,1,1,1,1,1,1,1,1,1,1,1,1,1
conveniences 1,1
Lecture 1,1
abreast 1,1,1,1,1
Mistaken 1
coats 1,1
toothpicks 1
eyebrows 1,1,1
manners 1,1
day 1,1,1,1,1,1,1,1,1,1,1,1,1,1,1,1,1,1,1,1,1,1,1,1,1,1,1,1,1,1,1,1,1,1,1,1,1,1,1,1,1,1,1,1,1,1,1,1,1,1,1,1,1,1,1,1,1,1,1,1,1,1,1,1,1,1,1,1,1,1,1,1,1,1,1,1,1,1,1,1,1,1,1,1,1,1,1,1,1,1,1,1,1,1,1,1,1,1,1,1,1,1,1,1,1,1,1,1,1
toned 1,1
hinges 1
build 1,1,1,1
_that 1,1,1,1,1
swelled 1,1,1
paralysis 1
Here 1,1,1,1,1,1,1,1,1,1,1,1,1,1,1,1,1,1,1,1,1,1,1,1,1,1
Bible 1,1,1,1,1,1
waited 1,1,1,1,1,1,1,1,1,1,1,1,1,1,1,1,1,1,1,1,1,1
partly 1,1,1
grumble 1
maximum 1
quarter 1,1,1,1,1,1,1,1,1,1,1,1,1,1,1,1
dig 1,1,1,1,1,1,1,1,1,1,1,1,1,1,1,1,1,1,1,1,1,1,1
She 1,1,1,1,1,1,1,1,1,1,1,1,1,1,1,1,1,1,1,1,1,1,1,1,1,1,1,1,1,1,1,1,1,1,1,1,1,1,1,1,1,1,1,1,1,1,1,1,1,1,1,1,1,1,1,1,1,1,1,1,1,1,1,1,1,1,1,1,1,1,1,1,1,1,1,1,1,1,1
camped 1
test 1
journey 1,1,1,1
Sid 1,1,1,1,1,1,1,1,1,1,1,1,1,1,1,1,1,1,1,1,1,1,1,1,1,1,1,1
injun 1,1,1,1
loaf 1
lunch 1,1,1,1
Irrigation 1
crime 1
stand 1,1,1,1,1,1,1,1,1,1,1,1,1,1,1,1,1,1,1,1,1,1,1,1,1,1,1,1,1,1,1,1,1,1,1,1,1,1
_dark_ 1
subject 1
waste 1,1,1
Boy 1,1
curl 1
woke 1,1,1,1
Pious 1
bang 1,1,1,1
_yet_ 1
20 1
_signs_ 1
stan 1,1,1
Charlotte 1,1,1
Warn 1
seedy 1
troubling 1
murdered 1,1,1,1,1
nuts 1,1,1
Beware 1
shovels 1,1,1,1
_Here_ 1
love 1,1,1,1,1,1,1,1,1
forehead 1,1,1,1,1
juice 1,1,1
hunted 1,1,1,1,1,1,1,1,1,1,1,1,1
SEND 1
spend 1,1,1,1
Since 1
sweetest 1,1
carpets 1
ragged 1,1,1
AS 1,1
capered 1,1
Been 1
Tim 1
fling 1,1
newspapers 1,1
http 1,1,1,1,1,1,1,1
calamity 1
bullet 1,1,1,1,1
slippers 1
START 1,1
brave 1,1,1
splitting 1
seventy 1,1
stealer 1
Is 1,1,1,1,1,1,1,1,1,1,1,1,1,1,1,1,1,1,1,1,1,1,1,1,1
valid 1
frocks 1,1,1,1
gladdest 1
yell 1,1,1,1,1,1,1
Me 1
brash 1,1,1,1,1
My 1,1,1,1,1,1,1,1,1,1,1,1,1,1,1,1,1,1,1,1,1,1,1,1,1,1,1
spies 1
preforeordestination 1
bulging 1,1
hollering 1,1
Best 1,1
Cur 1
expected 1,1,1,1,1,1
countries 1
glaring 1
suck 1
servants 1,1,1,1,1
LAST 1,1
originator 1
button 1
We 1,1,1,1,1,1,1,1,1,1,1,1,1,1,1,1,1,1,1,1,1,1,1,1,1,1,1,1,1,1,1,1,1,1,1,1,1,1,1,1,1,1,1,1,1,1,1,1,1,1,1,1,1,1,1,1,1,1,1,1,1,1,1,1,1,1,1,1,1,1,1,1,1,1,1,1,1,1,1,1,1,1,1,1,1,1,1,1,1,1,1,1,1,1,1,1,1,1,1,1,1,1,1,1,1,1,1,1,1,1,1,1,1,1,1,1,1,1,1,1,1,1,1,1,1,1,1,1,1,1,1,1,1,1,1,1,1,1,1,1,1,1,1,1,1,1,1,1,1,1,1,1,1,1,1,1,1,1,1,1,1,1,1,1,1,1,1,1,1,1,1,1,1,1,1,1,1,1,1,1
play 1,1,1,1,1,1,1,1,1,1,1,1,1,1
hived 1
Arrives 1
EBOOK 1,1
bullfrogs 1
web 1,1,1
grit 1,1,1
Gunn 1
_ast_ 1
looky 1,1,1,1,1,1,1,1,1
laughed 1,1,1,1,1,1,1,1,1,1,1,1,1,1,1,1
produced 1,1
hunk 1,1,1,1
_I 1,1,1,1,1,1,1
Huckleberry 1,1,1,1,1,1,1,1
attention 1,1
rank 1,1,1,1,1,1
tooth 1,1,1
charge 1,1,1,1,1,1,1,1,1
Dis 1
lickings 1,1,1
piece 1,1,1,1,1,1,1,1,1,1,1,1,1,1,1,1,1,1,1,1,1,1,1,1,1,1,1,1,1,1,1,1,1,1,1,1,1,1,1,1,1,1,1,1
ding 1
rate 1,1,1,1,1,1,1,1
dratted 1
wuz 1,1,1,1,1,1,1,1,1,1,1,1,1,1,1,1,1,1,1,1,1,1,1,1,1,1,1,1,1,1,1
fum 1
motherless 1
Broad 1
noble 1,1,1,1,1,1
sundown 1,1,1,1
heat 1
bricks 1
families 1,1,1,1
kisses 1
knit 1
infringement 1
registered 1,1
London 1,1,1,1,1
_Them_ 1
Louisville 1,1
Simple 1
crawly 1
lecture 1,1,1
_stan_ 1
joint 1
spiders 1,1,1,1,1,1,1,1
failure 1
changed 1,1,1,1,1,1
snack 1,1
gal 1
screw 1,1
swearing 1
teams 1
reeling 1,1
_Sid_ 1
precious 1
thou 1
histrionic 1,1
harbor 1
rustling 1
Printer 1
_Is_ 1
gin 1
flatheads 1
Dukes 1
without 1,1,1,1,1,1,1,1,1,1,1,1,1,1,1,1,1,1,1,1,1,1,1,1,1,1,1,1,1,1,1,1,1,1,1,1,1,1,1,1,1,1,1,1,1,1,1,1,1,1
oughter 1
anybody 1,1,1,1,1,1,1,1,1,1,1,1,1,1,1,1,1,1,1,1,1,1,1,1,1,1,1,1,1,1,1,1,1,1,1,1,1,1,1,1,1,1,1,1,1,1,1,1,1,1,1,1,1,1,1,1,1,1,1,1,1,1,1,1,1,1,1,1
combed 1
committed 1
faculties 1
adage 1
yours 1
correct 1,1,1
buil 1
formats 1,1
sunflowers 1
Aunt 1,1,1,1,1,1,1,1,1,1,1,1,1,1,1,1,1,1,1,1,1,1,1,1,1,1,1,1,1,1,1,1,1,1,1,1,1,1,1,1,1,1,1,1,1,1,1,1,1,1,1,1,1,1,1
understand 1,1,1,1,1,1,1,1,1,1,1,1,1
million 1,1,1,1,1,1,1
heading 1,1,1
daytimes 1,1,1,1,1,1
suits 1,1,1,1,1,1
cocking 1
extra 1
_believe_ 1
coffins 1,1
crowds 1
_wuz_ 1,1,1
welcome 1
Wreck 1,1,1
colors 1
_him_ 1,1,1,1,1,1,1,1,1,1,1,1,1,1,1,1,1,1,1
tragedy 1,1,1,1,1
school 1,1,1,1,1,1,1,1,1,1,1,1,1,1,1,1,1,1,1,1,1,1
brush 1,1,1,1,1
sighed 1
weight 1
swim 1,1,1,1,1,1,1,1
inshore 1
overhauling 1
bunches 1
stronger 1
yet 1,1,1,1,1,1,1,1,1,1,1,1,1,1,1,1,1,1,1,1,1,1,1,1,1,1,1,1,1,1,1,1,1,1,1,1,1,1,1,1,1,1,1,1,1,1,1,1,1,1,1,1,1,1,1,1,1,1,1,1
alike 1,1,1,1
1500 1
Conscience 1
lazy 1,1,1,1,1,1
Lothrop 1,1,1,1,1,1
Sawyers 1
raftsmen 1
crockery 1,1,1
him 1,1,1,1,1,1,1,1,1,1,1,1,1,1,1,1,1,1,1,1,1,1,1,1,1,1,1,1,1,1,1,1,1,1,1,1,1,1,1,1,1,1,1,1,1,1,1,1,1,1,1,1,1,1,1,1,1,1,1,1,1,1,1,1,1,1,1,1,1,1,1,1,1,1,1,1,1,1,1,1,1,1,1,1,1,1,1,1,1,1,1,1,1,1,1,1,1,1,1,1,1,1,1,1,1,1,1,1,1,1,1,1,1,1,1,1,1,1,1,1,1,1,1,1,1,1,1,1,1,1,1,1,1,1,1,1,1,1,1,1,1,1,1,1,1,1,1,1,1,1,1,1,1,1,1,1,1,1,1,1,1,1,1,1,1,1,1,1,1,1,1,1,1,1,1,1,1,1,1,1,1,1,1,1,1,1,1,1,1,1,1,1,1,1,1,1,1,1,1,1,1,1,1,1,1,1,1,1,1,1,1,1,1,1,1,1,1,1,1,1,1,1,1,1,1,1,1,1,1,1,1,1,1,1,1,1,1,1,1,1,1,1,1,1,1,1,1,1,1,1,1,1,1,1,1,1,1,1,1,1,1,1,1,1,1,1,1,1,1,1,1,1,1,1,1,1,1,1,1,1,1,1,1,1,1,1,1,1,1,1,1,1,1,1,1,1,1,1,1,1,1,1,1,1,1,1,1,1,1,1,1,1,1,1,1,1,1,1,1,1,1,1,1,1,1,1,1,1,1,1,1,1,1,1,1,1,1,1,1,1,1,1,1,1,1,1,1,1,1,1,1,1,1,1,1,1,1,1,1,1,1,1,1,1,1,1,1,1,1,1,1,1,1,1,1,1,1,1,1,1,1,1,1,1,1,1,1,1,1,1,1,1,1,1,1,1,1,1,1,1,1,1,1,1,1,1,1,1,1,1,1,1,1,1,1,1,1,1,1,1,1,1,1,1,1,1,1,1,1,1,1,1,1,1,1,1,1,1,1,1,1,1,1,1,1,1,1,1,1,1,1,1,1,1,1,1,1,1,1,1,1,1,1,1,1,1,1,1,1,1,1,1,1,1,1,1,1,1,1,1,1,1,1,1,1,1,1,1,1,1,1,1,1,1,1,1,1,1,1,1,1,1,1,1,1,1,1,1,1,1,1,1,1,1,1,1,1,1,1,1,1,1,1,1,1,1,1,1,1,1,1,1,1,1,1,1,1,1,1,1,1,1,1,1,1,1,1,1,1,1,1,1,1,1,1,1,1,1,1,1,1,1,1,1,1,1,1,1,1,1,1,1,1,1,1,1,1,1,1,1,1,1,1,1,1,1,1,1,1,1,1,1,1,1,1,1,1,1,1,1,1,1,1,1,1,1,1,1,1,1,1,1,1,1,1,1,1,1,1,1,1,1,1,1,1,1,1,1,1,1,1,1,1,1,1,1,1,1,1,1,1,1,1,1,1,1,1,1,1,1,1,1,1,1,1,1,1,1,1,1,1,1,1,1,1,1,1,1,1,1,1,1,1,1,1,1,1,1,1,1,1,1,1,1,1,1,1,1,1,1,1,1,1,1,1,1,1,1,1,1,1,1,1,1,1,1,1,1
Lear 1,1
GIT 1
belonged 1,1,1,1
_count 1
sounds 1,1,1,1,1
Only 1,1,1,1,1,1
crowded 1,1,1,1,1
meek 1,1
hog 1,1,1,1,1,1,1
liquor 1
chin 1,1,1,1,1,1,1
popped 1
everlast 1
abused 1
Fourteen 1
handbill 1,1,1
shivers 1,1
action 1
Exploring 1,1
uneasier 1
strike 1,1,1,1,1,1
gaudy 1,1,1,1,1
calculated 1,1
regardless 1
peacefuller 1
caverns 1
respectable 1,1
free 1,1,1,1,1,1,1,1,1,1,1,1,1,1,1,1,1,1,1,1,1,1,1,1,1,1,1,1,1,1,1,1,1,1,1,1,1,1,1,1,1,1,1,1,1,1
mannered 1
sockdolager 1
After 1,1,1,1,1,1,1,1,1,1,1,1
glares 1
Aristocracy 1
fair 1,1,1,1,1,1,1
stepping 1
furder 1
underneath 1,1,1,1,1,1
Get 1
hillside 1,1,1
HIS 1
tossed 1
death 1,1,1,1,1,1,1,1,1,1,1,1,1,1
Boggs 1,1,1,1,1,1,1,1,1,1,1,1,1,1,1,1
steam 1,1,1,1,1
_Hurry_ 1
shouldering 1
resolution 1
hugged 1,1,1,1,1,1,1,1
poor 1,1,1,1,1,1,1,1,1,1,1,1,1,1,1,1,1,1,1,1,1,1,1,1,1,1,1,1,1,1,1,1,1,1,1,1,1,1,1,1,1,1,1,1,1
_Now_ 1,1,1,1
HOW 1
pore 1,1,1,1
scented 1
Got 1
resky 1
Email 1
knowed 1,1,1,1,1,1,1,1,1,1,1,1,1,1,1,1,1,1,1,1,1,1,1,1,1,1,1,1,1,1,1,1,1,1,1,1,1,1,1,1,1,1,1,1,1,1,1,1,1,1,1,1,1,1,1,1,1,1,1,1,1,1,1,1,1,1,1,1,1,1,1,1,1,1,1,1,1,1,1,1,1,1,1,1,1,1,1,1,1,1,1,1,1
twyste 1
ankles 1
joining 1
skipped 1,1,1,1,1
miles 1,1,1,1,1,1,1,1,1,1,1,1,1,1,1,1
Down 1,1
WELL 1,1,1,1,1,1
cornered 1,1
Gun 1
Astronomical 1
powerful 1,1,1,1,1,1,1,1,1,1,1,1,1,1,1,1,1,1
copied 1,1
border 1
looked 1,1,1,1,1,1,1,1,1,1,1,1,1,1,1,1,1,1,1,1,1,1,1,1,1,1,1,1,1,1,1,1,1,1,1,1,1,1,1,1,1,1,1,1,1,1,1,1,1,1,1,1,1,1,1,1,1,1,1,1,1,1,1,1,1,1,1,1,1,1,1,1,1,1,1,1,1,1,1,1,1,1,1,1,1,1,1,1
minute 1,1,1,1,1,1,1,1,1,1,1,1,1,1,1,1,1,1,1,1,1,1,1,1,1,1,1,1,1,1,1,1,1,1,1,1,1,1,1,1,1,1,1,1,1,1,1,1,1,1,1,1,1,1,1,1,1,1,1,1,1,1,1,1,1,1,1,1,1,1,1,1,1,1,1,1,1,1,1,1,1,1,1,1,1,1,1,1,1,1,1,1,1,1,1
reason 1,1,1,1,1,1
_prisoner_ 1
goodness 1,1,1,1,1,1,1,1,1,1,1,1,1,1,1,1,1,1
woodboats 1
aristocracy 1,1
Often 1
Pretty 1,1,1,1,1,1,1,1,1,1,1,1,1,1,1,1,1,1,1,1,1
bleed 1
loadened 1
guidance 1
Lawsy 1
donjon 1
cussing 1,1,1,1,1,1,1,1,1,1,1,1,1,1
ducks 1
YOURS 1
roused 1
important 1,1
cloth 1,1,1
limitation 1,1,1
roped 1,1
joy 1,1,1,1,1,1,1
imitation 1,1
Mister 1
canoe 1,1,1,1,1,1,1,1,1,1,1,1,1,1,1,1,1,1,1,1,1,1,1,1,1,1,1,1,1,1,1,1,1,1,1,1,1,1,1,1,1,1,1,1,1,1,1,1,1,1,1,1,1,1,1,1,1,1,1,1,1,1,1,1,1
plague 1
Mortification 1
drive 1,1,1,1
sanctified 1
IRS 1
ransacked 1,1,1
Snags 1
shouts 1,1
riddle 1
signs 1,1,1,1,1,1,1,1,1,1,1,1,1
worms 1
pitifulness 1
report 1
scrabble 1,1,1,1,1,1
ferryman 1
David 1,1,1
bunch 1,1,1
Snake 1,1
loafing 1,1
howling 1,1,1,1,1
stupidness 1
stopping 1,1,1,1
referring 1
Question 1
Grangerfords 1,1,1,1,1,1
Richmond 1
kit 1
Subject 1
kissing 1,1
teeth 1,1,1,1,1,1,1,1,1
gashly 1
busting 1
hive 1,1,1
leaf 1,1,1,1
Asked 1
carelessest 1
week 1,1,1,1,1,1,1,1,1,1,1,1,1,1,1,1,1,1,1
noway 1,1,1
wealthiest 1
bricked 1
discourage 1
rabbit 1,1,1
backwards 1,1,1
corners 1
multiplication 1
benches 1,1,1
onto 1
Ancestors 1
wishin 1
loved 1,1,1,1
daylight 1,1,1,1,1,1,1,1,1,1,1,1,1,1,1,1,1,1,1,1,1,1,1
moccasins 1,1,1
capital 1
hated 1
shining 1,1,1,1,1
teacher 1
doan 1,1,1,1,1,1,1,1,1,1,1,1,1,1,1,1,1,1,1,1,1,1,1,1,1,1,1
wounded 1
scooting 1
sport 1,1
night 1,1,1,1,1,1,1,1,1,1,1,1,1,1,1,1,1,1,1,1,1,1,1,1,1,1,1,1,1,1,1,1,1,1,1,1,1,1,1,1,1,1,1,1,1,1,1,1,1,1,1,1,1,1,1,1,1,1,1,1,1,1,1,1,1,1,1,1,1,1,1,1,1,1,1,1,1,1,1,1,1,1,1,1,1,1,1,1,1,1,1,1,1,1,1,1,1,1,1,1,1,1,1,1,1,1,1,1,1,1,1,1,1,1,1,1,1,1,1,1,1,1,1,1,1,1,1,1,1,1,1,1,1,1,1,1
PUNITIVE 1
fashion 1,1,1
principle 1,1
slapping 1
fixed 1,1,1,1,1,1,1,1,1,1,1,1,1,1,1,1,1,1,1,1,1,1,1
soured 1,1
wanderin 1
Baron 1
_Whose_ 1
pair 1
Jim 1,1,1,1,1,1,1,1,1,1,1,1,1,1,1,1,1,1,1,1,1,1,1,1,1,1,1,1,1,1,1,1,1,1,1,1,1,1,1,1,1,1,1,1,1,1,1,1,1,1,1,1,1,1,1,1,1,1,1,1,1,1,1,1,1,1,1,1,1,1,1,1,1,1,1,1,1,1,1,1,1,1,1,1,1,1,1,1,1,1,1,1,1,1,1,1,1,1,1,1,1,1,1,1,1,1,1,1,1,1,1,1,1,1,1,1,1,1,1,1,1,1,1,1,1,1,1,1,1,1,1,1,1,1,1,1,1,1,1,1,1,1,1,1,1,1,1,1,1,1,1,1,1,1,1,1,1,1,1,1,1,1,1,1,1,1,1,1,1,1,1,1,1,1,1,1,1,1,1,1,1,1,1,1,1,1,1,1,1,1,1,1,1,1,1,1,1,1,1,1,1,1,1,1,1,1,1,1,1,1,1,1,1,1,1,1,1,1,1,1,1,1,1,1,1,1,1,1,1,1,1,1,1,1,1,1,1,1,1,1,1,1,1,1,1,1,1,1,1,1,1,1,1,1,1,1,1,1,1,1,1,1,1,1,1,1,1,1,1,1,1,1,1,1,1,1,1,1,1,1,1,1,1,1,1,1,1,1,1,1,1,1,1,1,1,1,1,1,1,1,1,1,1,1,1,1,1,1,1,1,1,1,1,1,1,1,1,1,1,1,1,1,1,1,1,1,1,1,1,1,1,1,1,1,1,1,1,1,1,1,1,1,1,1,1,1,1,1,1,1,1,1,1,1,1,1,1,1,1,1,1,1,1,1,1,1,1,1,1,1,1,1,1,1,1,1,1,1,1,1,1,1,1,1,1,1
Come 1,1,1,1,1,1,1,1,1,1,1,1,1,1,1,1,1,1,1,1,1
paly 1
remembered 1,1
whoever 1,1,1,1,1
pale 1,1,1,1,1,1,1,1
tellin 1
low 1,1,1,1,1,1,1,1,1,1,1,1,1,1,1,1,1,1,1,1,1,1,1,1,1,1,1,1,1,1,1,1,1,1,1,1,1,1,1,1,1,1
Found 1
innocentest 1
juries 1
jewelry 1
DOWLING 1
paddle 1,1,1,1,1,1,1,1,1,1,1,1,1,1,1
Will 1,1,1,1
lug 1
dote 1
bucket 1,1
smiled 1,1,1,1,1,1
Link 1,1
_toe_ 1
inch 1,1,1,1
kingdoms 1
signal 1,1,1,1,1
fastened 1
tackle 1,1
needles 1
bidder 1
Million 1
blessed 1,1,1
Lawyer 1
scalped 1
legally 1
blest 1,1
ideas 1
fences 1,1,1
directions 1
forenoon 1
XXVII 1,1
glidingest 1
patch 1,1,1
sizes 1
swaller 1
brisker 1,1
glance 1
mongs 1
sleepy 1,1,1,1
amost 1
mob 1,1,1,1,1
tongue 1,1,1,1,1,1
believed 1,1,1,1,1,1,1,1,1,1
include 1
alongside 1,1,1,1,1
_raf 1
craft 1
keeled 1
_doan_ 1
swaps 1
slab 1,1
because 1,1,1,1,1,1,1,1,1,1,1,1,1,1,1,1,1,1,1,1,1,1,1,1,1,1,1,1,1,1,1,1,1,1,1,1,1,1,1,1,1,1,1,1,1,1,1,1,1,1,1,1,1,1,1,1,1,1,1,1,1,1,1,1,1,1,1,1,1,1,1,1,1,1,1,1,1,1,1,1,1,1,1,1,1,1,1,1,1,1,1,1,1,1,1,1,1,1,1,1,1,1,1,1,1,1,1,1,1,1,1,1,1,1,1,1,1,1,1,1,1,1,1,1,1,1,1,1,1,1,1,1,1,1,1,1,1,1,1,1,1,1,1,1,1,1,1,1,1,1,1,1,1,1,1,1,1,1,1,1,1,1,1,1,1,1,1,1,1,1,1,1,1,1,1,1,1,1,1,1,1,1,1,1,1,1,1,1,1,1,1,1,1,1,1,1,1,1,1,1,1,1,1,1,1,1,1,1,1,1,1,1,1,1
undisposed 1
stretched 1,1,1,1,1,1,1,1,1,1,1
sweep 1,1
toed 1,1
pushing 1
pints 1
Iron 1
spirited 1
sweat 1,1,1,1,1,1,1,1,1,1,1,1,1,1,1,1,1,1,1,1
chimbleys 1
slid 1,1,1,1,1,1,1,1,1,1,1,1,1,1,1,1,1,1,1,1,1,1,1,1
Leviticus 1
wives 1,1,1,1,1,1
representations 1
Jimmy 1
pages 1
emptied 1,1,1,1
Sunday 1,1,1,1,1,1,1,1,1,1,1,1,1,1,1,1
specific 1
rotted 1
dictionary 1
rotten 1,1,1,1,1
dandy 1
recommend 1
fessor 1
hooks 1,1,1,1,1,1
documents 1
imagine 1
Harry 1,1
pined 1
flutter 1
complexion 1,1
droop 1
wher 1,1,1
widout 1,1
borry 1,1
Without 1
overflow 1
marked 1,1,1,1,1,1
indifferent 1
staggers 1
Bilgewater 1,1,1,1,1,1,1,1,1,1
mournin 1,1
uses 1
Escapes 1
sluicing 1
whooped 1,1
ordering 1
Stealer 1
claws 1,1
lynching 1,1
bluejay 1
thunder 1,1,1,1,1,1,1,1
_talk_ 1
warning 1
Wounded 1
strawbries 1,1
counted 1,1,1,1,1,1,1,1,1
quaking 1
fraid 1
turned 1,1,1,1,1,1,1,1,1,1,1,1,1,1,1,1,1,1,1,1,1,1,1,1,1,1,1,1,1,1,1,1,1,1,1,1,1,1,1,1
claim 1
follows 1
fidgeted 1
_He 1
Body 1
mudcat 1
States 1,1,1,1,1,1,1,1,1,1,1,1,1
Observer 1
moaned 1
Abner 1,1,1,1,1
exporting 1
willing 1,1,1,1
sneaking 1,1,1
cold 1,1,1,1,1,1,1,1,1,1,1,1,1,1,1,1,1,1,1,1,1,1,1,1,1
damp 1,1,1
settles 1
org 1,1,1,1,1
connection 1
Domesday 1
push 1
holiest 1
dark 1,1,1,1,1,1,1,1,1,1,1,1,1,1,1,1,1,1,1,1,1,1,1,1,1,1,1,1,1,1,1,1,1,1,1,1,1,1,1,1,1,1,1,1,1,1,1,1,1,1,1,1,1,1,1,1,1,1,1,1,1,1,1,1,1,1,1,1,1
According 1
cook 1,1,1,1,1,1
perished 1
owl 1
Moss 1
distributing 1,1,1,1,1,1,1
Mort 1
Bots 1,1,1,1,1
Loses 1
fishing 1,1,1,1
wilt 1
African 1
oath 1,1,1
wasted 1
everlasting 1
Booth 1,1
yellow 1
afflicted 1
paw 1,1
sentimentering 1
_second_ 1
_at 1
fatch 1
tanner 1,1
_Jim_ 1,1,1,1,1,1
disgusted 1,1
dodgers 1
Among 1
humbug 1
hacked 1,1,1,1
New 1,1,1,1,1,1
Specially 1,1
pie 1,1,1,1,1,1,1,1,1,1,1,1,1,1,1,1,1,1,1,1
stock 1,1,1,1,1,1,1,1,1,1,1,1
followed 1,1,1,1,1,1,1
soothering 1
renamed 1
Minore 1
passageways 1
pens 1,1,1,1,1,1,1,1,1,1
implied 1
Englishman 1,1,1,1
Now 1,1,1,1,1,1,1,1,1,1,1,1,1,1,1,1,1,1,1,1,1,1,1,1,1,1,1,1,1,1,1,1,1,1,1,1,1,1,1,1,1,1,1,1,1,1,1,1,1
playing 1,1,1
thicken 1
bymeby 1,1
gangs 1
ringmaster 1,1,1,1,1,1
getherin 1
valuable 1
methods 1
gowns 1,1
permanent 1
replace 1
answering 1
proofread 1
gross 1
general 1,1,1,1,1,1,1
glad 1,1,1,1,1,1,1,1,1,1,1,1,1,1,1,1,1,1,1,1,1,1,1,1,1,1,1,1,1,1,1,1,1,1,1,1,1,1,1,1,1,1,1,1,1,1
cooper 1
tramp 1,1,1,1,1,1,1,1,1
islands 1,1,1,1,1,1,1
tain 1,1,1
tells 1,1,1,1,1,1,1
rubbed 1,1,1,1,1,1
talk 1,1,1,1,1,1,1,1,1,1,1,1,1,1,1,1,1,1,1,1,1,1,1,1,1,1,1,1,1,1,1,1,1,1,1,1,1,1,1,1,1,1,1,1,1,1,1,1,1,1,1,1,1,1,1,1,1,1,1,1,1,1,1,1,1,1,1,1,1,1
plunging 1
berries 1,1
passel 1,1
Henry 1,1,1,1,1,1
Polly 1,1,1,1,1,1,1,1,1,1,1,1,1
Shackleford 1,1,1
tracks 1,1,1,1,1,1,1,1,1,1,1
_pretty_ 1
chimbly 1,1
canoed 1
Thinking 1,1
hope 1,1,1,1,1,1,1,1,1,1
hoop 1
funniest 1
sings 1,1,1,1,1,1,1,1,1,1,1,1,1,1,1
smile 1,1,1,1
fine 1,1,1,1,1,1,1,1,1,1,1,1,1
Have 1,1,1
true 1,1,1,1,1,1,1,1,1,1
_talking_ 1
appears 1
troubles 1,1,1,1,1,1,1,1,1,1,1
driftwood 1,1,1
measles 1,1
Ole 1,1
Mayflower 1
Jawing 1
fist 1,1,1
crews 1
thrashing 1,1
campaign 1
conflict 1
Janeero 1
hoped 1,1,1,1,1,1
wherever 1,1,1,1,1,1,1
thump 1
poking 1
covered 1,1,1,1
Whoever 1,1
Jericho 1,1
traded 1,1
trade 1,1,1,1
spen 1
_sperits_ 1
references 1,1
squirting 1
throat 1,1,1,1,1
dollar 1,1,1,1,1,1,1,1,1,1,1
French 1,1,1,1,1
Honor 1,1
oppression 1
shallow 1
couple 1,1,1,1,1,1,1,1,1,1,1,1,1,1,1,1,1,1,1,1,1,1,1,1,1,1,1,1,1,1,1,1,1,1,1,1,1,1
net/7/76/ 1
morrow 1,1,1,1
puddle 1
trust 1,1,1,1,1,1,1
scoop 1,1,1,1,1
beehive 1
warld 1
jest 1,1,1,1,1,1,1,1,1,1,1,1
overlooked 1
years 1,1,1,1,1,1,1,1,1,1,1,1,1,1,1,1,1,1,1,1,1
mysef 1,1,1
year_ 1
mighty 1,1,1,1,1,1,1,1,1,1,1,1,1,1,1,1,1,1,1,1,1,1,1,1,1,1,1,1,1,1,1,1,1,1,1,1,1,1,1,1,1,1,1,1,1,1,1,1,1,1,1,1,1,1,1,1,1,1,1,1,1,1,1,1,1,1,1,1,1
slough 1
electronic 1,1,1,1,1,1,1,1,1,1,1,1,1,1,1,1,1,1,1,1,1,1,1,1,1,1,1
spoiled 1,1
Pig 1
already 1,1,1,1,1,1,1,1,1
_any_ 1
any 1,1,1,1,1,1,1,1,1,1,1,1,1,1,1,1,1,1,1,1,1,1,1,1,1,1,1,1,1,1,1,1,1,1,1,1,1,1,1,1,1,1,1,1,1,1,1,1,1,1,1,1,1,1,1,1,1,1,1,1,1,1,1,1,1,1,1,1,1,1,1,1,1,1,1,1,1,1,1,1,1,1,1,1,1,1,1,1,1,1,1,1,1,1,1,1,1,1,1,1,1,1,1,1,1,1,1,1,1,1,1,1,1,1,1,1,1,1,1,1,1,1,1,1,1,1,1,1,1,1,1,1,1,1,1,1,1,1,1,1,1,1,1,1,1,1,1,1,1,1,1,1,1,1,1,1,1,1,1,1,1,1,1,1,1,1,1,1,1,1,1,1,1,1,1,1,1,1,1,1,1,1,1,1,1,1,1,1,1
Maim 1
woollen 1
lightning 1,1,1,1,1,1,1,1,1,1,1,1,1,1,1,1,1,1,1,1,1,1,1,1,1,1,1,1,1
spirits 1,1,1,1,1,1,1
warranties 1
99712 1
ark 1
ferryboat 1,1,1,1,1,1,1,1,1,1
holder 1,1,1,1
doxolojer 1
kick 1,1
stalks 1,1
guesswork 1
ast 1,1,1,1
dust 1
Parent 1
Triumphant 1
axe 1,1,1,1,1,1,1
saving 1
matched 1
Lots 1,1,1
scrape 1,1,1,1
devilment 1
Lost 1
kill 1,1,1,1,1,1,1,1,1,1,1,1,1,1,1,1,1,1,1,1,1,1,1,1,1,1,1,1,1,1,1
bove 1
talent 1
Balcony 1
schoolhouse 1
junketings 1
sat 1,1
REPLACEMENT 1
ungratefulness 1
bag 1,1,1,1,1,1,1,1,1,1,1,1,1,1,1,1,1,1,1,1,1,1,1
Interior 1
abuse 1
dead 1,1,1,1,1,1,1,1,1,1,1,1,1,1,1,1,1,1,1,1,1,1,1,1,1,1,1,1,1,1,1,1,1,1,1,1,1,1,1,1,1,1,1,1,1,1,1,1,1,1,1,1,1,1,1,1,1,1,1,1,1,1,1,1,1,1,1,1,1,1,1,1
eyes 1,1,1,1,1,1,1,1,1,1,1,1,1,1,1,1,1,1,1,1,1,1,1,1,1,1,1,1,1,1,1,1,1,1,1,1,1,1,1,1,1,1
sef 1
earnest 1,1,1
lemme 1,1,1,1,1,1
shipping 1
Marples 1
astonishin 1
forgive 1
getting 1,1,1,1,1,1,1,1,1,1,1,1,1,1,1,1,1,1,1,1,1,1,1,1,1,1,1,1,1,1,1,1,1,1,1,1,1,1,1,1,1,1,1,1,1
liking 1
sayin 1,1,1,1,1
embers 1
armpits 1,1
sof 1
_hope_ 1
Wednesday 1
spy 1
behind 1,1,1,1,1,1,1,1,1,1,1,1,1,1,1,1,1,1,1,1,1,1,1,1,1,1,1,1,1,1,1,1,1,1,1,1,1,1,1,1,1,1,1,1,1,1,1,1,1,1,1,1,1,1,1,1,1
bow 1,1,1,1,1,1,1,1
ripper 1,1
dancing 1,1
counts 1,1
fighting 1,1
interpreted 1,1
Cert 1
bug 1,1
handled 1
makin 1,1
ocean 1
_injun_ 1
hisself 1
slumped 1
penitentiary 1
sack 1,1,1,1,1,1,1,1
divining 1
marster 1
drank 1,1,1,1
Revenue 1
galley 1
waistcoats 1
twisted 1,1,1,1
wrapt 1
Silas 1,1,1,1,1,1,1,1,1,1,1,1,1,1,1,1,1,1,1,1,1,1,1,1,1,1,1,1,1
towards 1,1,1,1,1,1,1,1,1,1,1,1,1,1,1,1,1,1,1,1,1,1,1,1,1,1,1,1,1,1,1,1,1,1,1,1,1,1,1,1,1,1,1,1,1,1,1,1,1,1,1
mouthful 1
distinct 1
cap 1
clothes 1,1,1,1,1,1,1,1,1,1,1,1,1,1,1,1,1,1,1,1,1,1,1,1,1,1,1,1,1,1,1,1,1,1
