frowning 1
salary 1,1,1,1,1,1
tea 1,1,1
6 1,1,1
hang 1,1
role 1
J 1
straight 1,1,1,1,1,1,1,1
r 1,1
information 1,1,1,1,1,1,1,1,1,1,1
resolve 1,1
slurring 1
Light 1
serious 1,1,1,1,1,1,1,1,1,1,1,1,1,1,1,1,1,1
walked 1,1,1,1,1,1,1,1,1,1,1,1,1,1,1,1,1,1,1,1,1,1,1,1,1,1,1,1
disguises 1
ascend 1,1
harm 1,1,1,1,1,1,1,1
muster 1
fluffy 1,1,1
breadth 1
Air 1
ensue 1
pink 1,1,1,1
pips 1,1,1,1,1,1,1,1,1,1
madman 1
Herefordshire 1,1
haze 1
jolted 1
bachelor 1,1,1,1,1,1
cry 1,1,1,1,1,1,1,1,1,1,1,1,1,1,1,1,1,1,1,1,1,1,1,1,1,1,1,1
226 1
harness 1,1
sketch 1,1
concert 1
pity 1,1,1,1,1,1,1,1,1
rectify 1
worked 1,1,1,1,1
accuser 1
cub 1
calmly 1,1,1
pencils 1
attack 1
humour 1
blandly 1,1,1
speech 1,1,1,1,1,1
There 1,1,1,1,1,1,1,1,1,1,1,1,1,1,1,1,1,1,1,1,1,1,1,1,1,1,1,1,1,1,1,1,1,1,1,1,1,1,1,1,1,1,1,1,1,1,1,1,1,1,1,1,1,1,1,1,1,1,1,1,1,1,1,1,1,1,1,1,1,1,1,1,1,1,1,1,1,1,1,1,1,1,1,1,1,1,1,1,1,1,1,1,1,1,1,1,1,1,1,1,1,1,1,1,1,1,1,1,1,1,1,1,1,1,1,1,1,1,1,1,1,1,1,1,1,1,1,1,1,1,1,1,1,1,1,1,1,1,1,1,1,1,1,1,1,1,1,1,1,1,1,1,1,1,1,1,1,1,1,1,1,1,1,1,1,1,1,1,1,1,1,1,1,1
Assizes 1,1,1,1,1,1,1
ledgers 1
crumpled 1,1,1
furiously 1,1
Horsham 1,1,1,1,1,1,1,1,1,1
pretext 1
flames 1,1
Send 1
shows 1,1,1,1
elsewhere 1
sixteen 1
specimen 1,1
dated 1,1,1,1
revenge 1,1
built 1,1,1,1
disreputable 1,1,1
further 1,1,1,1,1,1,1,1,1,1,1
engraved 1
Boswell 1
1100 1
investments 1,1
grass 1,1,1,1,1,1,1,1,1
latch 1
tumultuously 1
stupefying 1
waiter 1,1
dim 1,1,1,1,1
forgotten 1,1,1,1
Sit 1,1
Peterson 1,1,1,1,1,1,1,1,1,1,1
Lady 1,1,1,1,1,1,1
sheets 1,1,1
length 1,1,1,1
grand 1
baby 1,1
stall 1,1,1
dog 1,1,1,1,1,1,1,1,1,1,1,1,1,1,1,1
stream 1,1,1,1,1
cries 1
fulfil 1
make 1,1,1,1,1,1,1,1,1,1,1,1,1,1,1,1,1,1,1,1,1,1,1,1,1,1,1,1,1,1,1,1,1,1,1,1,1,1,1,1,1,1,1,1,1,1,1,1,1,1,1,1,1,1,1,1,1,1,1,1,1,1,1,1,1,1,1,1,1,1,1,1,1,1,1,1
included 1,1,1,1
waving 1,1
thread 1
Anderson 1
outdoor 1
boxer 1
17 1
misjudged 1
Lane 1,1,1,1,1,1,1,1
26 1
1s 1
twinkle 1
35 1
expression 1,1,1,1,1,1,1,1
treat 1,1,1
Last 1,1,1
swiftly 1,1,1,1,1,1,1,1,1,1,1,1
admitted 1
sealed 1,1,1
Balmoral 1,1,1,1
crushed 1,1,1
knock 1,1,1,1
6d 1,1,1
bars 1,1,1,1
step 1,1,1,1,1,1,1,1,1,1,1,1,1,1,1,1,1,1,1,1,1,1,1
EBook 1,1
worn 1,1,1,1,1,1,1,1,1,1,1,1
word 1,1,1,1,1,1,1,1,1,1,1,1,1,1,1,1,1,1,1,1,1,1,1,1,1,1,1,1,1,1,1,1,1,1,1,1,1,1,1,1,1
Chesterfield 1
indoors 1,1,1
eat 1,1,1
exists 1
spell 1
mining 1,1
Can 1,1,1,1
thrust 1,1,1,1,1,1,1,1,1,1
Elias 1,1,1
unheeded 1
spent 1,1,1,1,1,1,1,1,1,1
Walsall 1
branch 1,1,1
enclosure 1,1,1
empire 1
neat 1,1,1,1,1
slighter 1
packet 1,1
version 1
stop 1,1,1,1,1,1,1,1
tearing 1,1,1
Market 1
loathsome 1
lasting 1
lined 1,1,1,1,1,1
linen 1,1,1,1
forty 1,1,1,1,1
skinned 1,1
Forgery 1
Whatever 1,1,1
expectancies 1
protruding 1,1,1,1,1
climbed 1
weighing 1
temperament 1
shake 1,1,1,1,1
dreamy 1
relieve 1
emigrated 1
farther 1,1,1,1,1,1,1,1,1,1
meadows 1,1
shoots 1
degraded 1
Two 1,1,1,1,1,1,1,1,1
envelope 1,1,1,1,1,1,1,1,1,1,1,1,1,1
deposit 1,1,1,1
unfailingly 1
fortunate 1,1,1,1,1,1,1,1
So 1,1,1,1,1,1,1,1,1,1,1,1,1,1,1,1,1,1,1,1,1,1,1,1,1,1,1,1,1,1,1,1,1,1,1
exclaimed 1,1,1
sharing 1,1,1
deposed 1
classes 1
undoing 1
summons 1,1
Hosmer 1,1,1,1,1,1,1,1,1,1,1,1,1,1,1,1,1,1,1,1,1,1,1
synonymous 1
stuck 1,1
gables 1
doddering 1
PLEASE 1
uncontrollable 1,1,1
older 1,1,1,1,1,1
pirates 1
grip 1,1,1,1,1,1
fee 1,1,1,1,1,1,1,1,1,1,1,1,1
sullenly 1
repugnant 1
hung 1,1,1,1,1,1,1,1
choked 1,1,1,1
who 1,1,1,1,1,1,1,1,1,1,1,1,1,1,1,1,1,1,1,1,1,1,1,1,1,1,1,1,1,1,1,1,1,1,1,1,1,1,1,1,1,1,1,1,1,1,1,1,1,1,1,1,1,1,1,1,1,1,1,1,1,1,1,1,1,1,1,1,1,1,1,1,1,1,1,1,1,1,1,1,1,1,1,1,1,1,1,1,1,1,1,1,1,1,1,1,1,1,1,1,1,1,1,1,1,1,1,1,1,1,1,1,1,1,1,1,1,1,1,1,1,1,1,1,1,1,1,1,1,1,1,1,1,1,1,1,1,1,1,1,1,1,1,1,1,1,1,1,1,1,1,1,1,1,1,1,1,1,1,1,1,1,1,1,1,1,1,1,1,1,1,1,1,1,1,1,1,1,1,1,1,1,1,1,1,1,1,1,1,1,1,1,1,1,1,1,1,1,1,1,1,1,1,1,1,1,1,1,1,1,1,1,1,1,1,1,1,1,1,1,1,1,1,1,1,1,1,1,1,1,1,1,1,1,1,1,1,1,1,1,1,1,1,1,1,1,1,1,1,1,1,1,1,1,1,1,1
faith 1,1,1
why 1,1,1,1,1,1,1,1,1,1,1,1,1,1,1,1,1,1,1,1,1,1,1,1,1,1,1,1,1,1,1,1,1,1,1,1,1,1,1
remark 1,1,1,1,1,1,1,1,1,1,1
hospitality 1
win 1
Until 1
From 1,1,1,1,1,1,1,1,1,1,1,1,1,1,1,1,1,1,1,1
flitted 1
losing 1,1,1
rang 1,1,1,1
addition 1,1,1
finder 1
food 1
Pope 1,1,1
preceded 1
snarl 1,1
never 1,1,1,1,1,1,1,1,1,1,1,1,1,1,1,1,1,1,1,1,1,1,1,1,1,1,1,1,1,1,1,1,1,1,1,1,1,1,1,1,1,1,1,1,1,1,1,1,1,1,1,1,1,1,1,1,1,1,1,1,1,1,1,1,1,1,1,1,1,1,1,1,1,1,1,1,1,1,1,1,1,1,1,1,1,1,1,1,1,1,1,1,1,1,1
portly 1,1
recalled 1,1,1
go 1,1,1,1,1,1,1,1,1,1,1,1,1,1,1,1,1,1,1,1,1,1,1,1,1,1,1,1,1,1,1,1,1,1,1,1,1,1,1,1,1,1,1,1,1,1,1,1,1,1,1,1,1,1,1,1,1,1,1,1,1,1,1,1,1,1,1,1,1,1,1,1,1,1,1,1,1,1,1,1,1,1,1,1,1,1,1,1,1,1,1,1,1,1,1,1,1,1,1
Fresh 1
appeared 1,1,1,1,1,1,1,1,1,1,1,1,1,1,1,1,1,1,1,1,1,1,1,1,1,1,1
four 1,1,1,1,1,1,1,1,1,1,1,1,1,1,1,1,1,1,1,1,1,1,1,1,1,1,1,1,1,1,1,1,1,1,1
bathroom 1
blotches 1,1
Hyde 1
wooded 1
places 1,1,1,1,1,1,1
wooden 1,1,1,1,1,1,1,1,1,1,1,1,1,1,1,1
earshot 1
locket 1,1
genii 1
Seldom 1
flowing 1,1
suggestive 1,1,1,1,1,1,1,1,1
rushing 1,1,1,1,1
daubing 1
heap 1
596 1
rocked 1
seek 1,1,1,1
heel 1,1
pierce 1
decision 1
prodigiously 1
abominable 1
single 1,1,1,1,1,1,1,1,1,1,1,1,1,1,1,1,1,1,1
pittance 1
waddling 1
commercial 1
waters 1
usual 1,1,1,1,1,1,1,1,1,1,1,1,1
Please 1,1
knot 1,1,1
frightened 1,1,1,1,1,1,1,1,1,1,1,1,1,1
landowner 1,1
cringe 1
barber 1
bridal 1
brain 1,1,1,1
located 1,1,1,1
addresses 1
proud 1
rejected 1
hers 1
peeling 1
astute 1
intend 1
exceeding 1
resolved 1
Carolinas 1
intrusted 1,1
suite 1,1,1
god 1
moisture 1,1,1
cleared 1,1,1,1,1,1,1,1,1,1,1,1,1,1,1,1
piquant 1
groaned 1,1,1
focus 1
corporation 1
hundred 1,1,1,1,1,1,1,1,1,1,1,1,1,1,1,1,1,1,1
handkerchief 1,1,1,1,1,1,1,1,1
writ 1
wake 1,1,1
Charles 1
void 1
READ 1
entitles 1
swag 1
bush 1
dryly 1
twentieth 1,1
High 1
extending 1,1
Married 1
induce 1,1
relapsed 1
chivalrous 1
tiptoes 1
proclaimed 1
lash 1,1,1,1
rattle 1,1,1,1
stooped 1,1
yesterday 1,1,1,1,1,1,1,1,1,1
denying 1
communicative 1
wager 1
Jove 1,1
civilised 1
wheeled 1
passenger 1
lawn 1,1,1,1,1,1,1,1,1,1,1,1
XII 1,1
fiction 1
his 1,1,1,1,1,1,1,1,1,1,1,1,1,1,1,1,1,1,1,1,1,1,1,1,1,1,1,1,1,1,1,1,1,1,1,1,1,1,1,1,1,1,1,1,1,1,1,1,1,1,1,1,1,1,1,1,1,1,1,1,1,1,1,1,1,1,1,1,1,1,1,1,1,1,1,1,1,1,1,1,1,1,1,1,1,1,1,1,1,1,1,1,1,1,1,1,1,1,1,1,1,1,1,1,1,1,1,1,1,1,1,1,1,1,1,1,1,1,1,1,1,1,1,1,1,1,1,1,1,1,1,1,1,1,1,1,1,1,1,1,1,1,1,1,1,1,1,1,1,1,1,1,1,1,1,1,1,1,1,1,1,1,1,1,1,1,1,1,1,1,1,1,1,1,1,1,1,1,1,1,1,1,1,1,1,1,1,1,1,1,1,1,1,1,1,1,1,1,1,1,1,1,1,1,1,1,1,1,1,1,1,1,1,1,1,1,1,1,1,1,1,1,1,1,1,1,1,1,1,1,1,1,1,1,1,1,1,1,1,1,1,1,1,1,1,1,1,1,1,1,1,1,1,1,1,1,1,1,1,1,1,1,1,1,1,1,1,1,1,1,1,1,1,1,1,1,1,1,1,1,1,1,1,1,1,1,1,1,1,1,1,1,1,1,1,1,1,1,1,1,1,1,1,1,1,1,1,1,1,1,1,1,1,1,1,1,1,1,1,1,1,1,1,1,1,1,1,1,1,1,1,1,1,1,1,1,1,1,1,1,1,1,1,1,1,1,1,1,1,1,1,1,1,1,1,1,1,1,1,1,1,1,1,1,1,1,1,1,1,1,1,1,1,1,1,1,1,1,1,1,1,1,1,1,1,1,1,1,1,1,1,1,1,1,1,1,1,1,1,1,1,1,1,1,1,1,1,1,1,1,1,1,1,1,1,1,1,1,1,1,1,1,1,1,1,1,1,1,1,1,1,1,1,1,1,1,1,1,1,1,1,1,1,1,1,1,1,1,1,1,1,1,1,1,1,1,1,1,1,1,1,1,1,1,1,1,1,1,1,1,1,1,1,1,1,1,1,1,1,1,1,1,1,1,1,1,1,1,1,1,1,1,1,1,1,1,1,1,1,1,1,1,1,1,1,1,1,1,1,1,1,1,1,1,1,1,1,1,1,1,1,1,1,1,1,1,1,1,1,1,1,1,1,1,1,1,1,1,1,1,1,1,1,1,1,1,1,1,1,1,1,1,1,1,1,1,1,1,1,1,1,1,1,1,1,1,1,1,1,1,1,1,1,1,1,1,1,1,1,1,1,1,1,1,1,1,1,1,1,1,1,1,1,1,1,1,1,1,1,1,1,1,1,1,1,1,1,1,1,1,1,1,1,1,1,1,1,1,1,1,1,1,1,1,1,1,1,1,1,1,1,1,1,1,1,1,1,1,1,1,1,1,1,1,1,1,1,1,1,1,1,1,1,1,1,1,1,1,1,1,1,1,1,1,1,1,1,1,1,1,1,1,1,1,1,1,1,1,1,1,1,1,1,1,1,1,1,1,1,1,1,1,1,1,1,1,1,1,1,1,1,1,1,1,1,1,1,1,1,1,1,1,1,1,1,1,1,1,1,1,1,1,1,1,1,1,1,1,1,1,1,1,1,1,1,1,1,1,1,1,1,1,1,1,1,1,1,1,1,1,1,1,1,1,1,1,1,1,1,1,1,1,1,1,1,1,1,1,1,1,1,1,1,1,1,1,1,1,1,1,1,1,1,1,1,1,1,1,1,1,1,1,1,1,1,1,1,1,1,1,1,1,1,1,1,1,1,1,1,1,1,1,1,1,1,1,1,1,1,1,1,1,1,1,1,1,1,1,1,1,1,1,1,1,1,1,1,1,1,1,1,1,1,1,1,1,1,1,1,1,1,1,1,1,1,1,1,1,1,1,1,1,1,1,1,1,1,1,1,1,1,1,1,1,1,1,1,1,1,1,1,1,1,1,1,1,1,1,1,1,1,1,1,1,1,1,1,1,1,1,1,1,1,1,1,1,1,1,1,1,1,1,1,1,1,1,1,1,1,1,1,1,1,1,1,1,1,1,1,1,1,1,1,1,1,1,1,1,1,1,1,1,1,1,1,1,1,1,1,1,1,1,1,1,1,1,1,1,1,1,1,1,1,1,1,1,1,1,1,1,1,1,1,1,1,1,1,1,1,1,1,1,1,1,1,1,1,1,1,1,1,1,1,1,1,1,1,1,1,1,1,1,1,1,1,1,1,1,1,1,1,1,1,1,1,1,1,1,1,1,1,1,1,1,1,1,1,1,1,1,1,1,1,1,1,1,1,1,1,1,1,1,1,1,1,1,1,1,1,1,1,1,1,1,1,1,1,1,1,1,1,1,1,1,1,1,1,1,1,1,1,1,1,1,1,1,1,1,1,1,1,1,1,1,1,1,1,1,1,1,1,1,1,1,1,1,1,1,1,1,1,1,1
history 1,1,1
repairs 1,1,1
point 1,1,1,1,1,1,1,1,1,1,1,1,1,1,1,1,1,1,1,1,1,1,1,1,1,1,1,1,1,1,1,1,1,1,1,1,1,1,1,1,1,1,1,1,1
JABEZ 1
deserve 1
Times 1,1
chaff 1
advance 1,1,1,1,1,1
beer 1,1,1
LIMITED 1,1,1
Scotch 1,1
beds 1,1
Embankment 1
how 1,1,1,1,1,1,1,1,1,1,1,1,1,1,1,1,1,1,1,1,1,1,1,1,1,1,1,1,1,1,1,1,1,1,1,1,1,1,1,1,1,1,1,1,1,1,1,1,1,1,1,1,1,1,1,1,1,1,1,1,1,1,1,1,1,1,1,1,1,1,1,1,1,1,1,1,1,1,1,1,1,1,1,1,1,1,1,1,1,1,1,1,1,1,1,1,1,1,1,1,1
gipsies 1,1,1,1,1,1,1
sometimes 1,1,1,1,1,1,1,1,1
antics 1
vacuous 1,1
confusion 1,1
Well 1,1,1,1,1,1,1,1,1,1,1,1,1,1,1,1,1,1,1,1,1,1,1,1,1,1,1,1,1,1,1,1,1,1,1,1,1,1,1,1,1,1,1,1,1,1,1,1,1,1,1,1,1,1,1,1,1,1,1,1,1,1,1,1,1,1,1,1,1,1,1,1,1,1,1,1,1,1,1,1,1,1,1,1,1,1,1,1,1,1,1,1,1,1,1,1,1,1,1,1,1,1
lurid 1,1
Language 1
notice 1,1,1,1,1,1,1,1,1,1
entreaties 1,1
fortunes 1,1,1
dropped 1,1,1,1,1,1,1,1,1,1,1,1,1,1,1,1
sensitive 1
asks 1
brownish 1
able 1,1,1,1,1,1,1,1,1,1,1,1,1,1,1,1,1,1,1,1,1,1,1,1,1,1,1,1,1,1,1
Obviously 1,1
cough 1
downloading 1
sooner 1,1,1,1
coroner 1,1,1,1,1,1,1,1,1,1
problems 1,1,1,1,1,1,1
allusions 1
master 1,1,1,1,1,1,1,1,1,1,1,1,1
puzzle 1
intention 1,1,1,1,1,1,1,1,1,1
fact 1,1,1,1,1,1,1,1,1,1,1,1,1,1,1,1,1,1,1,1,1,1,1,1,1
mews 1,1,1
limping 1
inextricable 1
clinched 1
whenever 1,1,1
loathing 1
fads 1,1
quarrelling 1,1
vital 1,1,1
jostling 1
smarter 1
scraped 1,1
Castle 1
fain 1
safety 1,1,1,1,1
seize 1
undergo 1
drawers 1,1,1
devilish 1
finished 1,1,1,1,1,1,1,1,1
error 1,1,1,1
operations 1
Frisco 1,1,1,1
tricky 1
fare 1,1,1
close 1,1,1,1,1,1,1,1,1,1,1,1,1,1,1,1,1,1,1
post 1,1,1,1,1,1,1,1
respect 1,1,1,1,1
Horner 1,1,1,1,1,1,1,1,1,1,1,1,1
searching 1,1,1
mixture 1,1
bills 1,1
wadding 1
Adventure 1,1,1,1,1,1
identify 1,1
greatcoat 1
masses 1
tassel 1
copier 1
clock 1,1,1,1,1,1,1,1,1,1,1,1,1,1,1,1,1,1,1,1,1,1,1,1,1,1,1,1,1,1,1,1,1,1,1,1,1,1
April 1,1,1
badly 1,1
cleverness 1
Refund 1
handed 1,1,1,1,1,1,1,1,1,1,1
worth 1,1,1,1,1,1,1,1,1,1
branded 1
Has 1,1,1,1
CORONET 1
lifted 1,1
telephone 1
everywhere 1
parties 1
shuttered 1,1
leaving 1,1,1,1,1,1,1,1,1
stranger 1,1,1,1,1,1
penny 1
carpenter 1
rely 1,1,1,1,1
harsh 1
freedom 1,1
injections 1
shortcomings 1
overtopped 1
cushioned 1
largest 1,1,1,1
footing 1,1,1
compliment 1,1
momentary 1,1
flickering 1
complex 1,1
narrowly 1,1
Bradstreet 1,1,1,1,1,1,1,1,1,1,1,1
national 1,1
excuses 1
REFUND 1
Prague 1
parts 1,1,1,1
Instead 1
sparkled 1,1
captured 1
mouths 1
tunnel 1,1
maiden 1,1,1,1
youngster 1,1
proportion 1
plate 1,1,1
Swiftly 1,1
powers 1,1,1,1,1,1
paused 1,1,1
knees 1,1,1,1,1,1,1,1,1,1
skirts 1
Executive 1
Europe 1,1,1,1,1,1
attached 1,1,1
Scala 1
interesting 1,1,1,1,1,1,1,1,1,1,1,1,1,1,1,1,1,1,1,1,1
cross 1,1,1,1,1,1,1
raised 1,1,1,1,1,1,1,1,1,1,1,1
implicated 1
zigzag 1
fancier 1
confirm 1,1,1
gaunter 1
luggage 1
counties 1
What 1,1,1,1,1,1,1,1,1,1,1,1,1,1,1,1,1,1,1,1,1,1,1,1,1,1,1,1,1,1,1,1,1,1,1,1,1,1,1,1,1,1,1,1,1,1,1,1,1,1,1,1,1,1,1,1,1,1,1,1,1,1,1,1,1,1,1,1,1,1,1,1,1,1,1,1,1,1,1,1,1,1,1,1,1,1,1,1,1,1,1,1,1,1,1,1,1,1,1,1,1,1,1,1,1,1,1,1,1,1,1,1,1,1,1,1,1,1
Recently 1
jowl 1
fleecy 1,1
firelight 1
backed 1,1,1,1
childish 1
Cedars 1,1,1
positively 1
elbowed 1
1858 1
weak 1,1,1,1,1
overhear 1
sunlight 1
passage 1,1,1,1,1,1,1,1,1,1,1,1,1,1,1,1,1,1,1,1,1,1,1
Archery 1
comparing 1
Wigmore 1
disentangled 1
voraciously 1
accent 1,1
quitted 1
meanwhile 1
balanced 1
example 1,1,1,1,1,1,1,1,1,1,1,1,1
characters 1
address 1,1,1,1,1,1,1,1,1,1,1,1,1,1,1,1,1,1,1,1,1,1,1,1,1,1
throw 1,1,1,1,1,1,1,1,1,1,1
thank 1,1,1,1,1,1,1
accumulated 1
Its 1,1,1,1,1,1,1,1
lens 1,1,1,1,1,1,1,1,1,1,1,1
chamois 1
ejaculated 1,1,1,1
extinguishes 1
fierce 1,1,1,1,1,1
Montana 1
employee 1
pray 1,1,1,1,1,1,1,1,1,1
law 1,1,1,1,1,1,1,1,1,1,1,1,1,1
adventure 1,1,1,1,1,1,1
hastily 1
coincidence 1
Cobb 1
Bachelor 1
cluster 1
cargo 1
regretted 1,1,1,1
courtesy 1,1
wandered 1,1,1,1
Foreign 1
clad 1,1,1,1,1,1,1
Jem 1,1,1,1
lie 1,1,1,1,1,1,1,1,1
Barton 1
employing 1,1
steely 1
away 1,1,1,1,1,1,1,1,1,1,1,1,1,1,1,1,1,1,1,1,1,1,1,1,1,1,1,1,1,1,1,1,1,1,1,1,1,1,1,1,1,1,1,1,1,1,1,1,1,1,1,1,1,1,1,1,1,1,1,1,1,1,1,1,1,1,1,1,1,1,1,1,1,1,1,1,1,1,1,1,1,1,1,1,1,1,1,1,1,1,1,1,1,1,1,1,1,1,1,1,1,1,1,1,1,1,1
mice 1
grocer 1
pain 1,1,1,1,1,1,1,1
enlarged 1
wiser 1,1
paid 1,1,1,1,1,1,1,1,1,1,1,1,1,1,1
pallet 1
threw 1,1,1,1,1,1,1,1,1,1,1,1,1,1,1,1,1,1,1,1,1,1,1,1,1,1,1,1,1
relics 1
accidental 1
Morcar 1,1,1,1
fury 1
clinked 1
commander 1
disappeared 1,1,1,1,1,1,1,1,1
ease 1,1
BOSCOMBE 1
Fairbank 1,1
Colonel 1,1,1,1,1,1,1,1,1,1,1,1,1,1,1
lithe 1
interfere 1,1,1,1
beasts 1
easy 1,1,1,1,1,1,1,1,1,1,1,1,1,1,1,1,1,1,1,1,1,1,1,1,1,1
honeymoon 1,1
domain 1,1,1,1,1,1,1
Proceed 1
grateful 1
mind 1,1,1,1,1,1,1,1,1,1,1,1,1,1,1,1,1,1,1,1,1,1,1,1,1,1,1,1,1,1,1,1,1,1,1,1,1,1,1,1,1,1,1,1,1,1,1,1,1,1,1,1,1,1,1,1,1,1
Nova 1
alterations 1
miss 1,1,1,1,1,1,1,1
plantation 1,1,1,1
Crowder 1,1,1
fear 1,1,1,1,1,1,1,1,1,1,1,1,1,1,1,1,1,1,1,1,1,1,1,1,1,1,1,1
mention 1,1
joking 1,1,1,1
agonies 1
equipment 1,1,1
feed 1
noiselessly 1,1
staccato 1
conceive 1,1
mercy 1,1
goals 1
sleeps 1,1
avoided 1,1
believe 1,1,1,1,1,1,1,1,1,1,1,1,1,1,1,1,1,1,1,1,1,1,1,1,1,1,1,1,1,1,1,1,1,1,1
Farrington 1
open 1,1,1,1,1,1,1,1,1,1,1,1,1,1,1,1,1,1,1,1,1,1,1,1,1,1,1,1,1,1,1,1,1,1,1,1,1,1,1,1,1,1,1,1,1,1,1,1,1,1,1,1,1,1,1,1,1,1,1,1,1,1,1,1
roughly 1,1
paces 1,1,1
injuring 1,1
paths 1
forces 1
prints 1
nonproprietary 1
ulsters 1
Accustomed 1
ourselves 1,1,1,1,1,1,1,1,1,1,1,1,1,1,1,1,1,1,1,1
voice 1,1,1,1,1,1,1,1,1,1,1,1,1,1,1,1,1,1,1,1
midday 1
Tottering 1
elder 1
chisel 1
Contact 1
swarm 1,1
variable 1
conception 1,1
happening 1
folded 1,1,1,1,1
occupations 1
oeuvre 1
fourteenth 1
bored 1,1
hydrochloric 1
responsible 1,1
Hardy 1,1
family 1,1,1,1,1,1,1,1,1,1,1,1,1,1,1,1,1,1,1,1,1,1,1,1,1,1,1,1,1,1
rolled 1,1,1,1,1,1
Hood 1
anyhow 1
Some 1,1,1,1,1,1,1,1,1,1,1,1,1,1,1,1,1,1
driver 1,1,1,1,1
holiday 1,1
slit 1,1,1
tops 1
positions 1
intervals 1,1
boundary 1
shoulder 1,1,1,1,1,1,1,1,1,1,1,1,1,1
Clearly 1
confidant 1,1
slopes 1
obeyed 1,1
protested 1,1
diggings 1,1
swung 1,1,1,1
Kramm 1,1
vestas 1
surmise 1,1
gales 1,1
breaks 1
Five 1,1,1
when 1,1,1,1,1,1,1,1,1,1,1,1,1,1,1,1,1,1,1,1,1,1,1,1,1,1,1,1,1,1,1,1,1,1,1,1,1,1,1,1,1,1,1,1,1,1,1,1,1,1,1,1,1,1,1,1,1,1,1,1,1,1,1,1,1,1,1,1,1,1,1,1,1,1,1,1,1,1,1,1,1,1,1,1,1,1,1,1,1,1,1,1,1,1,1,1,1,1,1,1,1,1,1,1,1,1,1,1,1,1,1,1,1,1,1,1,1,1,1,1,1,1,1,1,1,1,1,1,1,1,1,1,1,1,1,1,1,1,1,1,1,1,1,1,1,1,1,1,1,1,1,1,1,1,1,1,1,1,1,1,1,1,1,1,1,1,1,1,1,1,1,1,1,1,1,1,1,1,1,1,1,1,1,1,1,1,1,1,1,1,1,1,1,1,1,1,1,1,1,1,1,1,1,1,1,1,1,1,1,1,1,1,1,1,1,1,1,1,1,1,1,1,1,1,1,1,1,1,1,1,1,1,1,1,1,1,1,1,1,1,1,1,1,1,1,1,1,1,1,1,1,1,1,1,1,1,1,1,1,1,1,1,1,1,1,1
modest 1
excluded 1
struggling 1,1
Clotilde 1
survived 1
propriety 1,1
villainy 1
shirt 1,1,1,1,1
songs 1
widow 1
Drink 1
Eustace 1
borne 1,1,1,1
Kensington 1
urging 1
boiling 1
patted 1,1
deranged 1
Upper 1,1,1
alternate 1
Better 1,1
stairs 1,1,1,1,1,1,1,1,1,1,1,1,1,1
mountains 1
precaution 1,1,1,1,1
brightest 1,1
outstretched 1,1
class 1,1
very 1,1,1,1,1,1,1,1,1,1,1,1,1,1,1,1,1,1,1,1,1,1,1,1,1,1,1,1,1,1,1,1,1,1,1,1,1,1,1,1,1,1,1,1,1,1,1,1,1,1,1,1,1,1,1,1,1,1,1,1,1,1,1,1,1,1,1,1,1,1,1,1,1,1,1,1,1,1,1,1,1,1,1,1,1,1,1,1,1,1,1,1,1,1,1,1,1,1,1,1,1,1,1,1,1,1,1,1,1,1,1,1,1,1,1,1,1,1,1,1,1,1,1,1,1,1,1,1,1,1,1,1,1,1,1,1,1,1,1,1,1,1,1,1,1,1,1,1,1,1,1,1,1,1,1,1,1,1,1,1,1,1,1,1,1,1,1,1,1,1,1,1,1,1,1,1,1,1,1,1,1,1,1,1,1,1,1,1,1,1,1,1,1,1,1,1,1,1,1,1,1,1,1,1,1,1,1,1,1,1,1,1,1,1,1,1,1,1,1,1,1,1,1,1,1,1,1,1,1,1,1,1,1,1,1,1,1,1,1,1,1,1,1,1,1,1,1,1,1,1,1,1,1,1,1,1,1,1,1,1,1,1,1,1,1,1,1,1,1,1,1,1,1,1,1,1,1,1,1,1,1,1,1,1,1,1,1,1,1,1,1,1,1,1,1,1,1,1,1,1,1,1,1,1,1,1,1,1,1,1,1,1,1,1,1,1,1,1,1,1,1,1,1,1,1,1,1,1,1,1,1,1,1,1,1,1,1,1,1,1,1,1,1,1,1,1,1,1,1,1,1,1,1,1,1,1,1,1,1,1,1,1,1,1,1,1,1,1,1,1,1
Farewell 1
Tired 1
lunatic 1
Man 1,1
Venner 1
slums 1
transaction 1
homme 1
draughts 1
keys 1,1,1,1,1
preparations 1,1
oil 1,1,1
recover 1,1
drew 1,1,1,1,1,1,1,1,1,1,1,1,1,1,1,1,1
liar 1
partially 1
trout 1
diadem 1
pure 1,1
dank 1,1
retort 1
Quincey 1
capacity 1,1
out 1,1,1,1,1,1,1,1,1,1,1,1,1,1,1,1,1,1,1,1,1,1,1,1,1,1,1,1,1,1,1,1,1,1,1,1,1,1,1,1,1,1,1,1,1,1,1,1,1,1,1,1,1,1,1,1,1,1,1,1,1,1,1,1,1,1,1,1,1,1,1,1,1,1,1,1,1,1,1,1,1,1,1,1,1,1,1,1,1,1,1,1,1,1,1,1,1,1,1,1,1,1,1,1,1,1,1,1,1,1,1,1,1,1,1,1,1,1,1,1,1,1,1,1,1,1,1,1,1,1,1,1,1,1,1,1,1,1,1,1,1,1,1,1,1,1,1,1,1,1,1,1,1,1,1,1,1,1,1,1,1,1,1,1,1,1,1,1,1,1,1,1,1,1,1,1,1,1,1,1,1,1,1,1,1,1,1,1,1,1,1,1,1,1,1,1,1,1,1,1,1,1,1,1,1,1,1,1,1,1,1,1,1,1,1,1,1,1,1,1,1,1,1,1,1,1,1,1,1,1,1,1,1,1,1,1,1,1,1,1,1,1,1,1,1,1,1,1,1,1,1,1,1,1,1,1,1,1,1,1,1,1,1,1,1,1,1,1,1,1,1,1,1,1,1,1,1,1,1,1,1,1,1,1,1,1,1,1,1,1,1,1,1,1,1,1,1,1,1,1,1,1,1,1,1,1,1,1,1,1,1,1,1,1,1,1,1,1,1,1
drooping 1,1,1
elbows 1,1
inscrutable 1
date 1,1,1,1,1,1,1,1,1,1
drug 1,1,1,1,1
branches 1,1,1
cord 1,1,1,1,1
visitor 1,1,1,1,1,1,1,1,1,1,1,1,1,1,1,1,1,1,1,1,1,1,1,1,1,1,1
line 1,1,1,1,1,1,1,1,1,1,1,1,1,1,1,1,1,1,1
limp 1,1,1
affairs 1,1,1,1,1,1,1,1,1
dignity 1,1,1,1
chatting 1
snap 1,1
begins 1
wind 1,1,1,1,1,1,1,1,1,1,1
independent 1,1,1
talking 1,1,1,1,1,1,1,1,1
Dirty 1
blue 1,1,1,1,1,1,1,1,1,1,1,1,1,1,1,1,1,1,1,1,1,1,1,1
faces 1
harmony 1
chill 1,1,1,1
incredulity 1,1
list 1,1,1,1
strange 1,1,1,1,1,1,1,1,1,1,1,1,1,1,1,1,1,1,1,1,1,1,1,1,1,1,1,1,1,1,1,1,1,1,1,1,1,1,1,1,1,1,1,1,1,1
darkened 1
victory 1
with 1,1,1,1,1,1,1,1,1,1,1,1,1,1,1,1,1,1,1,1,1,1,1,1,1,1,1,1,1,1,1,1,1,1,1,1,1,1,1,1,1,1,1,1,1,1,1,1,1,1,1,1,1,1,1,1,1,1,1,1,1,1,1,1,1,1,1,1,1,1,1,1,1,1,1,1,1,1,1,1,1,1,1,1,1,1,1,1,1,1,1,1,1,1,1,1,1,1,1,1,1,1,1,1,1,1,1,1,1,1,1,1,1,1,1,1,1,1,1,1,1,1,1,1,1,1,1,1,1,1,1,1,1,1,1,1,1,1,1,1,1,1,1,1,1,1,1,1,1,1,1,1,1,1,1,1,1,1,1,1,1,1,1,1,1,1,1,1,1,1,1,1,1,1,1,1,1,1,1,1,1,1,1,1,1,1,1,1,1,1,1,1,1,1,1,1,1,1,1,1,1,1,1,1,1,1,1,1,1,1,1,1,1,1,1,1,1,1,1,1,1,1,1,1,1,1,1,1,1,1,1,1,1,1,1,1,1,1,1,1,1,1,1,1,1,1,1,1,1,1,1,1,1,1,1,1,1,1,1,1,1,1,1,1,1,1,1,1,1,1,1,1,1,1,1,1,1,1,1,1,1,1,1,1,1,1,1,1,1,1,1,1,1,1,1,1,1,1,1,1,1,1,1,1,1,1,1,1,1,1,1,1,1,1,1,1,1,1,1,1,1,1,1,1,1,1,1,1,1,1,1,1,1,1,1,1,1,1,1,1,1,1,1,1,1,1,1,1,1,1,1,1,1,1,1,1,1,1,1,1,1,1,1,1,1,1,1,1,1,1,1,1,1,1,1,1,1,1,1,1,1,1,1,1,1,1,1,1,1,1,1,1,1,1,1,1,1,1,1,1,1,1,1,1,1,1,1,1,1,1,1,1,1,1,1,1,1,1,1,1,1,1,1,1,1,1,1,1,1,1,1,1,1,1,1,1,1,1,1,1,1,1,1,1,1,1,1,1,1,1,1,1,1,1,1,1,1,1,1,1,1,1,1,1,1,1,1,1,1,1,1,1,1,1,1,1,1,1,1,1,1,1,1,1,1,1,1,1,1,1,1,1,1,1,1,1,1,1,1,1,1,1,1,1,1,1,1,1,1,1,1,1,1,1,1,1,1,1,1,1,1,1,1,1,1,1,1,1,1,1,1,1,1,1,1,1,1,1,1,1,1,1,1,1,1,1,1,1,1,1,1,1,1,1,1,1,1,1,1,1,1,1,1,1,1,1,1,1,1,1,1,1,1,1,1,1,1,1,1,1,1,1,1,1,1,1,1,1,1,1,1,1,1,1,1,1,1,1,1,1,1,1,1,1,1,1,1,1,1,1,1,1,1,1,1,1,1,1,1,1,1,1,1,1,1,1,1,1,1,1,1,1,1,1,1,1,1,1,1,1,1,1,1,1,1,1,1,1,1,1,1,1,1,1,1,1,1,1,1,1,1,1,1,1,1,1,1,1,1,1,1,1,1,1,1,1,1,1,1,1,1,1,1,1,1,1,1,1,1,1,1,1,1,1,1,1,1,1,1,1,1,1,1,1,1,1,1,1,1,1,1,1,1,1,1,1,1,1,1,1,1,1,1,1,1,1,1,1,1,1,1,1,1,1,1,1,1,1,1,1,1,1,1,1,1,1,1,1,1,1,1,1,1,1,1,1,1,1,1,1,1,1,1,1,1,1,1,1,1,1,1,1,1,1,1,1,1,1,1,1,1,1,1,1,1,1,1,1,1,1,1,1,1,1,1,1,1,1,1,1,1,1,1,1,1,1,1,1,1,1,1,1,1,1,1,1,1,1,1,1,1,1,1,1,1,1,1,1,1,1,1,1,1,1,1,1,1,1,1,1,1,1,1,1,1,1,1,1,1
concise 1
slowly 1,1,1,1,1,1,1,1,1,1,1,1,1,1,1,1,1,1
deathbeds 1
ever 1,1,1,1,1,1,1,1,1,1,1,1,1,1,1,1,1,1,1,1,1,1,1,1,1,1,1,1,1,1,1,1,1,1,1,1,1,1,1,1,1,1,1,1,1,1,1,1,1,1,1,1,1,1,1,1,1,1,1,1,1,1,1,1,1,1,1,1,1,1
indication 1
hubbub 1,1
Lysander 1,1,1,1,1,1,1
Three 1,1,1,1
rising 1,1,1,1,1,1,1,1,1
explanations 1,1
victim 1,1,1,1,1
unpack 1
hysterical 1,1
English 1,1,1,1,1,1,1,1,1,1
velvet 1,1
triumphant 1
flecked 1
ostlers 1,1
ajar 1
safeguard 1
epistle 1,1,1
prize 1
fainting 1,1,1
regurgitation 1
receipt 1,1,1
Scandal 1
anything 1,1,1,1,1,1,1,1,1,1,1,1,1,1,1,1,1,1,1,1,1,1,1,1,1,1,1,1,1,1,1,1,1,1,1,1,1,1,1,1,1,1,1,1,1,1,1,1,1,1,1
heavens 1,1,1,1,1,1,1
pets 1
Lestrade 1,1,1,1,1,1,1,1,1,1,1,1,1,1,1,1,1,1,1,1,1,1,1,1,1,1,1,1,1,1,1,1,1,1,1,1,1,1
CASE 1
Chubb 1
Deserted 1
apparently 1,1,1,1,1
questioning 1,1,1,1,1,1,1,1,1,1,1
adventuress 1
barrel 1
terrified 1,1,1
sliding 1,1
funds 1
KIND 1
sleepless 1
forearm 1
hoarse 1,1
trim 1,1
soft 1,1,1,1
jump 1,1,1,1
knowledge 1,1,1,1,1,1,1,1,1,1,1,1,1
devised 1,1
Salt 1
DEAR 1,1,1,1
appeals 1
Swain 1,1
rubber 1,1,1,1
rapidity 1
granting 1
purchasing 1
just 1,1,1,1,1,1,1,1,1,1,1,1,1,1,1,1,1,1,1,1,1,1,1,1,1,1,1,1,1,1,1,1,1,1,1,1,1,1,1,1,1,1,1,1,1,1,1,1,1,1,1,1,1,1,1,1,1,1,1,1,1,1,1,1,1,1,1,1,1,1,1,1,1,1,1,1,1,1,1,1,1,1,1,1,1,1,1,1,1,1,1,1,1,1,1,1,1,1,1,1,1,1,1,1,1,1,1,1,1,1,1,1
sold 1,1,1,1,1
midnight 1,1,1,1,1
hole 1,1,1,1,1
Oct 1
royalty 1
opium 1,1,1,1,1,1,1,1,1,1,1,1
Hare 1
dived 1
streaming 1
member 1,1,1,1,1
evening 1,1,1,1,1,1,1,1,1,1,1,1,1,1,1,1,1,1,1,1,1,1,1,1,1,1,1,1,1,1,1,1,1,1,1,1,1
return 1,1,1,1,1,1,1,1,1,1,1,1,1,1,1,1,1,1,1,1,1,1
seats 1,1
drove 1,1,1,1,1,1,1,1,1,1,1,1,1,1,1,1,1,1,1,1,1,1,1,1,1,1
patent 1,1
writers 1
splashed 1
ignorant 1,1,1
sticking 1,1
inflicted 1,1
collection 1,1,1,1,1
moonshine 1,1,1
Title 1
employ 1,1
disadvantages 1
soothingly 1
Munich 1
passionately 1,1
betrayed 1
thumb 1,1,1,1,1,1,1,1,1,1,1,1,1,1,1
fumes 1
span 1
tight 1
space 1
bosom 1,1
frequent 1,1
unlocking 1,1
invaders 1
mopping 1
mumbled 1,1
calling 1,1,1,1,1,1
helpless 1,1,1
expectancy 1
moves 1
theorize 1
Cornwall 1
fishes 1,1
spot 1,1,1
Wharf 1
confederate 1,1,1
tender 1,1,1
meditation 1
spun 1
commissions 1
rumour 1
row 1,1,1,1,1
whiskered 1
cake 1
hired 1
000 1,1,1,1,1,1
grace 1,1,1
noticed 1,1,1,1,1,1,1
describes 1
scrawl 1
crates 1
rug 1,1,1
organisation 1,1
ate 1,1
octavo 1
edition 1
ally 1
crying 1
duty 1,1,1,1,1,1,1,1,1,1
dangers 1,1
greater 1,1,1,1,1,1
trunk 1,1
outsides 1
exercise 1,1
Logic 1
bore 1,1,1,1,1
beings 1
accounts 1,1,1
persistently 1
Robert 1,1,1,1,1,1
Mission 1
Yesterday 1,1,1
Baxter 1
traces 1,1,1,1,1,1,1,1,1,1,1,1
nerve 1,1,1
latter 1,1,1,1,1,1,1,1,1,1
personal 1,1,1,1,1
sponge 1,1,1
poses 1
nodded 1,1,1,1
sample 1,1
spongy 1
stroll 1
deep 1,1,1,1,1,1,1,1,1,1,1,1,1,1,1,1,1,1,1,1,1,1,1,1,1,1
Scotland 1,1,1,1,1,1,1,1,1,1,1
await 1
sir 1,1,1,1,1,1,1,1,1,1,1,1,1,1,1,1,1,1,1,1,1,1,1,1,1,1,1,1,1,1,1,1,1,1,1,1,1,1,1,1,1,1,1,1,1,1,1,1,1,1,1,1,1,1,1,1,1,1,1,1,1,1,1,1,1,1,1
over 1,1,1,1,1,1,1,1,1,1,1,1,1,1,1,1,1,1,1,1,1,1,1,1,1,1,1,1,1,1,1,1,1,1,1,1,1,1,1,1,1,1,1,1,1,1,1,1,1,1,1,1,1,1,1,1,1,1,1,1,1,1,1,1,1,1,1,1,1,1,1,1,1,1,1,1,1,1,1,1,1,1,1,1,1,1,1,1,1,1,1,1,1,1,1,1,1,1,1,1,1,1,1,1,1,1,1,1,1,1,1,1,1,1,1,1,1,1,1,1,1,1,1,1,1,1,1,1,1,1,1,1,1,1,1,1,1,1,1,1,1,1,1,1,1,1,1,1,1,1,1,1,1,1,1,1,1,1,1,1,1,1,1,1,1,1,1,1,1,1,1,1,1,1,1,1,1,1,1,1,1,1
obviously 1,1,1
amplifying 1
paragraph 1,1,1,1,1,1,1,1,1,1,1,1,1
sly 1,1
cupboard 1,1,1,1
gossips 1
THUMB 1
constant 1
sob 1,1
handcuffs 1
shades 1
occurrences 1
friend 1,1,1,1,1,1,1,1,1,1,1,1,1,1,1,1,1,1,1,1,1,1,1,1,1,1,1,1,1,1,1,1,1,1,1,1,1,1,1,1,1,1,1,1,1,1,1,1,1,1,1,1,1,1,1,1,1,1,1,1,1,1,1,1,1,1,1,1,1,1,1,1,1,1,1,1,1,1,1
morning 1,1,1,1,1,1,1,1,1,1,1,1,1,1,1,1,1,1,1,1,1,1,1,1,1,1,1,1,1,1,1,1,1,1,1,1,1,1,1,1,1,1,1,1,1,1,1,1,1,1,1,1,1,1,1,1,1,1,1,1,1,1,1,1,1,1,1,1,1,1,1,1,1,1,1,1,1,1,1,1,1,1,1,1,1,1,1,1,1,1,1,1,1,1,1,1,1,1,1,1
requested 1
12s 1
noised 1
missing 1,1,1,1,1,1,1,1,1,1,1,1
figure 1,1,1,1,1,1,1,1,1,1,1,1,1,1,1,1,1,1,1
zest 1
retiring 1,1
feature 1,1,1,1,1
brazen 1
Sometimes 1,1,1
utter 1,1
dozen 1,1,1,1,1,1,1,1,1,1,1
indirect 1
patients 1,1
chanced 1
cab 1,1,1,1,1,1,1,1,1,1,1,1,1,1,1,1,1,1,1,1,1,1,1,1,1,1
Hopkins 1,1
geology 1
tune 1
topped 1
carried 1,1,1,1,1,1,1,1,1,1,1,1,1,1,1,1,1,1,1,1,1,1
motion 1,1,1,1
idle 1
hail 1
