approved 1
would 1,1,1,1,1,1,1,1,1,1,1,1,1,1,1,1,1,1,1,1,1,1,1,1,1,1,1,1,1,1,1,1,1,1,1,1,1,1,1,1,1,1,1,1,1,1,1,1,1,1,1,1,1,1,1,1,1,1,1,1,1,1,1,1,1,1,1,1,1,1,1,1,1,1,1,1,1,1,1,1,1,1,1,1,1,1,1,1,1,1,1,1,1,1,1,1,1,1,1,1,1,1,1,1,1,1,1,1,1,1,1,1,1,1,1,1,1,1,1,1,1,1,1,1,1,1,1,1,1,1,1,1,1,1,1,1,1,1,1,1,1,1,1,1,1,1,1,1,1,1,1,1,1,1,1,1,1,1,1,1,1,1,1,1,1,1,1,1,1,1,1,1,1,1,1,1,1,1,1,1,1,1,1,1
hearer 1
7 1,1,1
object 1
newspaper 1,1,1,1
A 1,1,1
concede 1
elect 1
result 1
U 1,1,1
halt 1
destroyed 1
s 1,1,1,1,1,1,1,1,1,1,1,1,1,1,1,1,1,1,1,1,1,1,1,1,1,1,1,1,1,1,1,1,1,1,1,1,1,1,1,1,1,1,1,1,1,1,1,1,1,1,1,1,1,1,1,1,1,1,1,1,1,1,1,1,1,1,1,1,1,1,1,1,1,1,1,1,1,1,1,1,1,1,1,1,1,1,1,1,1,1,1,1,1,1,1,1,1,1,1,1,1,1,1,1,1,1,1,1,1,1,1,1,1,1,1,1,1,1,1,1,1,1,1,1,1,1,1,1,1,1,1,1,1,1,1,1,1,1,1,1,1,1,1,1,1,1,1,1,1,1,1,1,1,1,1,1,1,1,1,1,1,1,1,1,1,1,1,1,1,1,1,1,1,1,1,1,1,1,1,1,1,1,1,1,1,1,1,1,1,1,1,1,1,1,1,1,1,1,1
good 1,1,1,1,1,1,1,1,1,1,1,1,1,1,1,1,1,1
copying 1,1,1,1
others 1,1,1,1,1,1,1,1,1
making 1,1,1,1,1,1,1,1,1,1,1
gone 1,1,1,1,1
Redistribution 1
shivering 1
hard 1,1,1,1,1,1,1,1,1,1,1,1
room 1,1,1,1,1,1,1,1,1,1,1,1,1,1,1,1,1,1,1,1,1,1,1,1,1,1,1,1,1,1,1,1,1,1,1,1,1,1,1,1,1,1,1,1,1,1,1,1,1,1,1,1,1,1,1,1,1,1,1,1,1,1,1,1,1,1,1,1,1,1,1,1,1,1,1,1,1,1,1,1,1,1,1,1,1,1,1,1,1,1,1,1,1,1,1,1,1,1,1,1,1,1,1,1,1,1,1,1,1,1,1,1,1,1,1,1,1,1,1,1,1,1,1,1,1,1,1,1,1,1,1
suitable 1,1,1
additions 1
lad 1
owns 1,1
including 1,1,1,1,1,1,1,1
20% 1
were 1,1,1,1,1,1,1,1,1,1,1,1,1,1,1,1,1,1,1,1,1,1,1,1,1,1,1,1,1,1,1,1,1,1,1,1,1,1,1,1,1,1,1,1,1,1,1,1,1,1,1,1,1,1,1,1,1,1,1,1,1,1,1,1,1,1
And 1,1,1,1,1,1,1,1,1,1,1,1,1,1,1,1,1,1,1,1,1,1,1,1,1,1,1,1,1,1
doctor 1,1,1,1,1,1,1
lieutenant 1
let 1,1,1,1,1,1,1,1,1,1,1,1,1,1,1,1,1,1,1,1,1,1,1,1,1,1,1,1
state 1,1,1,1,1,1,1,1,1,1,1,1,1,1,1,1
pack 1
wasting 1
starve 1
prevented 1
creation 1
BUT 1
watch 1,1
Creating 1
unable 1,1,1,1,1,1
chest 1,1,1,1,1,1,1,1,1,1,1,1,1,1
These 1,1
involved 1
full 1,1,1,1,1,1,1,1,1,1,1,1,1,1,1,1,1
CONSEQUENTIAL 1
ordeal 1
lot 1,1,1,1
centre 1
checked 1
raising 1,1,1,1
curiosity 1
minutes 1,1
particular 1,1,1,1,1,1
critical 1
persuaded 1
DISTRIBUTOR 1
announcement 1
conservatory 1,1,1
See 1,1
THE 1,1,1,1
did 1,1,1,1,1,1,1,1,1,1,1,1,1,1,1,1,1,1,1,1,1,1,1,1,1,1,1,1,1,1,1,1,1,1,1,1,1,1,1,1,1,1,1,1,1,1,1,1,1,1,1,1,1,1,1,1,1,1,1,1,1,1,1,1,1,1,1,1,1,1,1
$1 1
remained 1,1,1,1,1,1,1,1,1,1,1
gratefully 1
permission 1,1,1,1,1,1,1,1,1,1
gaslight 1
arduous 1
lock 1,1,1,1,1,1,1,1
forward 1,1,1,1,1,1,1,1,1,1,1,1
THAT 1,1
sprung 1
dry 1,1
nonsense 1
structure 1
breast 1
above 1,1,1,1
released 1
PROVIDED 1
shared 1
remember 1,1,1
seven 1,1,1,1,1,1,1,1
scar 1
landing 1,1,1,1,1,1
disgust 1
gutenberg 1,1,1,1,1
sunshine 1
90 1,1
lose 1
across 1,1,1,1,1,1,1
rushed 1,1,1,1,1,1
altogether 1
discover 1
tenants 1,1
martyr 1
BEFORE 1
sufficiently 1
urge 1,1,1,1,1
music 1,1,1,1,1,1,1
silence 1,1,1
appropriate 1
BE 1
An 1
floundering 1
leave 1,1,1,1,1,1,1,1,1,1,1
intentions 1,1,1,1,1
DAMAGE 1
obtaining 1,1
sleeping 1,1,1,1,1,1
stretch 1,1,1
told 1,1,1,1,1,1,1,1,1
gradually 1
If 1,1,1,1,1,1,1,1,1,1,1,1,1,1,1,1,1,1,1,1,1,1,1,1,1,1,1,1,1,1
nightdress 1
Soon 1
links 1,1,1
took 1,1,1,1,1,1,1,1,1,1,1,1,1,1,1,1,1,1
running 1,1,1,1,1,1
needle 1
maintain 1
echo 1
cheese 1,1,1
waved 1
such 1,1,1,1,1,1,1,1,1
gossip 1
white 1,1,1,1,1,1,1
To 1,1,1,1
nearly 1,1,1,1,1,1,1,1,1
nor 1,1
news 1,1,1
locking 1
nearby 1
catch 1,1,1,1
determined 1
gain 1
happened 1,1,1,1,1,1,1,1,1,1,1,1,1,1,1
rage 1
awoke 1
effect 1
explaining 1,1,1
didn 1,1,1,1,1,1,1,1,1,1
shiny 1
former 1
turning 1,1,1,1,1,1,1
breathe 1,1,1,1
girls 1
knife 1
END 1
carry 1,1,1,1,1,1,1,1
dozing 1
watching 1,1,1
chewing 1
he 1,1,1,1,1,1,1,1,1,1,1,1,1,1,1,1,1,1,1,1,1,1,1,1,1,1,1,1,1,1,1,1,1,1,1,1,1,1,1,1,1,1,1,1,1,1,1,1,1,1,1,1,1,1,1,1,1,1,1,1,1,1,1,1,1,1,1,1,1,1,1,1,1,1,1,1,1,1,1,1,1,1,1,1,1,1,1,1,1,1,1,1,1,1,1,1,1,1,1,1,1,1,1,1,1,1,1,1,1,1,1,1,1,1,1,1,1,1,1,1,1,1,1,1,1,1,1,1,1,1,1,1,1,1,1,1,1,1,1,1,1,1,1,1,1,1,1,1,1,1,1,1,1,1,1,1,1,1,1,1,1,1,1,1,1,1,1,1,1,1,1,1,1,1,1,1,1,1,1,1,1,1,1,1,1,1,1,1,1,1,1,1,1,1,1,1,1,1,1,1,1,1,1,1,1,1,1,1,1,1,1,1,1,1,1,1,1,1,1,1,1,1,1,1,1,1,1,1,1,1,1,1,1,1,1,1,1,1,1,1,1,1,1,1,1,1,1,1,1,1,1,1,1,1,1,1,1,1,1,1,1,1,1,1,1,1,1,1,1,1,1,1,1,1,1,1,1,1,1,1,1,1,1,1,1,1,1,1,1,1,1,1,1,1,1,1,1,1,1,1,1,1,1,1,1,1,1,1,1,1,1,1,1,1,1,1,1,1,1,1,1,1,1,1,1,1,1,1,1,1,1,1,1,1,1,1,1,1,1,1,1,1,1,1,1,1,1,1,1,1,1,1,1,1,1,1,1,1,1,1,1,1,1,1,1,1,1,1,1,1,1,1,1,1,1,1,1,1,1,1,1,1,1,1,1,1,1,1,1,1,1,1,1,1,1,1,1,1,1,1,1,1,1,1,1,1,1,1,1,1,1,1,1,1,1,1,1,1,1,1,1,1,1,1,1,1,1,1,1,1,1,1,1,1,1,1,1,1,1,1,1,1,1,1,1,1,1,1,1,1,1,1,1,1,1,1,1,1,1,1,1,1,1,1,1,1,1,1,1,1,1,1,1,1,1,1,1,1,1,1,1,1,1,1,1,1,1,1,1,1,1,1,1,1,1,1,1,1,1,1,1,1,1,1,1,1,1
Throughout 1,1
transcribe 1
else 1,1,1,1,1,1,1,1
in 1,1,1,1,1,1,1,1,1,1,1,1,1,1,1,1,1,1,1,1,1,1,1,1,1,1,1,1,1,1,1,1,1,1,1,1,1,1,1,1,1,1,1,1,1,1,1,1,1,1,1,1,1,1,1,1,1,1,1,1,1,1,1,1,1,1,1,1,1,1,1,1,1,1,1,1,1,1,1,1,1,1,1,1,1,1,1,1,1,1,1,1,1,1,1,1,1,1,1,1,1,1,1,1,1,1,1,1,1,1,1,1,1,1,1,1,1,1,1,1,1,1,1,1,1,1,1,1,1,1,1,1,1,1,1,1,1,1,1,1,1,1,1,1,1,1,1,1,1,1,1,1,1,1,1,1,1,1,1,1,1,1,1,1,1,1,1,1,1,1,1,1,1,1,1,1,1,1,1,1,1,1,1,1,1,1,1,1,1,1,1,1,1,1,1,1,1,1,1,1,1,1,1,1,1,1,1,1,1,1,1,1,1,1,1,1,1,1,1,1,1,1,1,1,1,1,1,1,1,1,1,1,1,1,1,1,1,1,1,1,1,1,1,1,1,1,1,1,1,1,1,1,1,1,1,1,1,1,1,1,1,1,1,1,1,1,1,1,1,1,1,1,1,1,1,1,1,1,1,1,1,1,1,1,1,1,1,1,1,1,1,1,1,1,1,1,1,1,1,1,1,1,1,1,1,1,1,1,1,1,1,1,1,1,1,1,1,1,1,1,1,1,1,1,1,1,1,1,1,1,1,1,1,1,1,1,1,1,1,1,1,1,1,1,1,1,1,1,1,1,1,1,1,1,1,1,1,1,1,1,1,1,1,1,1,1,1,1,1,1,1,1,1,1,1,1,1,1,1,1,1,1,1,1,1,1,1,1,1,1,1,1,1,1,1
dismissed 1
lively 1,1,1
May 1,1
off 1,1,1,1,1,1,1,1,1,1,1,1,1,1,1,1,1,1,1
edge 1
dirt 1,1
shuffled 1
mixed 1,1,1
oh 1
or 1,1,1,1,1,1,1,1,1,1,1,1,1,1,1,1,1,1,1,1,1,1,1,1,1,1,1,1,1,1,1,1,1,1,1,1,1,1,1,1,1,1,1,1,1,1,1,1,1,1,1,1,1,1,1,1,1,1,1,1,1,1,1,1,1,1,1,1,1,1,1,1,1,1,1,1,1,1,1,1,1,1,1,1,1,1,1,1,1,1,1,1,1,1,1,1,1,1,1,1,1,1,1,1,1,1,1,1,1,1,1,1,1
determination 1
bushy 1
clever 1
hundreds 1
recent 1
hissing 1,1,1
re 1,1,1,1,1,1,1,1,1,1,1,1,1,1
donors 1
pull 1,1,1
tm 1,1,1,1,1,1,1,1,1,1,1,1,1,1,1,1,1,1,1,1,1,1,1,1,1,1,1,1,1,1,1,1,1,1,1,1,1,1,1,1,1,1,1,1,1,1,1,1,1,1,1,1,1,1,1,1,1
flowed 1,1,1
generations 1,1
rules 1,1
treated 1
thin 1,1
gas 1
slight 1,1,1,1
wide 1,1,1,1,1
beyond 1
closing 1,1
terms 1,1,1,1,1,1,1,1,1,1,1,1,1,1,1,1,1,1,1,1
method 1,1
sensible 1,1,1,1
continued 1,1
help 1,1,1,1,1,1,1,1,1,1,1,1,1,1,1,1,1
climbing 1
feeble 1
contributions 1
licensed 1
authority 1
medium 1,1,1,1,1
changing 1
write 1
draught 1
violence 1
tempted 1
robust 1
possibilities 1
everyone 1,1,1,1,1,1,1,1,1
splinter 1
arms 1,1,1,1,1,1,1,1,1,1,1,1,1
accumulating 1
refusing 1
events 1
Project 1,1,1,1,1,1,1,1,1,1,1,1,1,1,1,1,1,1,1,1,1,1,1,1,1,1,1,1,1,1,1,1,1,1,1,1,1,1,1,1,1,1,1,1,1,1,1,1,1,1,1,1,1,1,1,1,1,1,1,1,1,1,1,1,1,1,1,1,1,1,1,1,1,1,1,1,1,1,1,1,1,1,1,1
receive 1,1,1,1,1
feelings 1
uncomfortable 1
carelessly 1
employees 1,1,1,1,1,1
put 1,1,1,1,1,1,1,1,1,1,1,1,1,1
bedrooms 1
Charlottenstrasse 1
excitedly 1,1
hit 1,1,1,1
companions 1,1
protruded 1
ceiling 1,1,1,1,1,1,1
clean 1,1,1
meal 1,1,1,1,1,1
uneasy 1,1,1
ticking 1
sofa 1,1,1
comes 1
lurched 1
putting 1,1
2001 1
For 1,1,1,1,1,1,1,1,1,1
beginning 1,1,1
waiting 1,1,1
additional 1,1,1
owner 1,1,1,1,1
home 1,1,1,1,1,1,1,1,1,1,1,1,1,1,1,1,1,1,1
paragraphs 1,1,1
hardest 1
impression 1,1
could 1,1,1,1,1,1,1,1,1,1,1,1,1,1,1,1,1,1,1,1,1,1,1,1,1,1,1,1,1,1,1,1,1,1,1,1,1,1,1,1,1,1,1,1,1,1,1,1,1,1,1,1,1,1,1,1,1,1,1,1,1,1,1,1,1,1,1,1,1,1,1,1,1,1,1,1,1,1,1,1,1,1,1,1,1,1,1,1,1,1,1,1,1,1,1,1,1,1,1,1,1,1,1,1,1,1,1,1,1,1,1,1,1,1,1,1,1,1,1,1
bent 1,1,1,1,1,1
clutter 1
friends 1,1,1,1
task 1,1
present 1,1,1,1,1,1,1,1,1
certainly 1,1,1,1,1,1,1,1,1,1,1,1,1
distinguish 1
thereby 1
actually 1,1,1,1,1,1,1
celebrations 1
derivative 1,1,1
commerce 1
every 1,1,1,1,1,1,1,1,1,1,1,1
fall 1,1,1,1,1,1,1,1
nice 1,1,1,1,1,1,1
bottom 1
healed 1
nailed 1
glimpsed 1
linked 1
red 1
choose 1,1
Gregory 1
disturbing 1
Donations 1,1
incapable 1
distributed 1,1,1,1
6221541 1
urged 1
hairs 1
preoccupied 1
decisions 1
unsolicited 1
eBooks 1,1,1,1,1,1,1
unlocked 1
maintaining 1
today 1,1,1,1
saying 1,1,1,1
fifteen 1,1
warnings 1,1
filth 1
taste 1,1
Foundation 1,1,1,1,1,1,1,1,1,1,1,1,1,1,1,1,1,1,1,1,1,1,1,1
Many 1
either 1,1,1,1,1,1
yourself 1,1
worst 1
distance 1,1,1
prospects 1,1
Yes 1,1,1,1,1
assuming 1
yank 1
leader 1
cash 1,1
wearily 1
protect 1,1,1
more 1,1,1,1,1,1,1,1,1,1,1,1,1,1,1,1,1,1,1,1,1,1,1,1,1,1,1,1,1,1,1,1,1,1,1,1,1,1,1,1,1,1,1,1,1,1,1,1,1,1,1,1,1,1,1,1,1,1,1,1,1,1,1,1,1,1,1,1,1,1,1,1
wrapped 1
cave 1
bones 1
eaten 1,1,1
job 1,1,1,1,1,1,1,1
miracle 1,1
gets 1
bad 1,1,1
suffer 1,1,1
excusal 1
angry 1
compared 1
sew 1
debt 1,1,1
practical 1
sentence 1,1
neighbour 1
Tonight 1
whereabouts 1
anger 1,1,1
Nothing 1,1
Before 1,1
unfortunate 1
editions 1,1,1,1
OWNER 1
encouraged 1
sideboard 1
horrible 1,1,1
pleasure 1,1,1,1,1,1,1
current 1,1,1
available 1,1,1
especially 1,1,1,1,1,1,1,1,1,1,1,1,1
austere 1
types 1
reach 1
nobody 1,1,1,1,1
gentlemen 1,1,1,1,1,1,1,1,1,1,1,1,1,1,1,1,1,1,1,1,1,1,1,1
behaviour 1,1,1
safe 1
Below 1
alarm 1,1,1,1,1,1
While 1
