Donkey 1
Countryman 1
drunk 1,1,1
rattled 1,1
scanty 1
meats 1,1,1
click 1,1,1,1
backwards 1,1,1,1,1,1
compassionate 1,1
vengeance 1
D 1
Hush 1
b 1
benches 1,1,1
blood 1,1,1,1,1,1,1,1,1,1,1,1,1,1,1,1,1,1,1,1,1,1,1,1,1,1,1,1,1,1,1,1
readers 1
wheels 1,1,1,1,1,1,1,1,1,1,1,1,1
sleeper 1
aside 1,1,1,1,1,1,1
rope 1,1,1,1,1,1,1,1,1,1,1
roof 1,1,1,1,1,1,1,1,1,1,1,1,1,1,1,1
taking 1,1,1,1,1,1,1,1,1,1,1
SNOWDROP 1,1
loved 1,1,1,1,1,1,1,1,1,1,1,1,1,1,1,1,1,1,1,1,1,1,1,1
flashing 1
struck 1,1,1,1,1,1,1,1,1,1,1,1,1,1,1,1,1,1,1,1,1
hate 1
daylight 1,1,1,1,1,1
toe 1,1
shutting 1
too 1,1,1,1,1,1,1,1,1,1,1,1,1,1,1,1,1,1,1,1,1,1,1,1,1,1,1,1,1,1,1,1,1,1,1,1,1,1,1,1,1,1,1,1,1,1,1,1,1,1,1,1,1,1,1,1,1,1,1,1,1,1,1,1,1,1,1,1,1,1,1,1,1,1,1,1,1,1,1,1,1,1,1,1,1,1,1,1,1,1,1,1,1,1,1,1,1,1,1,1,1,1,1,1,1,1
wept 1,1,1,1,1,1,1,1,1,1,1,1,1,1,1,1,1,1,1,1,1,1,1,1,1,1
vinegar 1,1,1,1
capital 1,1,1
fuel 1,1,1
joyously 1,1
hated 1,1
plenty 1,1,1,1,1,1,1,1,1,1,1,1,1,1,1
shining 1,1,1,1,1,1,1,1,1
Hurry 1
coolly 1
says 1,1,1,1,1,1,1,1,1,1,1,1
wounded 1,1,1,1,1,1,1,1,1
Their 1,1
tapped 1,1,1
overset 1,1,1
piteously 1
sport 1,1
prey 1,1
concern 1
night 1,1,1,1,1,1,1,1,1,1,1,1,1,1,1,1,1,1,1,1,1,1,1,1,1,1,1,1,1,1,1,1,1,1,1,1,1,1,1,1,1,1,1,1,1,1,1,1,1,1,1,1,1,1,1,1,1,1,1,1,1,1,1,1,1,1,1,1,1,1,1,1,1,1,1,1,1,1,1,1,1,1,1,1,1,1,1,1,1,1,1,1,1,1,1,1,1,1,1,1,1,1,1,1,1
cup 1,1,1,1,1,1,1,1,1,1,1,1,1,1
Defects 1
wanderer 1
tear 1,1,1,1,1
accused 1,1,1
PUNITIVE 1
thing 1,1,1,1,1,1,1,1,1,1,1,1,1,1,1,1,1,1,1,1,1,1,1,1,1,1,1,1,1,1,1,1,1,1,1,1,1,1,1,1,1,1,1,1,1,1,1,1,1,1
shook 1,1,1,1,1,1,1,1,1,1,1,1,1
paying 1,1
fellows 1,1,1
This 1,1,1,1,1,1,1,1,1,1,1,1,1,1,1,1,1,1,1,1,1,1,1,1,1,1,1,1,1,1,1,1,1,1,1,1,1,1,1,1,1,1,1,1,1,1,1
glass 1,1,1,1,1,1,1,1,1,1,1,1,1,1,1,1,1,1,1,1,1,1,1,1,1,1,1,1,1,1,1,1,1,1,1,1
doctored 1
fixed 1,1,1,1
house 1,1,1,1,1,1,1,1,1,1,1,1,1,1,1,1,1,1,1,1,1,1,1,1,1,1,1,1,1,1,1,1,1,1,1,1,1,1,1,1,1,1,1,1,1,1,1,1,1,1,1,1,1,1,1,1,1,1,1,1,1,1,1,1,1,1,1,1,1,1,1,1,1,1,1,1,1,1,1,1,1,1,1,1,1,1,1,1,1,1,1,1,1,1,1,1,1,1,1,1,1,1,1,1,1,1,1,1,1,1,1,1,1,1,1,1,1,1,1,1,1,1,1,1,1,1
miau 1
start 1,1,1
WHAT 1,1
pair 1,1,1,1,1,1,1,1,1,1
illuminated 1
plump 1,1,1
Come 1,1,1,1,1,1,1,1,1,1,1,1,1,1
remembered 1,1,1
whoever 1,1,1,1,1,1
Presently 1,1,1,1,1,1,1,1
payment 1
bier 1
pale 1,1,1,1,1,1,1,1
coast 1
ants 1,1,1,1
low 1,1,1,1
furs 1
calves 1
suitor 1,1,1
unbeaten 1
commanded 1,1
day 1,1,1,1,1,1,1,1,1,1,1,1,1,1,1,1,1,1,1,1,1,1,1,1,1,1,1,1,1,1,1,1,1,1,1,1,1,1,1,1,1,1,1,1,1,1,1,1,1,1,1,1,1,1,1,1,1,1,1,1,1,1,1,1,1,1,1,1,1,1,1,1,1,1,1,1,1,1,1,1,1,1,1,1,1,1,1,1,1,1,1,1,1,1,1,1,1,1,1,1,1,1,1,1,1,1,1,1,1,1,1,1,1,1,1,1,1,1,1,1,1,1,1,1,1,1,1,1,1,1,1,1,1,1,1,1,1,1,1,1,1,1,1,1,1,1,1,1,1,1,1,1,1,1,1,1,1,1,1,1,1,1,1,1,1,1,1,1,1,1,1,1,1,1,1,1,1,1,1,1,1,1,1,1,1,1,1,1,1,1,1,1
trumpets 1,1
DIED 1,1
clod 1
hinges 1
Will 1,1,1,1,1,1,1,1,1,1,1,1
paltry 1
seeking 1,1,1,1,1,1,1
chamberlain 1,1,1
build 1,1
dearest 1,1,1,1,1,1,1,1,1
bucket 1
smiled 1,1,1
Here 1,1,1,1,1,1,1,1,1,1,1,1,1,1,1,1,1
Lina 1,1,1,1,1,1,1,1,1,1,1,1
waited 1,1,1,1,1,1,1,1,1,1,1,1,1,1,1,1,1,1
maximum 1
quarter 1,1,1
dig 1,1,1,1,1
added 1,1
She 1,1,1,1,1,1,1,1,1,1,1,1,1,1,1,1,1,1,1,1,1,1,1,1,1,1,1,1,1,1,1,1,1,1,1,1,1,1,1,1,1,1,1,1,1,1,1,1,1,1,1,1,1,1,1,1,1,1,1,1,1,1,1,1,1,1,1,1,1,1,1,1,1,1,1,1,1,1,1,1,1,1,1,1,1,1,1,1,1,1,1,1,1,1
wretched 1,1
kingdoms 1
signal 1,1,1
test 1,1,1
journey 1,1,1,1,1,1,1,1,1,1,1,1,1,1,1,1,1,1,1
fastened 1,1,1,1
University 1
needles 1
overwhelmed 1,1
heavier 1
loaf 1,1,1,1,1,1,1,1
blessed 1
watered 1
fiend 1
Nibble 1
Even 1
whereby 1
thief 1,1,1,1,1,1,1,1,1
legally 1
stand 1,1,1,1,1,1,1,1,1,1,1,1,1,1,1
map 1,1
princes 1,1,1,1,1,1,1,1,1,1
subject 1
Mistress 1,1
esteemed 1
peering 1
waste 1
Boy 1,1,1
messengers 1,1,1,1
Growler 1,1
due 1
curl 1,1,1,1
woke 1,1
patch 1,1
sizes 1
Translator 1
brisker 1,1
MOUNTAINS 1,1
receives 1
binds 1
crumbled 1
rapid 1
tread 1,1
uneasiness 1
troubling 1
grounds 1
murdered 1
nuts 1,1,1,1,1,1,1,1,1,1
LIFE 1,1
riches 1,1,1,1
Beware 1
shovels 1
mounts 1
love 1,1,1,1,1,1,1,1,1,1,1,1,1,1,1,1,1
tongue 1,1,1,1,1,1,1,1,1
believed 1,1,1,1,1,1
spruce 1
include 1
craft 1,1,1,1,1
SEND 1
sulky 1,1
Bear 1,1,1
untying 1
spend 1,1,1
Since 1,1
understanding 1,1,1
RUMPELSTILTSKIN 1,1,1
because 1,1,1,1,1,1,1,1,1,1,1,1,1,1,1,1,1,1,1,1,1
AS 1
capered 1
Spinning 1
cudgel 1,1,1
stretched 1,1,1,1,1,1,1,1,1,1,1,1,1,1,1,1,1,1,1
rumbles 1
sweep 1,1,1
darted 1
fling 1
Worse 1
http 1,1,1,1,1,1,1,1
Dearest 1
unawares 1,1,1
Iron 1,1,1,1,1,1,1,1,1,1
spirited 1
slippers 1,1,1
sweat 1
START 1,1
DOG 1,1
nay 1
stealer 1
bewail 1,1
driven 1,1,1,1,1
tone 1
singer 1
Is 1,1,1,1,1,1,1,1,1,1,1,1,1,1
representations 1
Elsie 1,1,1,1,1,1,1,1,1,1,1,1,1,1,1,1,1,1,1,1,1,1,1,1,1,1,1
pages 1,1
entrance 1,1
soundly 1,1,1,1
emptied 1,1,1,1,1
Sunday 1,1,1
My 1,1,1,1,1,1,1,1,1,1,1,1,1,1,1,1,1,1,1,1,1,1,1,1,1,1,1,1,1,1,1,1,1,1,1,1,1,1,1,1,1,1,1,1,1,1,1,1,1,1,1,1,1,1,1
spies 1
stepdaughter 1,1,1,1
declared 1,1,1
specific 1
angrily 1,1,1
expected 1,1,1
countries 1,1
fearfully 1
dictionary 1
deserved 1,1
hooks 1
horror 1,1,1
embroidered 1
suck 1
furniture 1
imagine 1,1,1,1
pined 1
flutter 1
servants 1,1,1,1,1,1,1,1,1,1,1,1,1,1,1
Grimm 1,1,1,1,1
originator 1
We 1,1,1,1,1,1,1,1,1,1,1,1,1,1,1,1,1,1,1,1,1,1,1,1,1,1,1,1
play 1,1,1,1,1,1,1,1,1,1,1,1,1
plaything 1
innocence 1,1
horrid 1
lofty 1
EAT 1,1
villains 1
EBOOK 1,1
web 1,1,1
presented 1
marked 1,1,1,1,1
laughed 1,1,1,1,1,1,1,1,1,1,1,1,1,1,1,1,1,1,1
produced 1
BEAN 1,1
tasting 1,1
attention 1
unbuttoned 1
sacksful 1
rank 1
BRIAR 1,1
folk 1,1
ordering 1
claws 1
tooth 1
charge 1,1,1,1,1,1,1
faithfulness 1
piece 1,1,1,1,1,1,1,1,1,1,1,1,1,1,1,1,1,1,1,1,1,1,1,1,1,1,1,1,1,1,1,1,1,1,1,1,1,1,1
arose 1,1,1,1,1,1,1,1
twilight 1
rate 1,1,1,1,1,1,1,1,1,1
prophecy 1,1
counted 1,1,1
presents 1,1,1,1,1
foul 1
disputed 1
HOOD 1,1
turned 1,1,1,1,1,1,1,1,1,1,1,1,1,1,1,1,1,1,1,1,1,1,1,1,1,1,1,1,1,1,1,1,1,1,1,1,1,1,1,1,1,1,1,1
briar 1
claim 1
hobbled 1
follows 1
Men 1
noble 1,1,1,1,1,1
bride 1,1,1,1,1,1,1,1,1,1,1,1,1,1,1,1,1,1,1,1,1,1,1,1,1,1,1,1,1,1,1,1,1,1,1,1,1,1,1,1,1,1,1,1,1,1,1,1,1,1,1,1
heat 1,1,1,1,1
involuntarily 1
skilful 1,1,1
knit 1
infringement 1
registered 1,1
States 1,1,1,1,1,1,1,1,1,1
seas 1
moaned 1
monster 1,1,1,1
crowned 1
exporting 1
joint 1
willing 1,1,1,1,1,1,1,1,1,1
changed 1,1,1,1,1,1,1,1,1,1,1,1
cold 1,1,1,1,1,1,1,1,1,1,1,1,1,1,1
screw 1
org 1,1,1,1,1,1,1,1,1
succeed 1,1
push 1,1,1,1
vagabond 1
dark 1,1,1,1,1,1,1,1,1,1,1,1,1,1,1,1,1,1,1,1,1,1,1,1,1
precious 1,1,1,1,1,1
cook 1,1,1,1,1,1,1,1,1,1,1,1,1,1,1,1,1,1,1,1,1,1,1,1,1,1,1,1,1,1,1,1,1,1,1,1,1,1,1,1,1,1,1,1,1,1,1,1,1,1,1,1,1,1,1,1,1,1,1,1,1,1
thou 1,1,1,1,1,1,1,1,1,1,1,1,1,1,1,1,1,1,1,1,1,1,1,1,1,1,1,1,1,1,1,1,1,1
perished 1
owl 1,1,1,1
obliged 1,1,1,1,1,1,1,1,1,1,1,1,1
rustling 1,1
distributing 1,1,1,1,1,1,1
WHO 1,1
creatures 1,1,1
thereupon 1,1
note 1,1
fishing 1,1,1
intent 1,1
wilt 1,1
overflowing 1
recognized 1,1,1,1,1
without 1,1,1,1,1,1,1,1,1,1,1,1,1,1,1,1,1,1,1,1,1,1,1,1,1,1,1,1,1,1,1,1,1,1,1,1,1,1,1,1,1,1,1,1,1,1,1,1,1,1,1,1,1,1,1,1,1,1,1,1
croaking 1,1,1
groom 1,1,1
chimneys 1,1
flight 1,1
anybody 1
yellow 1,1,1,1,1,1,1,1,1
combed 1,1
committed 1
yours 1,1,1
paw 1
enormous 1
onwards 1,1
formats 1,1
Apple 1,1,1
understand 1,1,1,1,1,1,1,1,1,1,1
despair 1,1
sausages 1,1,1
disgusted 1
bung 1,1
boughs 1,1
RUMPLESTILTSKIN 1
disfigure 1
suits 1
stock 1,1,1,1,1
followed 1,1,1,1,1,1,1,1,1,1,1,1,1,1,1,1,1,1,1,1,1,1,1,1,1,1
pebble 1
crowns 1,1
renamed 1
coffins 1
welcome 1,1
reality 1,1
bethought 1,1,1
implied 1
Standing 1
school 1,1,1
immense 1
brush 1
sighed 1,1,1,1,1,1
weight 1
freed 1,1,1
Now 1,1,1,1,1,1,1,1,1,1,1,1,1,1,1,1,1,1,1,1,1,1,1,1,1,1,1,1,1,1,1,1,1,1,1,1,1,1,1,1,1,1,1,1,1,1,1,1,1,1,1,1,1,1,1,1,1,1,1,1,1,1,1,1,1,1,1,1,1,1,1,1,1,1,1,1,1,1,1,1,1,1,1,1,1,1,1,1,1,1,1,1,1,1,1,1,1
playing 1,1,1,1,1,1,1,1
swim 1,1,1
vegetables 1,1,1
stronger 1,1,1,1,1,1
yet 1,1,1,1,1,1,1,1,1,1,1,1,1,1,1,1,1,1,1,1,1,1,1,1,1,1,1,1,1,1,1,1,1,1,1,1,1,1,1,1,1,1,1,1,1
alike 1,1
delightful 1,1,1
gateway 1,1
twigs 1
1500 1
valuable 1,1
methods 1
lazy 1,1,1,1,1,1,1,1
decked 1
permanent 1
replace 1
him 1,1,1,1,1,1,1,1,1,1,1,1,1,1,1,1,1,1,1,1,1,1,1,1,1,1,1,1,1,1,1,1,1,1,1,1,1,1,1,1,1,1,1,1,1,1,1,1,1,1,1,1,1,1,1,1,1,1,1,1,1,1,1,1,1,1,1,1,1,1,1,1,1,1,1,1,1,1,1,1,1,1,1,1,1,1,1,1,1,1,1,1,1,1,1,1,1,1,1,1,1,1,1,1,1,1,1,1,1,1,1,1,1,1,1,1,1,1,1,1,1,1,1,1,1,1,1,1,1,1,1,1,1,1,1,1,1,1,1,1,1,1,1,1,1,1,1,1,1,1,1,1,1,1,1,1,1,1,1,1,1,1,1,1,1,1,1,1,1,1,1,1,1,1,1,1,1,1,1,1,1,1,1,1,1,1,1,1,1,1,1,1,1,1,1,1,1,1,1,1,1,1,1,1,1,1,1,1,1,1,1,1,1,1,1,1,1,1,1,1,1,1,1,1,1,1,1,1,1,1,1,1,1,1,1,1,1,1,1,1,1,1,1,1,1,1,1,1,1,1,1,1,1,1,1,1,1,1,1,1,1,1,1,1,1,1,1,1,1,1,1,1,1,1,1,1,1,1,1,1,1,1,1,1,1,1,1,1,1,1,1,1,1,1,1,1,1,1,1,1,1,1,1,1,1,1,1,1,1,1,1,1,1,1,1,1,1,1,1,1,1,1,1,1,1,1,1,1,1,1,1,1,1,1,1,1,1,1,1,1,1,1,1,1,1,1,1,1,1,1,1,1,1,1,1,1,1,1,1,1,1,1,1,1,1,1,1,1,1,1,1,1,1,1,1,1,1,1,1,1,1,1,1,1,1,1,1,1,1,1,1,1,1,1,1,1,1,1,1,1,1,1,1,1,1,1,1,1,1,1,1,1,1,1,1,1,1,1,1,1,1,1,1,1,1,1,1,1,1,1,1,1,1,1,1,1,1,1,1,1,1,1,1,1,1,1,1,1,1,1,1,1,1,1,1,1,1,1,1,1,1,1,1,1,1,1,1,1,1,1,1,1,1,1,1,1,1,1,1,1,1,1,1,1,1,1,1,1,1,1,1,1,1,1,1,1,1,1,1,1,1,1,1,1,1,1,1,1,1,1,1,1,1,1,1,1,1,1,1,1,1,1,1,1,1,1,1,1,1,1,1,1,1,1,1,1,1,1,1,1,1,1,1,1,1,1,1,1,1,1,1,1,1,1,1,1,1,1,1,1,1,1,1,1,1,1,1,1,1,1,1,1,1,1,1,1,1,1,1,1,1,1,1,1,1,1,1,1,1,1,1,1,1,1,1,1,1,1,1,1,1,1,1,1,1,1,1,1,1,1,1,1,1,1,1,1,1,1,1,1,1,1,1,1,1,1,1,1,1,1,1,1,1,1,1,1,1,1,1,1,1,1,1,1,1,1,1,1,1,1,1,1,1,1,1,1,1,1,1,1,1,1,1,1,1,1,1,1,1,1,1,1,1,1,1,1,1,1,1,1,1,1,1,1,1,1,1,1,1,1,1,1,1,1,1,1,1,1,1,1,1,1,1,1,1,1,1,1,1,1,1,1,1,1,1,1,1,1,1,1,1,1,1,1,1,1,1,1,1,1,1,1,1,1,1,1,1,1,1,1,1,1,1,1,1,1,1,1,1,1,1,1,1,1,1,1,1,1,1,1,1,1,1,1,1,1,1,1,1,1,1,1,1,1,1,1,1,1,1,1,1,1,1,1,1,1,1,1,1,1,1,1,1,1,1,1,1,1,1,1,1,1,1,1,1,1,1,1,1,1,1,1,1,1,1,1,1,1,1,1,1,1,1,1,1,1,1,1,1,1,1,1,1,1,1,1,1,1,1,1,1,1,1,1,1,1,1,1,1,1,1,1,1,1,1,1,1,1,1,1,1,1,1,1,1,1,1,1,1,1,1,1,1,1,1,1,1,1,1,1,1
proofread 1
trampling 1
savagely 1
croak 1,1
gross 1
belonged 1,1,1,1,1,1,1
silvery 1,1,1,1,1
general 1
tricked 1
restore 1
Only 1,1,1,1
glad 1,1,1,1,1,1,1,1,1,1,1,1,1,1,1,1,1,1,1
meek 1,1
discern 1
brushes 1
liquor 1
wedding 1,1,1,1,1,1,1,1,1,1,1,1,1,1,1,1,1,1,1,1,1,1,1,1,1,1
chin 1
popped 1,1
rubbed 1,1
Hurrah 1
talk 1,1,1,1,1,1,1,1,1
planed 1
berries 1,1,1,1
Grant 1
winged 1
hope 1,1,1,1,1,1
cinders 1,1
roasts 1
sings 1,1
Heinrich 1
anvil 1,1,1
conquered 1
strike 1,1,1,1,1
subdue 1
fine 1,1,1,1,1,1,1,1,1,1,1,1,1,1,1,1,1,1,1,1,1,1,1,1,1,1,1,1,1,1,1,1,1,1,1,1,1,1,1,1,1,1,1,1,1,1,1,1,1,1,1
Wert 1
calculated 1
Have 1,1,1,1,1,1,1,1,1,1
befell 1,1
true 1,1,1,1,1,1,1,1,1,1,1,1,1,1,1,1,1,1,1,1,1,1,1,1,1,1,1,1,1,1,1,1,1,1,1,1,1,1,1
blythe 1
appears 1
troubles 1,1,1,1
Upon 1,1
respectable 1,1
free 1,1,1,1,1,1,1,1,1,1,1,1,1,1,1,1,1,1,1,1,1,1,1,1,1,1,1,1,1,1,1,1,1,1,1,1,1,1,1,1
After 1,1,1,1,1,1,1,1,1,1,1,1,1,1,1,1,1,1,1,1,1,1,1,1,1,1,1,1,1,1,1,1,1,1,1
Whose 1,1
commands 1,1,1
spill 1
fits 1
dismounted 1
guiltless 1
fair 1,1,1,1,1,1,1,1,1,1,1,1
pincers 1
underneath 1,1
Get 1,1,1,1
apprentices 1
hoped 1,1,1,1
ridges 1
wherever 1,1,1,1,1,1
HIS 1,1,1,1
liquid 1
covered 1,1,1,1,1,1,1,1,1,1
tossed 1,1,1
Whoever 1,1
death 1,1,1,1,1,1,1,1,1,1,1,1,1,1,1,1,1,1,1,1,1,1,1,1,1,1
concealed 1,1,1,1
trade 1,1,1,1,1,1
Roland 1,1,1,1,1,1,1,1,1,1,1,1,1,1
references 1,1
hugged 1,1
poor 1,1,1,1,1,1,1,1,1,1,1,1,1,1,1,1,1,1,1,1,1,1,1,1,1,1,1,1,1,1,1,1,1,1,1,1,1,1,1,1,1,1,1,1,1,1,1,1,1,1,1,1,1,1,1,1,1,1,1,1,1,1,1,1,1,1,1,1,1,1,1,1,1,1,1,1,1,1,1,1,1,1,1,1,1,1
excellent 1,1
civilly 1
HOW 1,1,1,1,1,1
throat 1,1,1,1,1,1
HANS 1,1,1,1,1,1
spit 1,1,1,1,1,1,1
couple 1,1,1
Email 1
Pay 1
morrow 1,1,1
ado 1
trust 1,1
puddle 1
Posting 1
miles 1,1,1,1,1
skipped 1
overnight 1
cleverly 1
crossways 1
crab 1
smaller 1,1,1,1,1
years 1,1,1,1,1,1,1,1,1,1,1,1,1,1,1,1,1,1,1,1,1,1,1,1,1,1,1,1,1,1,1,1,1,1,1,1,1,1,1,1,1,1,1
rim 1
mighty 1,1,1,1,1,1
WENT 1,1,1,1,1,1
electronic 1,1,1,1,1,1,1,1,1,1,1,1,1,1,1,1,1,1,1,1,1,1,1,1,1,1,1
spoiled 1,1
powerful 1,1
copied 1,1
already 1,1,1,1,1,1,1,1,1,1,1,1,1,1,1,1,1,1,1,1,1,1,1,1,1,1,1,1,1,1,1,1,1,1,1,1
looked 1,1,1,1,1,1,1,1,1,1,1,1,1,1,1,1,1,1,1,1,1,1,1,1,1,1,1,1,1,1,1,1,1,1,1,1,1,1,1,1,1,1,1,1,1,1,1,1,1,1,1,1,1,1,1,1,1,1,1,1,1,1,1,1,1,1,1,1,1,1,1,1,1,1,1,1,1,1,1,1,1,1,1,1,1,1,1,1,1,1,1,1,1,1,1,1,1,1,1,1,1,1,1,1,1,1,1,1,1,1,1,1,1
any 1,1,1,1,1,1,1,1,1,1,1,1,1,1,1,1,1,1,1,1,1,1,1,1,1,1,1,1,1,1,1,1,1,1,1,1,1,1,1,1,1,1,1,1,1,1,1,1,1,1,1,1,1,1,1,1,1,1,1,1,1,1,1,1,1,1,1,1,1,1,1,1,1,1,1,1,1,1,1,1,1,1,1,1,1,1,1,1,1,1,1,1,1,1,1,1,1,1,1,1,1,1,1,1,1,1,1,1,1,1,1,1
minute 1,1
caring 1
reason 1,1,1,1,1,1,1,1,1
goodness 1,1
lightning 1,1,1,1,1
spirits 1,1,1,1,1
warranties 1
99712 1
blowest 1
Ashputtel 1,1,1,1,1,1,1,1,1,1,1,1,1,1,1,1
holder 1,1,1,1
kick 1
Learn 1
Bring 1
bleed 1
approaching 1,1
axe 1,1,1,1,1,1,1,1,1,1,1,1,1,1,1,1,1,1,1,1
slice 1,1,1
cask 1,1,1,1,1,1,1,1,1,1,1,1
morsel 1,1
saving 1,1,1
scrape 1,1
Hie 1
kill 1,1,1,1,1,1,1,1,1,1,1,1,1,1,1,1,1,1,1,1,1,1,1,1,1,1,1,1,1
ducks 1,1,1,1
copse 1
roused 1
important 1
cloth 1,1,1,1,1,1,1
limitation 1,1,1
strangle 1
joy 1,1,1,1,1,1,1,1,1,1,1,1,1,1,1,1,1,1,1,1,1,1,1,1,1,1,1
sat 1,1,1,1,1,1,1,1,1,1,1,1,1,1,1,1,1,1,1,1,1,1,1,1,1,1,1,1,1,1,1,1,1,1,1,1,1,1,1,1,1,1,1,1,1,1,1,1,1,1,1,1,1,1,1,1,1,1,1,1,1,1,1,1,1,1,1,1,1,1,1,1,1,1,1,1,1,1,1,1,1,1,1,1,1,1,1,1,1,1,1,1,1,1,1,1,1,1,1,1,1,1,1,1,1,1,1,1,1,1,1,1,1,1,1,1,1,1,1,1,1,1,1,1,1
REPLACEMENT 1
customer 1
plane 1
bag 1,1,1,1,1,1
plague 1,1
drive 1,1,1,1,1,1,1
greatly 1,1,1,1,1,1,1,1,1
dead 1,1,1,1,1,1,1,1,1,1,1,1,1,1,1,1,1,1,1,1,1,1,1,1,1,1,1,1,1,1,1,1,1,1,1,1,1,1,1,1,1,1,1,1,1,1,1,1,1,1,1,1,1,1,1,1,1,1
IRS 1
eyes 1,1,1,1,1,1,1,1,1,1,1,1,1,1,1,1,1,1,1,1,1,1,1,1,1,1,1,1,1,1,1,1,1,1,1,1,1,1,1,1,1,1,1,1,1,1,1,1,1,1,1,1,1,1,1,1,1,1,1,1,1,1,1
skein 1
sources 1
forgive 1,1,1
getting 1,1,1,1,1,1,1,1,1
liking 1,1
signs 1
embers 1
crows 1
pursuit 1
report 1
sift 1
WILLOW 1,1
spy 1
behind 1,1,1,1,1,1,1,1,1,1,1,1,1,1,1,1,1,1,1,1,1,1,1,1,1,1,1,1,1,1,1,1,1,1,1,1,1,1,1,1,1,1,1,1,1,1,1,1,1,1,1,1,1,1,1,1,1,1,1,1,1,1,1,1,1,1,1,1,1,1,1
ROLAND 1,1
bow 1,1,1,1,1,1,1,1,1,1,1
switch 1
pursued 1,1,1
howling 1,1,1
tempting 1
cunning 1,1,1
dancing 1,1,1,1,1,1,1,1,1,1,1,1,1,1,1,1
pinafore 1,1
counts 1,1
fighting 1,1,1,1,1,1,1
ponder 1
Thirdly 1
stopping 1
interpreted 1
overcome 1,1,1,1,1,1,1
knights 1,1,1,1
fancied 1,1
stones 1,1,1,1,1,1,1,1,1,1,1,1,1,1,1,1,1,1,1
instantly 1,1
sneered 1,1
BRIDEGROOM 1,1
hangman 1
enchantress 1,1,1,1,1,1,1,1,1,1,1,1,1,1,1
sack 1,1,1,1,1,1,1,1,1,1,1,1,1,1
teeth 1,1,1,1,1,1,1,1
raspberry 1
drank 1,1,1,1,1,1,1,1,1,1,1,1,1,1,1,1,1,1,1
Revenue 1
leap 1,1,1
leaf 1,1,1
soothe 1,1
BENJAMIN 1
towards 1,1,1,1,1,1,1,1,1,1,1,1,1,1,1,1,1,1,1,1,1,1,1,1
mouthful 1,1,1,1
week 1
musicians 1
aware 1,1,1
cap 1,1,1,1,1,1,1,1,1,1,1,1,1,1,1,1,1
sparrow 1,1,1,1,1,1,1,1,1,1,1,1,1,1,1,1,1,1,1,1,1,1,1,1,1,1,1
plight 1
clothes 1,1,1,1,1,1,1,1,1,1,1,1,1,1,1,1,1,1,1,1,1,1,1,1,1,1,1,1,1,1
