plumes 1
meanwhile 1
6 1,1
hang 1,1,1,1,1
address 1
BEE 1,1
eating 1,1,1,1,1,1,1,1,1,1,1,1,1
straight 1,1,1,1,1,1,1,1,1,1,1,1,1,1,1,1,1,1,1,1,1,1,1
throw 1,1,1,1,1,1,1,1,1,1,1,1,1,1,1,1,1,1,1,1,1,1,1
thank 1,1,1,1
information 1,1,1
Its 1,1
serious 1
walked 1,1,1,1,1,1,1,1,1,1,1,1,1,1,1,1,1,1,1,1,1,1,1,1,1,1,1,1,1,1
disguises 1
ascend 1,1
harm 1,1,1,1,1,1,1,1,1,1,1,1,1,1
raging 1,1
rampion 1,1,1,1,1,1,1
fierce 1,1
pink 1,1
successor 1
gaily 1
slopping 1
employee 1
madman 1
pray 1,1,1,1,1,1,1,1,1,1,1,1,1
pigeon 1,1,1,1,1
ceasing 1
law 1,1,1,1
adventure 1
hewing 1
hastily 1,1
troop 1,1,1,1,1
Cock 1,1
cry 1,1,1,1,1,1,1,1,1,1,1
harness 1,1,1
fatten 1
concert 1,1
pity 1,1,1,1,1,1,1,1,1,1,1,1,1,1,1,1,1,1,1,1
wherein 1,1,1,1
worked 1,1,1,1,1,1,1,1,1
wandered 1,1,1,1,1,1
warrior 1,1
TURNIP 1,1
inclination 1,1
clad 1
speech 1
lie 1,1,1,1,1,1,1,1,1,1,1,1,1,1,1,1,1,1,1,1,1,1,1,1,1,1,1,1,1,1
amends 1
There 1,1,1,1,1,1,1,1,1,1,1,1,1,1,1,1,1,1,1,1,1,1,1,1,1,1,1,1,1,1,1,1,1,1,1,1,1,1,1,1,1,1,1,1,1,1,1,1,1,1,1,1,1,1,1,1,1,1,1,1,1,1,1,1,1,1,1,1,1,1,1,1
away 1,1,1,1,1,1,1,1,1,1,1,1,1,1,1,1,1,1,1,1,1,1,1,1,1,1,1,1,1,1,1,1,1,1,1,1,1,1,1,1,1,1,1,1,1,1,1,1,1,1,1,1,1,1,1,1,1,1,1,1,1,1,1,1,1,1,1,1,1,1,1,1,1,1,1,1,1,1,1,1,1,1,1,1,1,1,1,1,1,1,1,1,1,1,1,1,1,1,1,1,1,1,1,1,1,1,1,1,1,1,1,1,1,1,1,1,1,1,1,1,1,1,1,1,1,1,1,1,1,1,1,1,1,1,1,1,1,1,1,1,1,1,1,1,1,1,1,1,1,1,1,1,1,1,1,1,1,1,1,1,1,1,1,1,1,1,1,1,1,1,1,1,1,1,1,1,1,1,1,1,1,1,1,1,1,1,1,1,1,1,1,1,1,1,1,1,1,1,1,1,1,1,1,1,1,1,1,1,1,1,1,1,1,1,1,1,1,1,1,1,1,1,1,1,1,1,1,1,1,1,1,1,1,1,1,1,1,1,1,1,1,1,1,1,1,1,1,1,1,1,1,1,1,1,1,1,1,1,1,1,1,1,1,1,1,1,1,1,1,1,1,1,1,1,1,1,1,1,1,1,1,1,1,1,1,1,1,1
mice 1,1,1,1,1,1,1
pain 1,1,1,1
wiser 1,1,1,1,1
paid 1,1,1,1,1,1,1,1,1,1,1,1,1,1,1,1,1,1,1,1
threw 1,1,1,1,1,1,1,1,1,1,1,1,1,1,1,1,1,1,1,1,1,1,1,1,1,1,1,1,1,1,1,1,1,1,1,1,1,1,1,1,1,1,1
Life 1,1,1,1,1,1,1,1,1,1,1,1,1,1,1,1,1,1
pans 1
fury 1
Uncouth 1
ante 1,1,1,1,1
clip 1
besmeared 1
flames 1,1,1,1,1,1,1
Send 1
commander 1
disappeared 1,1,1,1,1
stays 1
ease 1,1,1,1,1,1,1,1
Blow 1,1,1,1,1,1
resound 1
revenge 1,1,1,1,1,1
built 1,1,1,1,1,1,1,1,1
scampered 1
disreputable 1
further 1,1,1,1,1,1,1,1,1
beasts 1,1,1,1,1,1,1,1,1,1,1,1,1,1,1,1
engraved 1
easy 1,1,1,1,1,1,1,1,1,1,1,1,1,1,1,1
flocks 1
domain 1,1,1,1,1,1,1
grass 1,1,1,1,1,1
latch 1,1
grateful 1
mind 1,1,1,1,1,1,1,1,1,1,1,1,1,1,1,1,1,1,1,1,1,1,1,1,1,1,1
craftily 1
homewards 1,1,1,1,1,1,1
Emma 1,1
dim 1,1,1
forgotten 1,1,1,1,1,1,1,1,1
strap 1
Sit 1,1
Lady 1
miss 1,1
blinded 1,1
length 1,1,1,1,1,1,1,1,1,1,1,1,1,1,1,1,1,1,1,1,1,1,1,1,1,1,1,1
grand 1,1,1,1
blossoms 1
baby 1,1,1
MUSICIANS 1,1
fear 1,1,1,1,1,1,1,1,1,1,1,1,1,1,1,1,1,1,1,1,1,1,1,1,1
bits 1
stall 1,1,1,1,1
dog 1,1,1,1,1,1,1,1,1,1,1,1,1,1,1,1,1,1,1,1,1,1,1,1,1,1,1,1,1,1,1,1,1,1,1,1,1,1,1,1
org/2/5/9/2591/ 1
stream 1,1,1,1,1,1,1,1,1,1,1,1
MISER 1,1
cries 1,1
equipment 1,1,1
brood 1,1
feed 1,1,1,1
Kywitt 1,1,1,1,1,1,1,1,1,1,1,1,1,1,1,1
conceive 1
bale 1
make 1,1,1,1,1,1,1,1,1,1,1,1,1,1,1,1,1,1,1,1,1,1,1,1,1,1,1,1,1,1,1,1,1,1,1,1,1,1,1,1,1,1,1,1,1,1,1,1,1,1,1,1,1,1,1,1,1,1,1,1,1,1,1,1,1,1,1,1,1,1,1,1,1,1,1,1,1,1,1,1,1
included 1,1,1
Readily 1
waving 1
thread 1,1,1,1
mercy 1,1,1,1,1,1,1,1,1
dearth 1,1
THEY 1,1
goals 1
mid 1
believe 1,1,1,1,1,1,1
open 1,1,1,1,1,1,1,1,1,1,1,1,1,1,1,1,1,1,1,1,1,1,1,1,1,1,1,1,1,1,1,1,1,1,1,1,1,1,1,1,1,1,1,1
treat 1,1,1
Last 1
swiftly 1
paces 1,1,1
admitted 1
sealed 1
crushed 1,1,1
paths 1
knock 1,1,1,1
bars 1,1
pedlar 1
step 1,1,1,1,1,1,1,1,1,1,1,1,1,1
nonproprietary 1
mishap 1
fickle 1
EBook 1,1
worn 1,1,1,1,1
word 1,1,1,1,1,1,1,1,1,1,1,1,1,1,1,1,1,1,1,1,1,1,1,1,1,1,1,1,1,1
hovering 1
ourselves 1,1,1,1,1,1,1,1
indoors 1
eat 1,1,1,1,1,1,1,1,1,1,1,1,1,1,1,1,1,1,1,1,1,1,1,1,1,1,1,1,1,1,1,1,1,1,1,1,1,1,1,1,1,1,1,1,1,1,1,1,1,1,1,1,1,1,1,1,1,1,1,1,1,1,1,1,1,1,1,1,1,1,1,1,1,1,1,1,1,1,1,1,1,1,1,1,1,1,1,1,1,1,1,1
exists 1
voice 1,1,1,1,1,1,1,1,1,1,1,1,1,1,1,1,1,1,1,1,1,1,1,1,1
float 1
hunter 1,1
spell 1,1,1,1,1,1,1,1,1
midday 1
cleaner 1
Can 1,1,1,1,1,1
thrust 1,1,1,1,1,1
elder 1,1,1,1,1,1
nutshells 1
spent 1,1,1,1,1
LILY 1,1
Hesse 1
Contact 1
branch 1,1,1,1,1,1
neat 1,1,1,1
version 1
leapt 1,1,1,1,1,1,1
stop 1,1,1,1,1,1,1,1,1,1,1,1,1
happening 1
fared 1,1,1
Am 1
growled 1,1
Meanwhile 1,1,1,1,1
Tis 1
sprint 1
trustfully 1
Little 1,1,1,1,1,1,1,1,1,1,1,1,1,1,1,1,1,1,1,1
linen 1
selecting 1
family 1,1
rolled 1,1,1,1,1,1,1,1,1,1,1,1,1,1,1,1,1,1,1
crosses 1
Whatever 1
crossing 1
Tom 1,1,1,1,1,1,1,1,1,1,1,1,1,1,1,1,1,1,1,1,1,1,1,1,1,1
Some 1,1,1,1,1,1,1
holiday 1
withstand 1
climbed 1,1,1,1,1,1,1,1,1,1,1,1,1
fattening 1
stores 1
grasshopper 1,1
Meantime 1,1,1,1,1,1,1,1,1
shake 1,1,1,1,1,1,1,1
Lay 1
tops 1
Enough 1
Truly 1
graciously 1
merrily 1,1,1,1,1,1,1,1
farther 1,1,1,1,1,1,1,1,1,1,1,1,1,1,1,1,1,1
meadows 1,1,1,1
Scour 1
shoulder 1,1,1,1,1,1,1,1,1
Two 1,1,1,1,1
obeyed 1
mournful 1
So 1,1,1,1,1,1,1,1,1,1,1,1,1,1,1,1,1,1,1,1,1,1,1,1,1,1,1,1,1,1,1,1,1,1,1,1,1,1,1,1,1,1,1,1,1,1,1,1,1,1,1,1,1,1,1,1,1,1,1,1,1,1,1,1,1,1,1,1,1,1,1,1,1,1,1,1,1,1,1,1,1,1,1,1,1,1,1,1,1,1,1,1,1,1,1,1,1,1,1,1,1,1,1,1,1,1,1,1,1,1,1,1,1,1,1,1,1,1,1,1,1,1,1,1,1,1,1,1,1,1,1,1,1,1,1,1,1,1,1,1,1,1,1,1,1,1,1,1,1,1,1,1,1,1,1,1,1,1,1,1,1,1,1,1,1,1,1
dwelt 1,1,1,1
swung 1,1,1
exclaimed 1
wounds 1
sharing 1,1
clothing 1,1
Five 1
summons 1
when 1,1,1,1,1,1,1,1,1,1,1,1,1,1,1,1,1,1,1,1,1,1,1,1,1,1,1,1,1,1,1,1,1,1,1,1,1,1,1,1,1,1,1,1,1,1,1,1,1,1,1,1,1,1,1,1,1,1,1,1,1,1,1,1,1,1,1,1,1,1,1,1,1,1,1,1,1,1,1,1,1,1,1,1,1,1,1,1,1,1,1,1,1,1,1,1,1,1,1,1,1,1,1,1,1,1,1,1,1,1,1,1,1,1,1,1,1,1,1,1,1,1,1,1,1,1,1,1,1,1,1,1,1,1,1,1,1,1,1,1,1,1,1,1,1,1,1,1,1,1,1,1,1,1,1,1,1,1,1,1,1,1,1,1,1,1,1,1,1,1,1,1,1,1,1,1,1,1,1,1,1,1,1,1,1,1,1,1,1,1,1,1,1,1,1,1,1,1,1,1,1,1,1,1,1,1,1,1,1,1,1,1,1,1,1,1,1,1,1,1,1,1,1,1,1,1,1,1,1,1,1,1,1,1,1,1,1,1,1,1,1,1,1,1,1,1,1,1,1,1,1,1,1,1,1,1,1,1,1,1,1,1,1,1,1,1,1,1,1,1,1,1,1,1,1,1,1,1,1,1,1,1,1,1,1,1,1,1,1,1,1,1,1,1,1,1,1,1,1,1,1,1,1,1,1,1,1,1,1,1,1,1,1,1,1,1,1,1,1,1,1,1,1,1,1,1,1,1,1,1,1,1,1,1,1,1,1,1,1,1,1,1,1,1,1,1,1,1,1,1,1,1,1,1,1,1,1,1,1,1,1,1,1,1,1,1,1,1,1,1,1,1,1,1,1,1,1,1,1,1,1,1,1,1,1,1,1,1,1,1,1,1,1,1,1,1,1,1,1,1,1,1,1,1,1,1,1,1,1,1,1,1,1,1,1,1,1,1,1,1,1,1,1,1,1,1,1,1,1,1,1,1,1,1,1,1,1
synonymous 1
stuck 1,1,1,1,1,1,1,1,1,1,1,1,1
struggling 1
Marleen 1,1,1,1,1,1,1,1,1,1,1,1,1,1
Hearken 1,1,1,1,1,1,1
chickens 1,1,1,1,1,1
suppers 1
PLEASE 1
older 1,1
shirt 1,1
hampered 1
behold 1,1,1,1
mourned 1,1,1
widow 1,1,1
fee 1,1,1,1,1,1,1,1
whit 1
Drink 1
borne 1
Hardly 1
hung 1,1,1,1,1,1,1,1,1,1,1,1,1,1
TREE 1,1
darkest 1
choked 1,1,1,1,1
who 1,1,1,1,1,1,1,1,1,1,1,1,1,1,1,1,1,1,1,1,1,1,1,1,1,1,1,1,1,1,1,1,1,1,1,1,1,1,1,1,1,1,1,1,1,1,1,1,1,1,1,1,1,1,1,1,1,1,1,1,1,1,1,1,1,1,1,1,1,1,1,1,1,1,1,1,1,1,1,1,1,1,1,1,1,1,1,1,1,1,1,1,1,1,1,1,1,1,1,1,1,1,1,1,1,1,1,1,1,1,1,1,1,1,1,1,1,1,1,1,1,1,1,1,1,1,1,1,1,1,1,1,1,1,1,1,1,1,1,1,1,1,1,1,1,1,1,1,1,1,1,1,1,1,1,1,1,1,1,1,1,1,1,1,1,1,1,1,1,1,1,1,1,1,1,1,1,1,1,1,1,1,1,1,1,1,1,1,1,1,1,1,1,1,1,1,1,1,1,1,1,1,1,1,1,1,1,1,1,1,1,1,1,1,1,1,1,1,1,1,1,1,1,1,1,1,1,1,1,1,1,1,1,1,1,1,1,1,1,1,1,1,1,1,1,1,1,1,1,1,1,1,1,1,1,1,1,1,1,1,1,1,1,1,1,1,1,1,1,1,1,1,1,1,1,1,1,1,1,1,1,1,1,1,1,1,1,1,1,1,1,1,1,1,1,1,1,1
why 1,1,1,1,1,1,1,1,1,1,1,1,1,1,1,1,1,1,1,1,1,1,1,1,1,1,1,1,1,1,1,1,1
Curdken 1,1,1,1,1,1,1,1,1,1,1,1,1
Until 1
butter 1,1,1,1,1,1,1,1,1,1
From 1,1,1,1
brink 1,1,1
jingling 1,1
rang 1,1,1,1,1
addition 1
boiling 1,1,1,1,1
patted 1
scarcely 1,1,1,1,1,1,1,1,1,1,1,1,1
gorged 1
alternate 1
food 1,1,1,1,1,1,1,1,1,1,1,1,1,1,1,1,1,1,1,1,1,1,1,1,1,1,1
Pope 1,1
stairs 1,1,1,1,1,1,1,1,1,1,1,1,1,1,1
armour 1,1,1,1
never 1,1,1,1,1,1,1,1,1,1,1,1,1,1,1,1,1,1,1,1,1,1,1,1,1,1,1,1,1,1,1,1,1,1,1,1,1,1,1,1,1,1,1,1,1,1,1,1,1,1,1,1,1,1,1,1,1,1,1,1,1,1,1,1,1,1,1,1,1,1,1,1,1,1,1,1,1,1,1,1,1,1,1,1,1,1,1,1,1,1,1
christening 1,1,1,1
mountains 1,1,1,1,1,1,1,1,1,1,1
snapping 1
glittered 1,1,1,1,1,1
class 1
go 1,1,1,1,1,1,1,1,1,1,1,1,1,1,1,1,1,1,1,1,1,1,1,1,1,1,1,1,1,1,1,1,1,1,1,1,1,1,1,1,1,1,1,1,1,1,1,1,1,1,1,1,1,1,1,1,1,1,1,1,1,1,1,1,1,1,1,1,1,1,1,1,1,1,1,1,1,1,1,1,1,1,1,1,1,1,1,1,1,1,1,1,1,1,1,1,1,1,1,1,1,1,1,1,1,1,1,1,1,1,1,1,1,1,1,1,1,1,1,1,1,1,1,1,1,1,1,1,1,1,1,1,1,1,1,1,1,1,1,1,1,1,1,1,1,1,1,1,1,1,1,1,1,1,1,1,1,1,1,1,1,1,1,1,1,1,1,1,1,1,1,1,1,1,1,1,1,1,1,1,1,1,1,1,1,1,1,1,1,1,1,1,1,1,1,1,1,1,1,1,1,1,1,1,1,1,1,1,1,1,1,1,1,1,1,1,1,1,1,1,1,1,1,1,1,1,1,1,1,1,1,1,1,1,1,1,1,1,1,1,1,1,1,1,1,1,1,1,1,1,1,1,1,1,1,1,1,1,1
Although 1,1,1
fork 1,1
very 1,1,1,1,1,1,1,1,1,1,1,1,1,1,1,1,1,1,1,1,1,1,1,1,1,1,1,1,1,1,1,1,1,1,1,1,1,1,1,1,1,1,1,1,1,1,1,1,1,1,1,1,1,1,1,1,1,1,1,1,1,1,1,1,1,1,1,1,1,1,1,1,1,1,1,1,1,1,1,1,1,1,1,1,1,1,1,1,1,1,1,1,1,1,1,1,1,1,1,1,1,1,1,1,1,1,1,1,1,1,1,1,1,1,1,1,1,1,1,1,1,1,1,1,1,1,1,1,1,1,1,1,1,1,1,1,1,1,1,1,1,1,1,1,1,1,1,1,1,1,1,1,1,1,1,1,1,1,1,1,1,1,1,1,1,1,1,1,1,1,1,1,1,1,1,1,1,1,1,1,1,1,1,1,1,1,1,1,1,1,1,1,1,1,1,1,1,1,1,1,1,1,1,1,1,1,1,1,1,1,1,1,1,1,1,1,1,1,1,1,1,1,1
beheld 1,1
appeared 1,1,1,1
four 1,1,1,1,1,1,1,1,1,1,1,1,1,1,1,1,1,1,1,1,1,1,1,1,1,1,1,1,1,1,1,1,1
drag 1,1,1,1
burns 1
roamed 1
slaughterer 1
places 1
wooden 1,1,1,1
greeted 1
dish 1,1,1,1,1,1,1,1,1,1,1,1,1,1,1,1,1,1,1,1,1
rushing 1
keys 1,1
heap 1,1,1,1,1,1,1,1,1,1,1,1
recover 1
drew 1,1,1,1,1,1,1,1,1,1,1,1,1,1,1,1,1,1,1,1,1,1,1,1,1,1,1,1,1,1,1,1,1,1,1,1
wights 1
596 1
seek 1,1,1,1,1,1,1,1,1,1,1,1
toasted 1
heel 1,1
calendar 1
decision 1
single 1,1,1,1,1,1
waddling 1,1
commercial 1
excellence 1
pitchers 1
waters 1,1,1
usual 1,1,1,1,1,1,1,1
Please 1
frightened 1,1,1,1,1,1,1,1,1,1,1,1,1,1,1,1,1,1,1,1,1,1,1,1,1,1,1,1,1
apron 1,1,1,1,1,1,1,1,1,1
pure 1,1,1,1
heir 1,1,1,1
lied 1
out 1,1,1,1,1,1,1,1,1,1,1,1,1,1,1,1,1,1,1,1,1,1,1,1,1,1,1,1,1,1,1,1,1,1,1,1,1,1,1,1,1,1,1,1,1,1,1,1,1,1,1,1,1,1,1,1,1,1,1,1,1,1,1,1,1,1,1,1,1,1,1,1,1,1,1,1,1,1,1,1,1,1,1,1,1,1,1,1,1,1,1,1,1,1,1,1,1,1,1,1,1,1,1,1,1,1,1,1,1,1,1,1,1,1,1,1,1,1,1,1,1,1,1,1,1,1,1,1,1,1,1,1,1,1,1,1,1,1,1,1,1,1,1,1,1,1,1,1,1,1,1,1,1,1,1,1,1,1,1,1,1,1,1,1,1,1,1,1,1,1,1,1,1,1,1,1,1,1,1,1,1,1,1,1,1,1,1,1,1,1,1,1,1,1,1,1,1,1,1,1,1,1,1,1,1,1,1,1,1,1,1,1,1,1,1,1,1,1,1,1,1,1,1,1,1,1,1,1,1,1,1,1,1,1,1,1,1,1,1,1,1,1,1,1,1,1,1,1,1,1,1,1,1,1,1,1,1,1,1,1,1,1,1,1,1,1,1,1,1,1,1,1,1,1,1,1,1,1,1,1,1,1,1,1,1,1,1,1,1,1,1,1,1,1,1,1,1,1,1,1,1,1,1,1,1,1,1,1,1,1,1,1,1,1,1,1,1,1,1,1,1,1,1,1,1,1,1,1,1,1,1,1,1,1,1,1,1,1,1,1,1,1,1,1,1,1,1,1,1,1,1,1,1,1,1,1,1,1,1,1,1,1,1,1,1,1,1,1,1,1,1,1,1,1,1,1,1,1,1,1,1,1,1,1,1,1,1,1,1,1,1,1,1,1,1,1,1,1,1,1,1,1,1,1,1,1,1,1,1,1,1,1,1,1,1,1,1,1,1,1,1,1,1,1,1,1,1,1,1,1,1,1,1,1,1,1,1,1,1,1,1,1,1,1,1,1,1,1,1,1,1,1,1,1,1,1,1,1,1,1,1,1,1,1,1,1,1,1,1,1
bridal 1
elbows 1
contrive 1,1,1,1,1
sprinkled 1,1,1,1,1
located 1,1,1,1
date 1,1
addresses 1
corn 1,1,1,1,1,1
proud 1,1,1,1,1,1,1
branches 1,1,1,1,1,1,1,1,1,1,1,1,1
cord 1,1,1,1,1,1
line 1,1,1,1
Rest 1
peeling 1
affairs 1
hearse 1,1,1
intend 1
chatting 1,1
snap 1
rider 1
begins 1
lion 1,1,1,1,1,1,1,1,1,1,1,1,1,1,1,1,1,1,1,1,1,1,1,1,1,1
wind 1,1,1,1,1,1,1,1,1,1,1,1,1,1,1,1,1,1,1,1,1,1,1,1,1,1,1,1,1,1,1,1,1,1,1,1
talking 1,1,1
resolved 1,1
cows 1,1,1,1,1
blue 1,1,1,1,1,1,1,1,1,1,1,1,1
faces 1
strange 1,1,1,1,1,1,1,1,1,1,1,1,1,1,1,1,1,1
cleared 1
pear 1,1
victory 1,1,1,1
with 1,1,1,1,1,1,1,1,1,1,1,1,1,1,1,1,1,1,1,1,1,1,1,1,1,1,1,1,1,1,1,1,1,1,1,1,1,1,1,1,1,1,1,1,1,1,1,1,1,1,1,1,1,1,1,1,1,1,1,1,1,1,1,1,1,1,1,1,1,1,1,1,1,1,1,1,1,1,1,1,1,1,1,1,1,1,1,1,1,1,1,1,1,1,1,1,1,1,1,1,1,1,1,1,1,1,1,1,1,1,1,1,1,1,1,1,1,1,1,1,1,1,1,1,1,1,1,1,1,1,1,1,1,1,1,1,1,1,1,1,1,1,1,1,1,1,1,1,1,1,1,1,1,1,1,1,1,1,1,1,1,1,1,1,1,1,1,1,1,1,1,1,1,1,1,1,1,1,1,1,1,1,1,1,1,1,1,1,1,1,1,1,1,1,1,1,1,1,1,1,1,1,1,1,1,1,1,1,1,1,1,1,1,1,1,1,1,1,1,1,1,1,1,1,1,1,1,1,1,1,1,1,1,1,1,1,1,1,1,1,1,1,1,1,1,1,1,1,1,1,1,1,1,1,1,1,1,1,1,1,1,1,1,1,1,1,1,1,1,1,1,1,1,1,1,1,1,1,1,1,1,1,1,1,1,1,1,1,1,1,1,1,1,1,1,1,1,1,1,1,1,1,1,1,1,1,1,1,1,1,1,1,1,1,1,1,1,1,1,1,1,1,1,1,1,1,1,1,1,1,1,1,1,1,1,1,1,1,1,1,1,1,1,1,1,1,1,1,1,1,1,1,1,1,1,1,1,1,1,1,1,1,1,1,1,1,1,1,1,1,1,1,1,1,1,1,1,1,1,1,1,1,1,1,1,1,1,1,1,1,1,1,1,1,1,1,1,1,1,1,1,1,1,1,1,1,1,1,1,1,1,1,1,1,1,1,1,1,1,1,1,1,1,1,1,1,1,1,1,1,1,1,1,1,1,1,1,1,1,1,1,1,1,1,1,1,1,1,1,1,1,1,1,1,1,1,1,1,1,1,1,1,1,1,1,1,1,1,1,1,1,1,1,1,1,1,1,1,1,1,1,1,1,1,1,1,1,1,1,1,1,1,1,1,1,1,1,1,1,1,1,1,1,1,1,1,1,1,1,1,1,1,1,1,1,1,1,1,1,1,1,1,1,1,1,1,1,1,1,1,1,1,1,1,1,1,1,1,1,1,1,1,1,1,1,1,1,1,1,1,1,1,1,1,1,1,1,1,1,1,1,1,1,1,1,1,1,1,1,1,1,1,1,1,1,1,1,1,1,1,1,1,1,1,1,1,1,1,1,1,1,1,1,1,1,1,1,1,1,1,1,1,1,1,1,1,1,1,1,1,1,1,1,1,1,1,1,1,1,1,1,1,1,1,1,1,1,1,1,1,1,1,1,1,1,1,1,1,1,1,1,1,1,1,1,1,1,1,1,1,1,1,1,1,1,1,1,1,1,1,1,1,1,1,1,1,1,1,1,1,1,1,1,1,1,1,1,1,1,1,1,1,1,1,1,1,1,1,1,1,1,1,1,1,1,1,1,1,1,1,1,1,1,1,1,1,1,1,1,1,1,1,1,1,1,1,1,1,1,1,1,1,1,1,1,1,1
wren 1,1,1,1,1,1,1
groaned 1
shopkeeper 1
corporation 1
slowly 1,1
ever 1,1,1,1,1,1,1,1,1,1,1,1,1,1,1,1,1,1,1,1,1,1,1,1,1,1,1,1,1,1
hundred 1,1,1,1,1,1,1,1,1,1,1,1,1,1,1,1,1,1,1,1,1,1,1
handkerchief 1,1,1,1,1,1,1,1,1
lair 1,1,1
wake 1,1,1
void 1
Three 1,1
READ 1
rising 1,1,1
fruit 1,1,1
bush 1,1,1,1,1,1,1,1,1,1,1
unpack 1
English 1,1
velvet 1
treading 1
meddling 1
safeguard 1
roved 1
prize 1,1,1,1,1,1,1
fainting 1
unicorn 1,1,1,1,1
Crabb 1,1,1,1
proclaimed 1
hangest 1,1,1
unlock 1
receipt 1,1
stooped 1,1,1,1,1
thicker 1
anything 1,1,1,1,1,1,1,1,1,1,1,1,1,1,1,1,1,1,1,1,1,1,1,1,1,1,1,1,1,1,1,1,1,1,1,1,1,1,1,1,1,1,1,1,1
yesterday 1,1,1,1
heavens 1,1,1,1,1,1,1
wager 1
snares 1
hew 1,1
LITTLE 1,1,1,1,1,1,1,1,1,1
entice 1,1,1
barrel 1,1,1,1,1,1,1,1,1,1,1
terrified 1,1,1,1,1,1,1,1,1
his 1,1,1,1,1,1,1,1,1,1,1,1,1,1,1,1,1,1,1,1,1,1,1,1,1,1,1,1,1,1,1,1,1,1,1,1,1,1,1,1,1,1,1,1,1,1,1,1,1,1,1,1,1,1,1,1,1,1,1,1,1,1,1,1,1,1,1,1,1,1,1,1,1,1,1,1,1,1,1,1,1,1,1,1,1,1,1,1,1,1,1,1,1,1,1,1,1,1,1,1,1,1,1,1,1,1,1,1,1,1,1,1,1,1,1,1,1,1,1,1,1,1,1,1,1,1,1,1,1,1,1,1,1,1,1,1,1,1,1,1,1,1,1,1,1,1,1,1,1,1,1,1,1,1,1,1,1,1,1,1,1,1,1,1,1,1,1,1,1,1,1,1,1,1,1,1,1,1,1,1,1,1,1,1,1,1,1,1,1,1,1,1,1,1,1,1,1,1,1,1,1,1,1,1,1,1,1,1,1,1,1,1,1,1,1,1,1,1,1,1,1,1,1,1,1,1,1,1,1,1,1,1,1,1,1,1,1,1,1,1,1,1,1,1,1,1,1,1,1,1,1,1,1,1,1,1,1,1,1,1,1,1,1,1,1,1,1,1,1,1,1,1,1,1,1,1,1,1,1,1,1,1,1,1,1,1,1,1,1,1,1,1,1,1,1,1,1,1,1,1,1,1,1,1,1,1,1,1,1,1,1,1,1,1,1,1,1,1,1,1,1,1,1,1,1,1,1,1,1,1,1,1,1,1,1,1,1,1,1,1,1,1,1,1,1,1,1,1,1,1,1,1,1,1,1,1,1,1,1,1,1,1,1,1,1,1,1,1,1,1,1,1,1,1,1,1,1,1,1,1,1,1,1,1,1,1,1,1,1,1,1,1,1,1,1,1,1,1,1,1,1,1,1,1,1,1,1,1,1,1,1,1,1,1,1,1,1,1,1,1,1,1,1,1,1,1,1,1,1,1,1,1,1,1,1,1,1,1,1,1,1,1,1,1,1,1,1,1,1,1,1,1,1,1,1,1,1,1,1,1,1,1,1,1,1,1,1,1,1,1,1,1,1,1,1,1,1,1,1,1,1,1,1,1,1,1,1,1,1,1,1,1,1,1,1,1,1,1,1,1,1,1,1,1,1,1,1,1,1,1,1,1,1,1,1,1,1,1,1,1,1,1,1,1,1,1,1,1,1,1,1,1,1,1,1,1,1,1,1,1,1,1,1,1,1,1,1,1,1,1,1,1,1,1,1,1,1,1,1,1,1,1,1,1,1,1,1,1,1,1,1,1,1,1,1,1,1,1,1,1,1,1,1,1,1,1,1,1,1,1,1,1,1,1,1,1,1,1,1,1,1,1,1,1,1,1,1,1,1,1,1,1,1,1,1,1,1,1,1,1,1,1,1,1,1,1,1,1,1,1,1,1,1,1,1,1,1,1,1,1,1,1,1,1,1,1,1,1,1,1,1,1,1,1,1,1,1,1,1,1,1,1,1,1,1,1,1,1,1,1,1,1,1,1,1,1,1,1,1,1,1,1,1,1,1,1,1,1,1,1,1,1,1,1,1,1,1,1,1,1,1,1,1,1,1,1,1,1,1,1,1,1,1,1,1,1,1,1,1,1,1,1,1,1,1,1,1,1,1,1,1,1,1,1,1,1,1,1,1,1,1,1,1,1,1,1,1,1,1,1,1,1,1,1,1,1,1,1,1,1,1,1,1,1,1,1,1,1,1,1,1,1,1,1,1,1,1,1,1,1,1,1,1,1,1,1,1,1,1,1,1,1,1,1,1,1,1,1,1,1,1,1,1,1,1,1,1,1,1,1,1,1,1,1,1,1,1,1,1,1,1,1,1,1,1,1,1,1,1,1,1,1,1,1,1,1,1,1,1,1,1,1,1,1,1,1,1,1,1,1,1,1,1,1,1,1,1,1,1,1,1,1,1,1,1,1,1,1,1,1,1,1,1,1,1,1,1,1,1,1,1,1,1,1,1,1,1,1,1,1,1,1,1,1,1,1,1,1,1,1,1,1,1,1,1,1,1,1,1,1,1,1,1,1,1,1,1,1,1,1,1,1,1,1,1,1,1,1,1,1,1,1,1,1,1,1,1,1,1,1,1,1,1,1,1,1,1,1,1,1,1,1,1,1,1,1,1,1,1,1,1,1,1,1,1,1,1,1,1,1,1,1,1,1,1,1,1,1,1,1,1,1,1,1,1,1,1,1,1,1,1,1,1,1,1,1,1,1,1,1,1,1,1,1,1,1,1,1,1,1,1,1,1,1,1,1,1,1,1
Woman 1
bruised 1
history 1
KIND 1
point 1,1,1,1
deserve 1,1,1
hoarse 1
trim 1
beer 1,1,1,1,1,1,1,1,1,1,1,1,1,1,1
jump 1,1
knowledge 1,1
soft 1,1,1,1,1,1
LIMITED 1,1,1
beds 1,1,1,1,1,1,1
comer 1
Salt 1
how 1,1,1,1,1,1,1,1,1,1,1,1,1,1,1,1,1,1,1,1,1,1,1,1,1,1,1,1,1,1,1,1,1,1,1,1,1,1,1,1,1,1,1,1,1,1,1,1,1,1,1,1,1,1,1,1,1,1,1,1,1,1,1,1,1,1,1,1,1,1,1,1,1,1,1,1,1,1,1,1,1,1,1,1,1,1,1,1,1,1,1,1,1,1,1,1,1,1,1,1,1,1,1,1,1,1,1,1,1,1,1,1,1,1,1,1,1,1,1,1,1,1,1,1,1,1,1,1,1,1,1,1,1,1,1,1,1,1,1,1,1,1,1,1,1,1,1,1
bolder 1
sometimes 1,1,1,1
magnificently 1,1
reckoning 1
rapidity 1
ashore 1
Hans 1,1,1,1,1,1,1,1,1,1,1,1,1,1,1,1,1,1,1,1,1,1,1,1,1,1,1,1,1,1,1,1,1,1,1,1,1,1,1,1,1,1,1,1,1,1,1,1,1,1,1,1,1,1,1,1,1,1,1,1,1,1,1,1,1,1,1,1,1,1,1,1,1,1,1,1,1,1,1,1,1,1,1,1,1,1,1,1,1,1,1,1,1,1,1,1,1,1,1,1,1,1,1,1,1,1,1,1,1,1,1,1,1,1,1,1,1,1,1
Well 1,1,1,1,1,1,1,1,1,1,1,1,1,1,1,1,1,1,1,1,1,1,1,1,1,1,1,1,1,1,1,1,1,1,1,1,1
Language 1
just 1,1,1,1,1,1,1,1,1,1,1,1,1,1,1,1,1,1,1,1,1,1,1,1,1,1,1,1,1,1,1,1,1,1,1,1,1,1,1,1,1,1,1,1,1,1,1,1,1,1,1,1,1,1,1,1,1,1,1,1,1,1,1,1,1,1,1
notice 1,1,1,1
sold 1,1,1,1
midnight 1,1,1,1,1,1,1,1,1
entreaties 1,1
hole 1,1,1,1,1,1,1,1,1,1,1,1,1,1,1,1,1
hug 1
fortunes 1
dropped 1,1,1,1,1,1,1,1
royalty 1
asks 1,1,1
dived 1,1
torch 1
able 1,1,1,1,1,1,1,1,1,1,1,1,1,1,1,1,1,1,1,1,1,1,1,1,1,1
evening 1,1,1,1,1,1,1,1,1,1,1,1,1,1,1,1,1,1,1,1,1,1,1,1,1,1,1,1,1,1,1,1,1,1,1,1,1,1,1,1,1,1,1,1,1,1,1,1,1,1,1,1,1,1,1,1,1,1,1,1,1,1,1,1,1,1,1,1
return 1,1,1,1,1,1,1,1,1,1,1,1,1,1,1,1,1,1,1,1,1,1,1,1,1
drown 1,1
downloading 1
Oho 1
turtle 1,1,1
sooner 1,1,1,1
drove 1,1,1,1,1,1,1,1,1,1,1,1,1,1,1,1,1,1,1,1,1,1,1,1,1,1
movements 1
master 1,1,1,1,1,1,1,1,1,1,1,1,1,1,1,1,1,1,1,1,1,1,1,1,1,1,1,1,1,1,1,1,1,1,1,1,1,1,1,1,1,1,1,1,1,1
splashed 1
sticking 1,1,1
intention 1,1,1
nevertheless 1,1,1
fact 1
GRISLY 1,1
Tommy 1
whenever 1,1,1,1,1,1,1,1
quarrelling 1
collection 1,1,1,1,1,1
Title 1
safety 1,1,1
leagues 1
betrayed 1
thumb 1,1
seize 1,1
tight 1,1,1
space 1,1,1,1
drawers 1
finished 1,1,1,1,1,1,1,1,1,1
published 1,1
org/license 1
bosom 1,1
pomp 1,1,1,1
perching 1
fare 1,1,1,1,1,1,1
sprinkle 1
robbed 1,1,1
close 1,1,1,1,1,1,1,1,1,1,1,1,1,1,1,1,1,1,1,1,1,1,1,1,1,1,1,1,1
mumbled 1
leisurely 1
calling 1,1,1,1,1
cistern 1
pots 1,1
tiresome 1,1
helpless 1
respect 1,1,1
bills 1,1
identify 1
dirtiest 1
fishes 1,1,1,1,1
spot 1,1,1,1,1,1,1,1,1,1,1,1,1,1,1,1,1,1
tender 1,1,1,1
spun 1,1,1,1,1,1
clock 1,1,1,1,1,1,1,1,1,1,1,1,1,1,1,1,1,1
April 1
badly 1,1,1
dumb 1
cleverness 1,1
rejoicing 1,1,1,1,1
row 1,1
wrongs 1,1
abashed 1
cake 1,1,1,1,1,1,1,1,1,1,1,1,1,1
hired 1
reel 1,1
000 1
Refund 1
handed 1,1,1
worth 1,1,1,1,1,1
fluttering 1,1
Peasant 1
grace 1
noticed 1,1,1
Has 1,1,1
ate 1,1,1,1,1,1,1,1,1,1,1,1,1,1,1,1,1,1,1,1,1,1,1,1,1,1,1,1,1,1,1,1,1,1,1,1,1,1,1
lifted 1,1,1,1,1,1,1,1,1,1,1,1,1,1,1,1,1,1
everywhere 1,1,1,1,1,1
leaving 1
edition 1
crying 1,1,1,1,1,1,1,1,1,1,1,1,1,1,1,1,1
unto 1,1,1
duty 1
stranger 1
penny 1,1,1,1
carpenter 1,1
greater 1,1,1,1
trunk 1,1,1,1,1
miraculous 1
bore 1,1,1,1,1,1
beings 1,1
tailors 1,1
Mission 1
1786 1
footing 1
latter 1,1,1
wedge 1,1
plank 1,1,1
Ilsabill 1,1,1,1,1,1,1,1,1,1,1,1
nodded 1,1
Grisly 1,1,1,1,1,1,1,1,1,1
excuses 1,1
PARTNERSHIP 1,1
REFUND 1
deep 1,1,1,1,1,1,1,1,1,1,1,1,1,1,1,1,1,1
Instead 1
sparkled 1,1,1,1,1
await 1,1
sir 1,1,1,1,1,1
mouths 1
over 1,1,1,1,1,1,1,1,1,1,1,1,1,1,1,1,1,1,1,1,1,1,1,1,1,1,1,1,1,1,1,1,1,1,1,1,1,1,1,1,1,1,1,1,1,1,1,1,1,1,1,1,1,1,1,1,1,1,1,1,1,1,1,1,1,1,1,1,1,1,1,1,1,1,1,1,1,1,1,1,1,1,1,1,1,1,1,1,1,1,1,1,1,1,1,1,1,1,1,1,1,1,1,1,1,1,1,1,1,1,1,1,1,1,1,1,1,1,1,1,1,1,1,1,1,1,1,1,1,1,1,1,1,1,1,1,1,1,1,1,1,1,1,1,1,1,1
pigsty 1,1,1,1,1,1
sluggards 1
maiden 1,1,1,1,1,1,1,1,1,1,1,1,1,1,1,1,1,1,1,1,1,1,1,1,1,1,1
#2591 1
paragraph 1,1,1,1,1,1,1,1,1,1
crystal 1
plate 1,1,1,1,1,1,1,1,1,1,1
strewed 1,1,1
amidst 1
Swiftly 1
cupboard 1,1,1
THUMB 1,1
paused 1
constant 1
knees 1,1,1,1,1,1,1,1,1
Executive 1
CHANTICLEER 1,1,1,1,1
attached 1
raised 1,1,1,1,1,1,1
cross 1,1,1,1
Hither 1,1,1,1
friend 1,1,1,1,1,1,1,1,1,1,1,1,1,1,1,1,1,1,1,1,1,1,1,1,1,1,1,1,1,1,1,1,1
morning 1,1,1,1,1,1,1,1,1,1,1,1,1,1,1,1,1,1,1,1,1,1,1,1,1,1,1,1,1,1,1,1,1,1,1,1,1,1,1,1,1,1,1,1,1,1,1,1,1,1,1,1,1,1,1,1,1,1,1,1,1,1,1,1,1,1,1,1,1,1,1,1,1,1,1,1,1,1,1,1,1,1,1,1,1,1,1,1,1,1,1,1,1,1,1,1,1,1,1,1
manages 1
declare 1
1812 1
crumbs 1,1,1
horns 1
What 1,1,1,1,1,1,1,1,1,1,1,1,1,1,1,1,1,1,1,1,1,1,1,1,1,1,1,1,1,1,1,1,1,1,1,1,1,1,1,1,1,1,1,1,1,1,1,1,1,1,1,1,1,1,1,1,1,1,1,1,1,1,1,1,1,1,1,1,1,1,1,1,1,1,1,1,1,1,1,1,1,1,1,1,1,1,1,1,1,1,1,1,1,1,1,1,1,1,1,1,1,1,1,1,1,1,1,1,1,1,1,1,1,1,1,1,1,1,1,1,1,1,1,1,1,1,1,1,1
clapping 1
missing 1,1,1,1,1
figure 1,1,1,1
fleecy 1
backed 1
rowing 1,1
joyfully 1,1,1,1
unwillingly 1,1
hobgoblin 1,1
weak 1,1,1,1,1,1
miser 1,1,1,1,1,1,1,1,1,1,1,1,1,1,1,1,1
passage 1
twelfth 1,1,1
neighbourly 1
chanced 1,1,1
suffocated 1
tune 1,1,1,1,1,1,1
carried 1,1,1,1,1,1,1,1,1,1,1,1,1,1,1,1,1,1,1,1,1,1,1,1,1,1,1,1,1,1,1,1,1,1,1,1,1,1,1,1,1,1,1
motion 1
idle 1,1,1,1,1,1,1
granite 1,1
