shooting 1,1,1,1,1,1,1
spreading 1,1,1
1 1,1,1,1,1,1,1,1,1,1,1,1,1,1,1,1,1,1,1,1,1,1,1,1,1,1,1,1,1,1,1,1,1,1,1,1,1,1,1,1,1,1,1,1,1
helish 1
goin 1,1,1,1,1,1,1,1,1,1,1
telling 1,1,1,1,1,1,1,1,1,1,1,1,1,1,1,1,1
E 1,1,1,1,1,1,1,1,1,1,1,1,1,1,1,1,1,1,1,1,1,1
O 1,1
c 1,1,1
m 1,1,1,1,1,1,1,1,1,1,1,1,1,1,1,1,1,1,1,1,1,1,1,1,1,1,1,1,1,1,1,1,1,1,1,1,1,1,1,1,1,1,1,1,1,1,1,1,1,1,1,1,1,1,1,1,1,1,1,1,1,1,1,1,1,1,1,1,1,1,1,1,1,1,1,1,1,1,1,1,1,1,1,1,1,1,1,1,1,1,1,1,1,1,1,1,1,1,1,1,1,1,1,1,1,1,1,1,1,1,1,1,1,1,1,1,1,1,1,1,1,1,1,1,1,1,1,1,1
_doctor_ 1,1
motioned 1,1,1
enchantment 1
empty 1,1,1,1
amounted 1
laugh 1,1,1,1,1,1,1,1,1,1,1
dinners 1
hypertext 1
top 1,1,1,1,1,1,1,1,1,1,1,1,1,1,1,1,1,1,1
Fairbanks 1
spirit 1,1,1,1,1,1
com 1
cow 1,1,1,1,1,1,1,1,1,1,1
Rot 1
chicken 1,1,1,1,1
unenforceability 1
direction 1
rows 1,1
edgeways 1
Then 1,1,1,1,1,1,1,1,1,1,1,1,1,1,1,1,1,1,1,1,1,1,1,1,1,1,1,1,1,1,1,1,1,1,1,1,1,1,1,1,1,1,1,1,1,1,1,1,1,1,1,1,1,1,1,1,1,1,1,1,1,1,1,1,1,1,1,1,1,1,1,1,1,1,1,1,1,1,1,1,1,1,1,1,1,1,1,1,1,1,1,1,1,1,1,1,1,1,1,1,1,1,1,1,1,1,1,1,1,1,1,1,1,1,1,1,1,1,1,1,1,1,1,1,1,1,1,1,1,1,1,1,1,1,1,1,1,1,1,1,1,1,1,1,1,1,1,1,1,1,1,1,1,1,1,1,1,1,1,1,1,1,1,1,1,1,1,1
Run 1,1,1
shove 1,1,1,1,1,1,1,1,1,1,1,1,1,1,1,1,1
holidays 1
dying 1,1
blister 1
Ransomed 1
NEXT 1
climb 1,1,1,1
groaning 1
leavings 1
smooths 1
reckoned 1,1,1,1,1,1,1,1,1,1,1,1,1,1,1,1,1,1,1,1,1,1,1,1,1,1,1,1,1,1,1,1,1,1,1,1,1,1,1,1,1,1,1,1,1,1,1,1,1,1,1,1,1,1,1,1,1,1,1,1,1,1,1,1,1,1,1,1,1,1,1,1,1,1,1
Signing 1
Betwixt 1
fidget 1
Theatre 1,1
third 1,1,1,1,1,1
Buck 1,1,1,1,1,1,1,1,1,1,1,1,1,1,1,1,1,1,1,1,1,1,1,1,1,1,1,1,1,1,1,1,1,1,1,1,1,1,1,1,1,1,1
preaches 1
bran 1
stealing 1,1,1,1,1
borrow 1,1,1,1,1,1,1,1,1,1,1,1
$5 1
toughest 1,1
Heave 1
concerns 1
knots 1
_words_ 1
sholy 1,1,1
pours 1
mail 1
grain 1
daybreak 1,1,1,1,1
includes 1
Walk 1
cluttering 1
sellin 1
hiding 1,1,1,1,1,1,1
LIABILITY 1
sober 1,1,1,1,1
examine 1
30 1
But 1,1,1,1,1,1,1,1,1,1,1,1,1,1,1,1,1,1,1,1,1,1,1,1,1,1,1,1,1,1,1,1,1,1,1,1,1,1,1,1,1,1,1,1,1,1,1,1,1,1,1,1,1,1,1,1,1,1,1,1,1,1,1,1,1,1,1,1,1,1,1,1,1,1,1,1,1,1,1,1,1,1,1,1,1,1,1,1,1,1,1,1,1,1,1,1,1,1,1,1,1,1,1,1,1,1,1,1,1,1,1,1,1,1,1,1,1,1,1,1,1,1,1,1,1,1,1,1,1,1,1,1,1,1,1,1,1,1,1,1,1,1,1,1,1,1,1,1,1,1,1,1,1,1,1,1,1,1,1,1,1,1,1,1,1,1,1,1,1,1,1,1,1,1,1,1,1,1,1,1,1,1,1,1,1,1,1,1,1,1,1,1,1,1,1,1,1,1,1,1,1,1,1,1,1,1,1,1,1,1,1,1,1,1,1,1,1,1,1,1,1,1,1,1,1,1,1,1,1,1,1,1,1,1,1,1,1,1,1,1,1,1,1,1,1,1,1,1,1,1,1,1,1,1,1,1,1,1,1,1,1,1,1,1,1,1,1,1,1,1,1
shucks 1,1,1,1,1,1,1,1
stay 1,1,1,1,1,1,1,1,1,1,1,1,1,1,1,1,1,1,1,1,1,1,1,1,1,1,1,1,1,1,1,1,1,1,1,1,1,1,1,1
callin 1
wool 1,1,1
barn 1
surprise 1,1,1,1,1,1,1,1,1
milking 1
Time 1,1
speed 1
76 1,1
starved 1,1
lemonade 1
spotted 1
bolthead 1
loss 1
cattle 1,1,1,1,1
Moses 1,1,1,1,1,1
tattoo 1
Hagan 1
foundation 1
Doctor 1,1,1,1,1,1,1,1,1
provision 1
commence 1
Chief 1
platform 1,1
walking 1
advantage 1,1,1,1
whispered 1,1,1
unlink 1
_said_ 1,1
absent 1,1
flathead 1
Ah 1,1
confiding 1
The 1,1,1,1,1,1,1,1,1,1,1,1,1,1,1,1,1,1,1,1,1,1,1,1,1,1,1,1,1,1,1,1,1,1,1,1,1,1,1,1,1,1,1,1,1,1,1,1,1,1,1,1,1,1,1,1,1,1,1,1,1,1,1,1,1,1,1,1,1,1,1,1,1,1,1,1,1,1,1,1,1,1,1,1,1,1,1,1,1,1,1,1,1,1,1,1,1,1,1,1,1,1,1,1,1,1,1,1,1,1,1,1,1,1,1,1,1,1,1,1,1,1,1,1,1,1,1,1,1,1,1,1,1,1,1,1,1,1,1,1,1,1,1,1,1,1,1,1,1,1,1,1,1,1,1,1,1,1,1,1,1,1,1,1,1,1,1,1,1,1,1,1,1,1,1,1,1,1,1,1,1,1,1,1,1,1,1,1,1,1,1,1,1,1,1,1,1,1,1,1,1,1,1,1,1,1,1,1,1,1,1,1,1,1,1,1,1,1,1,1,1,1,1,1,1,1,1,1,1,1,1,1,1,1,1,1,1,1,1,1,1,1,1,1,1,1,1,1,1,1,1,1,1,1,1,1,1,1,1,1,1,1,1,1,1,1,1,1,1,1,1,1,1,1,1,1,1,1,1,1,1,1,1,1,1,1,1,1,1,1,1,1,1,1,1,1,1,1,1,1,1,1,1,1,1,1,1,1,1,1,1,1,1,1,1,1,1,1,1,1,1,1,1,1,1,1,1,1,1,1,1,1,1
Robbers 1,1,1,1
stump 1,1,1,1,1,1,1
Thy 1
SHOVE 1
official 1,1,1
_ask_ 1
De 1,1,1,1,1,1,1,1,1,1,1,1,1,1
Do 1,1,1,1,1,1,1,1,1,1,1,1,1,1,1,1,1,1,1,1
doctoring 1,1
En 1,1,1,1,1,1,1,1,1,1,1,1,1,1,1
lines 1,1,1,1,1,1,1,1,1,1
GUTENBERG 1,1,1,1
betray 1,1
joker 1
happens 1,1
shape 1,1,1,1
IV 1,1,1
Afterwards 1
It 1,1,1,1,1,1,1,1,1,1,1,1,1,1,1,1,1,1,1,1,1,1,1,1,1,1,1,1,1,1,1,1,1,1,1,1,1,1,1,1,1,1,1,1,1,1,1,1,1,1,1,1,1,1,1,1,1,1,1,1,1,1,1,1,1,1,1,1,1,1,1,1,1,1,1,1,1,1,1,1,1,1,1,1,1,1,1,1,1,1,1,1,1,1,1,1,1,1,1,1,1,1,1,1,1,1,1,1,1,1,1,1,1,1,1,1,1,1,1,1,1,1,1,1,1,1,1,1,1,1,1,1,1,1,1,1,1,1,1,1,1,1,1,1,1,1,1,1,1,1,1,1,1,1,1,1,1,1,1,1,1,1,1,1,1,1,1,1,1,1,1,1,1,1,1,1,1,1,1,1,1,1,1,1,1,1,1,1,1,1,1,1,1,1,1,1,1,1,1,1,1,1,1,1,1,1,1,1,1,1,1,1,1,1,1,1,1,1,1,1,1,1,1,1,1,1,1,1,1,1,1,1,1,1,1,1,1,1,1,1,1,1,1,1,1,1,1,1,1,1,1,1
rights 1,1,1,1,1,1,1
_spare_ 1
Sawmill 1
brass 1,1,1,1,1,1,1,1,1,1,1,1,1,1,1
driving 1,1
Mf 1,1
OF 1,1,1,1,1,1,1,1,1,1,1
No 1,1,1,1,1,1,1,1,1,1,1,1,1,1,1,1,1,1,1,1,1,1,1,1,1,1,1,1,1,1,1,1,1,1,1,1,1,1,1,1,1,1,1,1,1,1,1,1,1,1,1,1,1,1,1,1,1,1,1,1,1,1,1,1,1,1,1,1,1,1,1,1,1,1,1,1,1,1,1,1,1,1,1,1,1,1,1,1,1,1,1,1,1,1,1,1,1,1,1,1,1,1,1,1,1
_sable_ 1
queens 1
borrowing 1,1,1
On 1,1,1,1,1,1,1,1,1,1
Royal 1,1,1,1,1,1,1,1,1,1,1
indemnify 1
magician 1
black 1,1,1,1,1,1,1,1,1,1,1,1,1,1,1,1,1,1,1,1,1,1,1,1,1,1,1,1,1,1,1,1,1
fetched 1,1,1,1,1,1,1,1,1,1,1,1,1,1,1,1,1,1,1,1,1,1,1,1,1,1,1,1,1,1,1,1,1,1,1,1,1
St 1,1,1,1,1,1,1,1,1,1,1
hugs 1
UT 1
VI 1,1
beatenest 1,1
trademark 1,1,1,1,1,1,1,1,1
green 1,1,1,1,1
bothered 1,1,1,1
leafy 1
Utterback 1
raft 1,1,1,1,1,1,1,1,1,1,1,1,1,1,1,1,1,1,1,1,1,1,1,1,1,1,1,1,1,1,1,1,1,1,1,1,1,1,1,1,1,1,1,1,1,1,1,1,1,1,1,1,1,1,1,1,1,1,1,1,1,1,1,1,1,1,1,1,1,1,1,1,1,1,1,1,1,1,1,1,1,1,1,1,1,1,1,1,1,1,1,1,1,1,1,1,1,1,1,1,1,1,1,1,1,1,1,1,1,1,1
taxes 1
alassin 1
fan 1,1
rained 1
rested 1,1,1
study 1,1,1,1,1,1,1,1
raspy 1,1
Dah 1,1,1,1,1
rags 1,1,1,1,1,1,1,1,1
padlocked 1
strain 1,1,1
heirs 1,1
goings 1
sunk 1,1,1,1,1
outside 1,1,1,1,1,1,1,1,1,1,1,1,1,1,1,1,1,1,1,1
Den 1,1,1,1,1,1,1
visit 1,1
denied 1
honest 1,1,1,1,1,1,1,1,1,1,1,1
doubts 1
yonder 1,1,1,1,1,1,1,1,1,1,1,1,1,1,1,1,1,1,1,1,1,1,1
Lordship 1
be 1,1,1,1,1,1,1,1,1,1,1,1,1,1,1,1,1,1,1,1,1,1,1,1,1,1,1,1,1,1,1,1,1,1,1,1,1,1,1,1,1,1,1,1,1,1,1,1,1,1,1,1,1,1,1,1,1,1,1,1,1,1,1,1,1,1,1,1,1,1,1,1,1,1,1,1,1,1,1,1,1,1,1,1,1,1,1,1,1,1,1,1,1,1,1,1,1,1,1,1,1,1,1,1,1,1,1,1,1,1,1,1,1,1,1,1,1,1,1,1,1,1,1,1,1,1,1,1,1,1,1,1,1,1,1,1,1,1,1,1,1,1,1,1,1,1,1,1,1,1,1,1,1,1,1,1,1,1,1,1,1,1,1,1,1,1,1,1,1,1,1,1,1,1,1,1,1,1,1,1,1,1,1,1,1,1,1,1,1,1,1,1,1,1,1,1,1,1,1,1,1,1,1,1,1,1,1,1,1,1,1,1,1,1,1,1,1,1,1,1,1,1,1,1,1,1,1,1,1,1,1,1,1,1,1,1,1,1,1,1,1,1,1,1,1,1,1,1,1,1,1,1,1,1,1,1,1,1,1,1,1,1,1,1,1,1,1,1,1,1,1,1,1,1,1,1,1,1,1,1,1,1,1,1,1,1,1,1,1,1,1,1,1,1,1,1,1,1,1,1,1,1,1,1,1,1,1,1,1,1,1,1,1,1,1,1,1,1,1,1,1,1,1,1,1,1,1,1,1,1,1,1,1,1,1,1,1,1,1,1,1,1,1,1,1,1,1,1,1,1,1,1,1,1,1,1,1,1,1,1,1,1,1,1,1,1,1,1,1,1,1,1,1,1,1,1,1,1,1,1,1,1,1
virus 1
bo 1
Broke 1
by 1,1,1,1,1,1,1,1,1,1,1,1,1,1,1,1,1,1,1,1,1,1,1,1,1,1,1,1,1,1,1,1,1,1,1,1,1,1,1,1,1,1,1,1,1,1,1,1,1,1,1,1,1,1,1,1,1,1,1,1,1,1,1,1,1,1,1,1,1,1,1,1,1,1,1,1,1,1,1,1,1,1,1,1,1,1,1,1,1,1,1,1,1,1,1,1,1,1,1,1,1,1,1,1,1,1,1,1,1,1,1,1,1,1,1,1,1,1,1,1,1,1,1,1,1,1,1,1,1,1,1,1,1,1,1,1,1,1,1,1,1,1,1,1,1,1,1,1,1,1,1,1,1,1,1,1,1,1,1,1,1,1,1,1,1,1,1,1,1,1,1,1,1,1,1,1,1,1,1,1,1,1,1,1,1,1,1,1,1,1,1,1,1,1,1,1,1,1,1,1,1,1,1,1,1,1,1,1,1,1,1,1,1,1,1,1,1,1,1,1,1,1,1,1,1,1,1,1,1,1,1,1,1,1,1,1,1,1,1,1,1,1,1,1,1,1,1,1,1,1,1,1,1,1,1,1,1,1,1,1,1,1,1,1,1,1,1,1,1,1,1,1,1,1,1,1,1,1,1,1,1,1,1,1,1,1,1,1,1,1,1,1,1,1,1,1,1,1,1,1,1,1,1,1,1,1,1,1,1,1,1,1,1,1,1,1,1,1,1,1,1,1,1,1,1,1,1,1,1,1,1,1,1,1,1,1,1,1,1,1,1,1,1,1,1,1,1,1,1,1,1,1,1,1,1,1,1,1,1,1,1,1,1,1,1,1,1,1,1,1,1,1,1,1,1,1,1,1
Handwriting 1
keeping 1,1,1,1,1,1,1,1
breaths 1
freely 1,1,1,1
tremblin 1
gars 1
marble 1
jumbled 1
jailed 1,1,1,1,1,1,1
_seen_ 1
hi 1
easily 1
Don 1,1,1,1,1,1,1,1,1,1,1,1,1,1,1,1,1,1,1,1,1,1,1,1,1,1,1,1,1,1,1,1,1,1,1,1,1,1,1,1,1,1,1,1,1,1,1
alteration 1
gave 1,1,1,1,1,1,1
baldhead 1,1,1,1
roosting 1,1,1
Brothers 1
sparkling 1
knee 1,1,1
disposition 1,1
le 1,1,1,1,1,1,1
fun 1,1,1,1,1,1,1,1,1,1,1
lo 1
generl 1,1
ly 1
_her_ 1,1,1
possessed 1,1
City 1
Powell 1
Auction 1
cousin 1,1,1
whilst 1,1,1,1,1,1,1,1,1,1,1,1,1,1,1,1,1,1,1,1,1
pa 1,1,1,1,1
sech 1,1,1
_know_ 1,1,1
stretching 1,1
varmint 1
_nobody_ 1,1
forks 1,1
seat 1,1,1
crossings 1
sh 1,1,1,1
armful 1
witches 1,1,1,1,1,1,1,1,1,1,1,1
biting 1
loaded 1,1,1,1,1,1,1,1,1
up 1,1,1,1,1,1,1,1,1,1,1,1,1,1,1,1,1,1,1,1,1,1,1,1,1,1,1,1,1,1,1,1,1,1,1,1,1,1,1,1,1,1,1,1,1,1,1,1,1,1,1,1,1,1,1,1,1,1,1,1,1,1,1,1,1,1,1,1,1,1,1,1,1,1,1,1,1,1,1,1,1,1,1,1,1,1,1,1,1,1,1,1,1,1,1,1,1,1,1,1,1,1,1,1,1,1,1,1,1,1,1,1,1,1,1,1,1,1,1,1,1,1,1,1,1,1,1,1,1,1,1,1,1,1,1,1,1,1,1,1,1,1,1,1,1,1,1,1,1,1,1,1,1,1,1,1,1,1,1,1,1,1,1,1,1,1,1,1,1,1,1,1,1,1,1,1,1,1,1,1,1,1,1,1,1,1,1,1,1,1,1,1,1,1,1,1,1,1,1,1,1,1,1,1,1,1,1,1,1,1,1,1,1,1,1,1,1,1,1,1,1,1,1,1,1,1,1,1,1,1,1,1,1,1,1,1,1,1,1,1,1,1,1,1,1,1,1,1,1,1,1,1,1,1,1,1,1,1,1,1,1,1,1,1,1,1,1,1,1,1,1,1,1,1,1,1,1,1,1,1,1,1,1,1,1,1,1,1,1,1,1,1,1,1,1,1,1,1,1,1,1,1,1,1,1,1,1,1,1,1,1,1,1,1,1,1,1,1,1,1,1,1,1,1,1,1,1,1,1,1,1,1,1,1,1,1,1,1,1,1,1,1,1,1,1,1,1,1,1,1,1,1,1,1,1,1,1,1,1,1,1,1,1,1,1,1,1,1,1,1,1,1,1,1,1,1,1,1,1,1,1,1,1,1,1,1,1,1,1,1,1,1,1,1,1,1,1,1,1,1,1,1,1,1,1,1,1,1,1,1,1,1,1,1,1,1,1,1,1,1,1,1,1,1,1,1,1,1,1,1,1,1,1,1,1,1,1,1,1,1,1,1,1,1,1,1,1,1,1,1,1,1,1,1,1,1,1,1,1,1,1,1,1,1,1,1,1,1,1,1,1,1,1,1,1,1,1,1,1,1,1,1,1,1,1,1,1,1,1,1,1,1,1,1,1,1,1,1,1,1,1,1,1,1,1,1,1,1,1,1,1,1,1,1,1,1,1,1,1,1,1,1,1,1,1,1,1,1,1,1,1,1,1,1,1,1,1,1,1,1,1,1,1,1,1,1,1,1,1,1,1,1,1,1,1,1,1,1,1,1,1,1,1,1,1,1,1,1,1,1,1,1,1,1,1,1,1,1,1,1,1,1,1,1,1,1,1,1,1,1,1,1,1,1,1,1,1,1,1,1,1,1,1,1,1,1,1,1,1,1,1,1,1,1,1,1,1,1,1,1,1,1,1,1,1,1,1,1,1,1,1,1,1,1,1,1,1,1,1,1,1,1,1,1,1,1,1,1,1,1,1,1,1,1,1,1,1,1,1,1,1,1,1,1,1,1,1,1,1,1,1,1,1,1,1,1,1,1,1,1,1,1,1,1,1,1,1,1,1,1,1,1,1,1,1,1,1,1,1,1,1,1,1,1,1,1,1,1,1,1,1,1,1,1,1,1,1,1,1,1,1,1,1,1,1,1,1,1,1,1,1,1,1,1,1,1,1,1,1,1,1,1,1,1,1,1,1,1,1,1,1,1,1,1,1,1,1,1,1,1,1,1,1,1,1,1,1,1,1,1,1,1,1,1,1,1,1,1,1,1,1,1,1,1,1,1,1,1,1,1,1,1,1,1,1,1,1,1,1,1,1,1,1,1,1,1,1,1,1,1,1,1,1,1,1,1,1,1,1,1,1,1,1,1,1,1,1,1,1,1,1,1,1,1,1,1,1,1,1,1,1,1,1,1,1,1,1,1,1,1,1,1,1,1,1,1,1,1,1,1,1,1,1,1,1,1
uz 1,1,1,1,1,1,1,1,1,1,1,1,1,1,1,1,1,1,1,1,1,1,1,1,1,1
ve 1,1,1,1,1,1,1,1,1,1,1,1,1,1,1,1,1,1,1,1,1,1,1,1,1,1,1,1,1,1,1,1,1,1,1,1,1,1,1,1,1,1,1,1,1,1,1,1,1,1,1,1,1,1,1,1,1,1,1,1,1,1,1,1,1,1,1,1,1,1,1,1,1,1,1,1,1,1,1,1,1,1,1,1,1,1,1,1,1,1,1,1,1,1,1,1,1,1,1,1,1,1,1,1,1,1,1,1,1,1,1,1,1,1,1,1,1,1,1,1,1
previous 1,1
hauled 1
Admission 1
_plunkety 1
course 1,1,1,1,1,1,1,1,1,1,1,1,1,1,1,1,1,1,1,1,1,1,1,1,1,1,1,1,1,1,1,1,1,1,1,1,1,1,1,1,1,1,1
rivers 1
brace 1,1,1
judged 1,1,1,1,1,1,1,1,1,1,1,1,1,1,1,1,1,1,1,1,1,1,1,1,1,1,1,1,1,1,1,1,1,1,1,1,1,1,1,1,1,1,1,1,1,1,1,1,1,1,1,1
crease 1
hern 1
kinder 1,1,1,1,1,1,1,1,1,1,1,1
_till_ 1
unfurled 1
munching 1
deffersits 1
much 1,1,1,1,1,1,1,1,1,1,1,1,1,1,1,1,1,1,1,1,1,1,1,1,1,1,1,1,1,1,1,1,1,1,1,1,1,1,1,1,1,1,1,1,1,1,1,1,1,1,1,1,1,1,1,1,1,1,1,1,1,1,1,1,1,1,1,1,1,1,1,1,1,1,1,1,1,1,1,1,1,1,1,1,1,1,1,1,1,1,1,1,1,1,1,1,1,1,1
entitled 1,1
ruined 1,1
reports 1
End 1
obsolete 1
John 1
entire 1
wrist 1,1,1,1,1
fluster 1
suthin 1
dripping 1,1
gum 1
Aunty 1,1,1,1,1,1
native 1,1
wail 1
Killed 1
shaming 1
whether 1,1,1,1,1,1,1,1,1,1,1,1,1,1,1,1,1,1,1,1,1
Public 1
blethers 1
thinks 1,1,1,1,1,1,1,1,1,1
difference 1,1,1,1,1,1,1,1,1,1,1,1,1,1,1,1,1,1,1
backwoods 1
_lo_ 1,1
Once 1,1,1,1,1,1
shovel 1,1,1,1
secure 1
yellower 1
tiptoed 1,1
warm 1,1,1,1,1,1,1,1
Was 1,1,1,1,1,1,1
quieted 1
her 1,1,1,1,1,1,1,1,1,1,1,1,1,1,1,1,1,1,1,1,1,1,1,1,1,1,1,1,1,1,1,1,1,1,1,1,1,1,1,1,1,1,1,1,1,1,1,1,1,1,1,1,1,1,1,1,1,1,1,1,1,1,1,1,1,1,1,1,1,1,1,1,1,1,1,1,1,1,1,1,1,1,1,1,1,1,1,1,1,1,1,1,1,1,1,1,1,1,1,1,1,1,1,1,1,1,1,1,1,1,1,1,1,1,1,1,1,1,1,1,1,1,1,1,1,1,1,1,1,1,1,1,1,1,1,1,1,1,1,1,1,1,1,1,1,1,1,1,1,1,1,1,1,1,1,1,1,1,1,1,1,1,1,1,1,1,1,1,1,1,1,1,1,1,1,1,1,1,1,1,1,1,1,1,1,1,1,1,1,1,1,1,1,1,1,1,1,1,1,1,1,1,1,1,1,1,1,1,1,1,1,1,1,1,1,1,1,1,1,1,1,1,1,1,1,1,1,1,1,1,1,1,1,1,1,1,1,1,1,1,1,1,1,1,1,1,1,1,1,1,1,1,1,1,1,1,1,1,1,1,1,1,1,1,1,1,1,1,1,1,1,1,1,1,1,1,1,1,1,1,1,1,1,1,1,1,1,1,1,1,1,1,1,1,1,1,1,1,1,1,1,1,1,1,1,1,1,1,1,1,1,1,1,1,1,1,1,1,1,1,1,1,1,1,1,1,1,1,1,1,1,1,1,1,1,1,1,1,1,1,1,1,1,1,1,1,1,1
laws 1,1,1,1,1,1,1,1,1
having 1,1,1,1,1,1,1,1,1,1,1,1,1,1,1
doubled 1,1
chair 1,1,1,1,1,1,1,1,1
sword 1,1,1,1
chaw 1,1,1,1,1,1,1,1,1,1,1,1,1
hid 1,1,1,1,1,1,1,1,1,1,1,1,1,1,1,1,1,1,1,1,1,1,1,1,1,1,1,1,1,1,1,1,1,1,1,1,1,1,1,1
before 1,1,1,1,1,1,1,1,1,1,1,1,1,1,1,1,1,1,1,1,1,1,1,1,1,1,1,1,1,1,1,1,1,1,1,1,1,1,1,1,1,1,1,1,1,1,1,1,1,1,1,1,1,1,1,1,1,1,1,1,1,1,1,1,1,1,1,1,1,1,1,1,1,1,1,1,1,1,1,1,1,1,1,1,1,1,1,1,1,1,1,1,1,1,1,1,1,1,1,1,1,1,1,1,1,1,1,1,1,1,1,1,1,1,1,1,1,1,1,1,1,1,1,1,1,1,1,1,1,1,1,1,1,1,1,1,1,1,1,1,1,1,1,1,1,1,1,1,1,1,1,1,1,1,1,1,1,1,1,1
XIX 1,1
Memphis 1
prays 1,1
square 1,1,1,1,1,1,1,1,1,1
wusshup 1
jumps 1,1,1,1,1,1,1
skimming 1
you 1,1,1,1,1,1,1,1,1,1,1,1,1,1,1,1,1,1,1,1,1,1,1,1,1,1,1,1,1,1,1,1,1,1,1,1,1,1,1,1,1,1,1,1,1,1,1,1,1,1,1,1,1,1,1,1,1,1,1,1,1,1,1,1,1,1,1,1,1,1,1,1,1,1,1,1,1,1,1,1,1,1,1,1,1,1,1,1,1,1,1,1,1,1,1,1,1,1,1,1,1,1,1,1,1,1,1,1,1,1,1,1,1,1,1,1,1,1,1,1,1,1,1,1,1,1,1,1,1,1,1,1,1,1,1,1,1,1,1,1,1,1,1,1,1,1,1,1,1,1,1,1,1,1,1,1,1,1,1,1,1,1,1,1,1,1,1,1,1,1,1,1,1,1,1,1,1,1,1,1,1,1,1,1,1,1,1,1,1,1,1,1,1,1,1,1,1,1,1,1,1,1,1,1,1,1,1,1,1,1,1,1,1,1,1,1,1,1,1,1,1,1,1,1,1,1,1,1,1,1,1,1,1,1,1,1,1,1,1,1,1,1,1,1,1,1,1,1,1,1,1,1,1,1,1,1,1,1,1,1,1,1,1,1,1,1,1,1,1,1,1,1,1,1,1,1,1,1,1,1,1,1,1,1,1,1,1,1,1,1,1,1,1,1,1,1,1,1,1,1,1,1,1,1,1,1,1,1,1,1,1,1,1,1,1,1,1,1,1,1,1,1,1,1,1,1,1,1,1,1,1,1,1,1,1,1,1,1,1,1,1,1,1,1,1,1,1,1,1,1,1,1,1,1,1,1,1,1,1,1,1,1,1,1,1,1,1,1,1,1,1,1,1,1,1,1,1,1,1,1,1,1,1,1,1,1,1,1,1,1,1,1,1,1,1,1,1,1,1,1,1,1,1,1,1,1,1,1,1,1,1,1,1,1,1,1,1,1,1,1,1,1,1,1,1,1,1,1,1,1,1,1,1,1,1,1,1,1,1,1,1,1,1,1,1,1,1,1,1,1,1,1,1,1,1,1,1,1,1,1,1,1,1,1,1,1,1,1,1,1,1,1,1,1,1,1,1,1,1,1,1,1,1,1,1,1,1,1,1,1,1,1,1,1,1,1,1,1,1,1,1,1,1,1,1,1,1,1,1,1,1,1,1,1,1,1,1,1,1,1,1,1,1,1,1,1,1,1,1,1,1,1,1,1,1,1,1,1,1,1,1,1,1,1,1,1,1,1,1,1,1,1,1,1,1,1,1,1,1,1,1,1,1,1,1,1,1,1,1,1,1,1,1,1,1,1,1,1,1,1,1,1,1,1,1,1,1,1,1,1,1,1,1,1,1,1,1,1,1,1,1,1,1,1,1,1,1,1,1,1,1,1,1,1,1,1,1,1,1,1,1,1,1,1,1,1,1,1,1,1,1,1,1,1,1,1,1,1,1,1,1,1,1,1,1,1,1,1,1,1,1,1,1,1,1,1,1,1,1,1,1,1,1,1,1,1,1,1,1,1,1,1,1,1,1,1,1,1,1,1,1,1,1,1,1,1,1,1,1,1,1,1,1,1,1,1,1,1,1,1,1,1,1,1,1,1,1,1,1,1,1,1,1,1,1,1,1,1,1,1,1,1,1,1,1,1,1,1,1,1,1,1,1,1,1,1,1,1,1,1,1,1,1,1,1,1,1,1,1,1,1,1,1,1,1,1,1,1,1,1,1,1,1,1,1,1,1,1,1,1,1,1,1,1,1,1,1,1,1,1,1,1,1,1,1,1,1,1,1,1,1,1,1,1,1,1,1,1,1,1,1,1,1,1,1,1,1,1,1,1,1,1,1,1,1,1,1,1,1,1,1,1,1,1,1,1,1,1,1,1,1,1,1,1,1,1,1,1,1,1,1,1,1,1,1,1,1,1,1,1,1,1,1,1,1,1,1,1,1,1,1,1,1,1,1,1,1,1,1,1,1,1,1,1,1,1,1,1,1,1,1,1,1,1,1,1,1,1,1,1,1,1,1,1,1,1,1,1,1,1,1,1,1,1,1,1,1,1,1,1,1,1,1,1,1,1,1,1,1,1,1,1,1,1,1,1,1,1,1,1,1,1,1,1,1,1,1,1,1,1,1,1,1,1,1,1,1,1,1,1,1,1,1,1,1,1,1,1,1,1,1,1,1,1,1,1,1,1,1,1,1,1,1,1,1,1,1,1,1,1,1,1,1,1,1,1,1,1,1,1,1,1,1,1,1,1,1,1,1,1,1,1,1,1,1,1,1,1,1,1,1,1,1,1,1,1,1,1,1,1,1,1,1,1,1,1,1,1,1,1,1,1,1,1,1,1,1,1,1,1,1,1,1,1,1,1,1,1,1,1,1,1,1,1,1,1,1,1,1,1,1,1,1,1,1,1,1,1,1,1,1,1,1,1,1,1,1,1,1,1,1,1,1,1,1,1,1,1,1,1,1,1,1,1,1,1,1,1,1,1,1,1,1,1,1,1,1,1,1,1,1,1,1,1,1,1,1,1,1,1,1,1,1,1,1,1,1,1,1,1,1,1,1,1,1,1,1,1,1,1,1,1,1,1,1,1,1,1,1,1,1,1,1,1,1,1,1,1,1,1,1,1,1,1,1,1,1,1,1,1,1,1,1,1,1,1,1,1,1,1,1,1,1,1,1,1,1,1,1,1,1,1,1,1,1,1,1,1,1,1,1,1,1,1,1,1,1,1,1,1,1,1,1,1,1,1,1,1,1,1,1,1,1,1,1,1,1,1,1,1,1,1,1,1,1,1,1,1,1,1,1,1,1,1,1,1,1,1,1,1,1,1,1,1,1,1,1,1,1,1,1,1,1,1,1,1,1,1,1,1,1,1,1,1,1,1,1,1,1,1,1,1,1,1,1,1,1,1,1,1,1,1,1,1,1,1,1,1,1,1,1,1,1,1,1,1,1,1,1,1,1,1,1,1,1,1,1,1,1,1,1,1,1,1,1,1,1,1,1,1,1,1,1,1,1,1,1,1,1,1,1,1,1,1,1,1,1,1,1,1,1,1,1,1,1,1,1,1,1,1,1,1,1,1,1,1,1,1,1,1,1,1,1,1,1,1,1,1,1
shiver 1,1,1,1
certainer 1
_spoon_ 1
leaned 1,1,1
tobacker 1,1,1,1
htm 1
lumber 1,1,1
Broken 1,1
hub 1,1
Hatfield 1
bend 1,1,1,1,1,1,1,1,1
mantelpiece 1
captains 1
DISTRIBUTE 1
XXI 1,1
eight 1,1,1,1,1,1,1,1,1,1
steps 1,1,1,1,1,1,1,1,1,1,1
forget 1,1,1,1,1,1,1,1,1
vassles 1
woodpile 1,1,1,1,1,1,1
West 1
negro 1
Each 1
Borrowing 1
United 1,1,1,1,1,1,1,1,1,1
Clemens 1,1,1
adventures 1,1,1,1,1
pointed 1,1,1
goner 1
face 1,1,1,1,1,1,1,1,1,1,1,1,1,1,1,1,1,1,1,1,1,1,1,1,1,1,1,1,1,1,1,1,1,1,1,1,1,1
perfumery 1
afforded 1
Straw 1
partickler 1
indeed 1
imaginary 1
gills 1,1
zip 1
_niggers_ 1,1
church 1,1,1,1,1,1,1,1,1,1,1,1,1,1,1,1,1,1,1,1,1
discontinue 1
gutter 1
forgot 1,1,1,1,1,1,1,1,1,1,1,1,1,1,1,1,1,1,1,1,1,1,1
perfect 1,1,1,1,1,1
spite 1,1,1
rhyme 1,1
downhearted 1
powder 1,1
stead 1,1,1,1,1,1,1,1,1,1
winds 1
Liked 1
Additional 1
stages 1
texas 1,1,1,1,1,1,1,1,1
properly 1
fairly 1,1,1,1,1,1,1,1,1,1,1,1
sorted 1
sicken 1
Cabbage 1
pose 1,1,1,1,1,1,1,1,1,1,1,1,1,1,1,1,1,1,1
Edward 1
jeans 1,1,1
_look_ 1
_Which_ 1
breakfas 1
oppressor 1
smashed 1,1,1,1
modified 1,1
dusty 1,1
liars 1
demand 1
tallest 1
Great 1,1,1
preach 1,1,1
worry 1,1,1,1,1,1,1,1,1,1,1
longer 1,1,1,1,1,1,1,1,1,1,1,1,1,1,1,1,1
show 1,1,1,1,1,1,1,1,1,1,1,1,1,1,1,1,1,1,1,1,1,1,1,1,1,1,1,1,1,1,1,1,1,1,1,1,1,1,1,1,1,1,1,1,1,1,1,1,1,1,1
fancy 1
squealing 1
III 1,1,1,1,1,1,1
settle 1,1,1,1,1
bottles 1,1,1,1
coaxing 1
insides 1,1
afire 1,1,1,1
clost 1
Continental 1
dissipating 1
gaining 1,1
words 1,1,1,1,1,1,1,1,1,1,1,1,1,1,1,1,1,1,1,1,1,1,1,1
busted 1,1,1,1,1,1,1,1,1,1,1,1,1,1,1,1,1,1,1
scrubbing 1
spider 1,1,1
rigging 1
visiting 1,1
Jake 1,1
farmer 1,1,1,1
grunted 1
Which 1,1,1,1,1
Majesty 1
Besides 1
alive 1,1,1,1,1,1,1,1,1,1,1,1,1
Tools 1,1
different 1,1,1,1,1,1,1,1,1,1,1,1,1,1,1,1,1,1,1,1,1,1,1,1,1,1,1
decent 1,1
fours 1,1
lighten 1,1
raises 1
lighted 1
quivers 1
Torn 1
Newrleans 1
curtains 1
hind 1,1
key 1,1,1,1,1,1,1,1,1,1
stopper 1
throughout 1
numskull 1,1,1,1
collar 1,1
thrillingest 1
Keep 1,1,1,1,1,1
officers 1,1
greatest 1
solid 1,1,1,1,1,1,1,1,1,1,1,1,1,1,1,1,1,1
eavesdrop 1
minds 1,1
_mean_ 1
fifth 1,1
Bartley 1,1,1
lend 1,1
Nuffn 1
cheer 1
peeped 1,1,1,1,1,1
spots 1,1,1
rails 1
Immortal 1
quilt 1
defective 1,1,1
spoon 1,1,1,1,1,1,1,1,1,1,1,1,1,1,1,1,1,1
less 1,1,1,1,1
thirsty 1
Discrimination 1
_No_ 1,1,1,1,1
Layin 1
rabbits 1
led 1
wisht 1,1,1,1,1,1,1,1,1,1
len 1,1,1
_doing_ 1
smelt 1,1,1
lit 1,1,1,1,1,1,1,1,1,1,1,1,1,1,1,1,1,1,1,1,1,1,1,1,1,1,1,1,1,1,1
dogs 1,1,1,1,1,1,1,1,1,1,1,1,1,1,1,1,1,1,1,1,1,1,1,1,1,1,1,1,1
Tails 1
licking 1
manage 1,1,1,1,1
mids 1
majestying 1
GIVE 1
Drot 1
computer 1,1
prop 1
fuss 1,1,1,1
husband 1,1,1,1,1,1,1
Like 1,1
obtain 1,1,1
INDEMNITY 1
part 1,1,1,1,1,1,1,1,1,1,1,1,1,1,1
east 1,1,1
prowled 1
path 1,1,1,1,1,1,1,1
pass 1,1,1,1,1,1,1,1
milk 1,1
bill 1,1,1,1,1,1,1,1,1
Noth 1
eats 1
Loafed 1
Apthorps 1,1,1
peppered 1,1
LICENSE 1,1
chillen 1,1,1
glided 1,1,1,1
Early 1
growling 1
custom 1,1
blanket 1,1,1,1,1,1,1,1,1,1,1
mire 1
skip 1,1,1
fees 1,1,1,1
_Thirty 1
Thatcher 1,1,1,1,1,1,1,1,1,1,1,1,1,1,1,1,1,1
chuckle 1,1,1
physical 1,1
about 1,1,1,1,1,1,1,1,1,1,1,1,1,1,1,1,1,1,1,1,1,1,1,1,1,1,1,1,1,1,1,1,1,1,1,1,1,1,1,1,1,1,1,1,1,1,1,1,1,1,1,1,1,1,1,1,1,1,1,1,1,1,1,1,1,1,1,1,1,1,1,1,1,1,1,1,1,1,1,1,1,1,1,1,1,1,1,1,1,1,1,1,1,1,1,1,1,1,1,1,1,1,1,1,1,1,1,1,1,1,1,1,1,1,1,1,1,1,1,1,1,1,1,1,1,1,1,1,1,1,1,1,1,1,1,1,1,1,1,1,1,1,1,1,1,1,1,1,1,1,1,1,1,1,1,1,1,1,1,1,1,1,1,1,1,1,1,1,1,1,1,1,1,1,1,1,1,1,1,1,1,1,1,1,1,1,1,1,1,1,1,1,1,1,1,1,1,1,1,1,1,1,1,1,1,1,1,1,1,1,1,1,1,1,1,1,1,1,1,1,1,1,1,1,1,1,1,1,1,1,1,1,1,1,1,1,1,1,1,1,1,1,1,1,1,1,1,1,1,1,1,1,1,1,1,1,1,1,1,1,1,1,1,1,1,1,1,1,1,1,1,1,1,1,1,1,1,1,1,1,1,1,1,1,1,1,1,1,1,1,1,1,1,1,1,1,1,1,1,1,1,1,1,1,1,1,1,1,1,1,1,1,1,1,1,1,1,1,1,1,1,1,1,1,1,1,1,1,1,1,1,1,1,1,1,1,1,1,1,1,1,1,1,1,1,1,1,1,1,1,1,1,1,1,1,1,1,1,1,1,1,1,1,1,1,1,1,1,1,1,1,1,1,1,1,1,1,1,1,1,1,1,1,1,1,1,1,1,1,1,1,1,1,1,1,1,1,1,1,1,1,1,1,1,1,1,1,1,1,1,1,1,1,1,1,1,1,1
granted 1
crash 1
bedclothes 1
outer 1
jings 1,1,1,1
fell 1,1,1,1,1,1,1,1,1,1,1,1,1,1,1,1,1,1,1,1
holes 1,1,1,1,1,1,1,1
acquit 1
idiotic 1,1,1
waseful 1
suffering 1,1,1
butting 1
tobacco 1,1,1,1,1,1,1
wenches 1
Hobson 1,1,1,1
healthy 1,1,1
middlin 1
Boston 1,1
profits 1,1,1
enjoy 1
slave 1,1,1,1,1,1
federal 1,1
sting 1,1
tailed 1
coarse 1,1,1,1,1
talky 1
Harmless 1
Loftus 1
detach 1
thimble 1,1
Everything 1,1,1
felons 1
aboard 1,1,1,1,1,1,1,1,1,1,1,1,1,1,1,1,1,1,1,1,1
slam 1,1,1
Take 1,1,1,1,1,1,1,1,1,1,1,1
Swimming 1
cruel 1
sailing 1,1,1,1,1,1
winking 1
moral 1,1,1
nap 1,1,1,1,1,1
risin 1
gwineter 1,1
crossed 1,1,1,1,1,1,1,1,1,1
Living 1
stored 1
_Hain 1
homesick 1
barked 1
inves 1,1
reaching 1,1,1
cussed 1,1,1,1,1,1,1,1
NEGLIGENCE 1
slush 1
mystery 1
mattress 1
_felt_ 1,1
sneaked 1
nly 1,1,1
julery 1
gits 1,1
pitiful 1,1
crush 1
moderated 1
Tough 1
yarlet 1
whale 1
threaten 1,1
cellar 1,1,1,1,1,1,1,1,1,1,1,1
nearer 1,1
keen 1
raked 1,1
along 1,1,1,1,1,1,1,1,1,1,1,1,1,1,1,1,1,1,1,1,1,1,1,1,1,1,1,1,1,1,1,1,1,1,1,1,1,1,1,1,1,1,1,1,1,1,1,1,1,1,1,1,1,1,1,1,1,1,1,1,1,1,1,1,1,1,1,1,1,1,1,1,1,1,1,1,1,1,1,1,1,1,1,1,1,1,1,1,1,1,1,1,1,1,1,1,1,1,1,1,1,1,1,1,1,1,1,1,1,1,1,1,1,1,1,1,1,1,1,1,1,1,1,1,1,1,1,1,1,1,1,1,1,1,1,1,1,1,1,1,1,1,1,1,1,1,1,1,1,1,1,1,1,1,1,1,1,1,1,1,1,1,1,1,1,1,1,1,1,1,1,1,1,1,1,1,1,1,1,1,1,1,1,1,1,1,1,1,1,1,1,1,1,1,1,1,1,1,1,1,1,1,1,1,1,1,1,1,1,1,1,1,1,1,1,1,1,1,1,1,1,1,1,1,1,1,1,1,1,1,1,1
shins 1
_left_ 1
clogged 1
promoting 1,1
carve 1
disclaimer 1,1
shutter 1,1
lasted 1
gingham 1
trance 1
necessity 1,1,1
Ouch 1
lowed 1,1,1,1,1
aroun 1,1,1,1,1,1,1
practice 1,1,1,1
baggsed 1,1
cheeks 1,1
galloping 1
library 1
Harkness 1,1,1
seemed 1,1,1,1,1,1,1,1,1,1,1,1,1,1,1,1,1,1
_you_ 1,1,1,1,1,1,1,1,1,1,1,1,1,1,1,1,1,1,1,1,1,1,1,1,1,1,1,1,1,1,1,1,1,1,1
pawed 1,1
cowards 1,1,1
wrench 1
considerable 1,1,1,1,1,1,1,1,1,1,1,1,1,1,1,1,1,1,1,1,1,1,1,1,1,1,1,1,1,1,1,1,1,1,1,1
Revival 1,1
FINN 1,1,1,1
_telling_ 1
grabbed 1,1,1,1,1,1,1,1,1,1,1,1,1,1,1
old 1,1,1,1,1,1,1,1,1,1,1,1,1,1,1,1,1,1,1,1,1,1,1,1,1,1,1,1,1,1,1,1,1,1,1,1,1,1,1,1,1,1,1,1,1,1,1,1,1,1,1,1,1,1,1,1,1,1,1,1,1,1,1,1,1,1,1,1,1,1,1,1,1,1,1,1,1,1,1,1,1,1,1,1,1,1,1,1,1,1,1,1,1,1,1,1,1,1,1,1,1,1,1,1,1,1,1,1,1,1,1,1,1,1,1,1,1,1,1,1,1,1,1,1,1,1,1,1,1,1,1,1,1,1,1,1,1,1,1,1,1,1,1,1,1,1,1,1,1,1,1,1,1,1,1,1,1,1,1,1,1,1,1,1,1,1,1,1,1,1,1,1,1,1,1,1,1,1,1,1,1,1,1,1,1,1,1,1,1,1,1,1,1,1,1,1,1,1,1,1,1,1,1,1,1,1,1,1,1,1,1,1,1,1,1,1,1,1,1,1,1,1,1,1,1,1,1,1,1,1,1,1,1,1,1,1,1,1,1,1,1,1,1,1,1,1,1,1,1,1,1,1,1,1,1,1,1
Cain 1,1,1,1,1
cabin 1,1,1,1,1,1,1,1,1,1,1,1,1,1,1,1,1,1,1,1,1,1,1,1,1,1,1,1,1,1,1,1
disturb 1,1,1
Progress 1
picnics 1
lick 1,1,1,1,1
deceive 1,1
lies 1,1,1,1,1,1,1
devils 1,1,1
presence 1
ghost 1,1
cool 1,1,1,1,1,1,1,1,1,1,1,1
rightful 1,1,1
Most 1,1,1,1
_needed_ 1
brisk 1,1,1
riding 1,1,1,1
hearts 1,1,1
Also 1
govern 1
explanation 1,1,1,1
_smelt_ 1
prison 1,1,1,1
righted 1
cove 1
humble 1,1,1,1
concluded 1
ahead 1,1,1,1,1,1,1,1,1,1,1,1,1,1,1,1,1,1,1,1,1,1
faced 1,1,1
speaks 1,1
deadly 1
pad 1
pan 1,1,1,1,1,1,1,1,1,1,1,1,1,1,1,1
roared 1,1,1
_safer_ 1
wire 1
pet 1,1,1,1,1,1
peck 1
_sure_ 1
Quick 1,1,1,1,1,1
bearings 1
cause 1,1
working 1,1,1,1,1
Currency 1
displayed 1
began 1,1,1,1
facts 1,1,1,1,1
Peters 1,1
pot 1,1,1
smothery 1
manned 1,1
Singing 1
asking 1,1,1,1,1,1
swushed 1
windows 1,1,1,1
trap 1,1
Hadn 1
facility 1
stomach 1,1,1,1,1,1,1,1
sasser 1
natcherl 1
clear 1,1,1,1,1,1,1,1,1,1,1,1,1,1,1,1,1
Political 1
_up_ 1,1
spare 1,1,1,1,1,1
towheads 1,1,1
pistol 1,1,1,1,1,1,1
purse 1
tall 1,1,1,1,1,1
hustled 1,1
Hand 1,1
thighs 1,1
Orgies 1,1
holt 1,1,1,1,1,1,1,1
explain 1,1,1,1,1,1
Odd 1
song 1,1,1,1,1
Hart 1,1
anear 1
serve 1,1
sapheads 1
breeze 1,1,1,1
horn 1,1,1
handkerchiefs 1
meeky 1
clayey 1
falling 1,1
heaps 1,1,1
merchants 1
coming 1,1,1,1,1,1,1,1,1,1,1,1,1,1,1,1,1,1,1,1,1,1,1,1,1,1,1,1,1,1,1,1,1,1,1,1,1,1,1,1,1,1,1,1,1,1,1,1,1,1,1,1,1,1,1,1,1,1,1,1
outfit 1,1,1,1
warwhoop 1
cannon 1,1,1,1
budge 1,1,1,1,1,1,1,1,1
reasons 1,1,1
rough 1,1,1,1,1,1,1,1,1,1
vittles 1,1,1,1,1,1
enjoyment 1
itself 1,1,1,1,1
danced 1,1
sheriff 1
witnesses 1
Dollars 1
holding 1,1,1,1,1,1,1
_does_ 1
charging 1,1
redistribution 1
rab 1
younger 1,1
Pooty 1
_Tom 1,1
breathed 1
sline 1
everywheres 1,1,1,1,1
Cents 1
Pap 1,1,1,1,1,1,1,1,1,1,1,1,1
moved 1,1
reglar 1,1
soldiers 1,1
craw 1
greased 1,1
fished 1,1,1
rid 1,1
Back 1,1
cryin 1
Betsy 1,1
mightn 1,1,1,1
future 1,1,1
always 1,1,1,1,1,1,1,1,1,1,1,1,1,1,1,1,1,1,1,1,1,1,1,1,1,1,1,1,1,1,1,1,1,1,1,1,1,1,1,1,1,1,1,1,1,1,1,1,1,1,1,1,1,1,1,1,1,1,1,1,1,1,1,1,1,1,1,1,1,1,1,1,1,1,1,1,1,1,1,1,1,1,1,1,1,1,1,1,1,1,1,1,1
barrels 1,1,1,1
strangers 1,1,1
scows 1
abroad 1
blossom 1
untie 1
thought 1,1,1,1,1,1,1,1,1,1,1,1,1,1,1,1,1,1,1,1,1,1,1,1,1,1,1,1,1,1,1,1,1,1,1,1,1,1,1,1,1,1,1,1,1,1,1,1,1,1,1,1,1,1,1,1,1,1,1,1,1,1,1,1,1,1,1
_must_ 1,1,1
cocked 1,1
cried 1,1,1,1,1,1,1,1,1,1,1,1,1,1,1,1,1,1,1
where 1,1,1,1,1,1,1,1,1,1,1,1,1,1,1,1,1,1,1,1,1,1,1,1,1,1,1,1,1,1,1,1,1,1,1,1,1,1,1,1,1,1,1,1,1,1,1,1,1,1,1,1,1,1,1,1,1,1,1,1,1,1,1,1,1,1,1,1,1,1,1,1,1,1,1,1,1,1,1,1,1,1,1,1,1,1,1,1,1,1,1,1,1,1,1,1,1,1,1,1,1,1,1,1,1,1,1,1,1,1,1,1,1,1,1,1,1,1,1,1,1,1,1,1,1,1,1,1,1,1,1,1
friendless 1,1
curly 1
bowed 1,1,1
ask 1,1,1,1,1,1,1,1,1,1,1,1,1,1,1,1,1,1,1,1,1,1,1
Nemmine 1
rub 1
bulldog 1
blowed 1,1,1,1,1,1,1
Wrote 1,1
trotting 1
boom 1,1,1,1,1,1
Clumbus 1
Mary 1,1,1,1,1,1,1,1,1,1,1,1,1,1,1,1,1,1,1,1,1,1,1,1,1,1,1,1,1,1,1,1,1,1,1,1,1,1,1,1,1,1,1,1,1,1,1,1,1,1,1,1,1,1,1,1,1,1,1,1,1,1
Wood 1,1,1,1
Looy 1,1
anywhers 1
sticks 1,1
slide 1,1,1,1,1,1,1,1,1,1,1
damage 1
_heart 1
boss 1,1,1,1,1,1
heels 1,1,1,1,1,1,1,1,1
gnaw 1
inaccurate 1
mouf 1,1
INCLUDING 1
described 1,1
both 1,1,1,1,1,1,1,1,1,1,1,1,1,1,1,1,1,1,1,1,1,1,1,1,1,1,1,1,1,1,1,1,1,1,1,1,1,1,1,1,1,1,1,1,1
Vittles 1
Pitchiola 1
move 1,1,1,1,1,1
candlestick 1,1,1,1,1,1
bar 1,1,1,1,1
draft 1
Amighty 1
Pokeville 1
_Do_ 1
practiced 1
bed 1,1,1,1,1,1,1,1,1,1,1,1,1,1,1,1,1,1,1,1,1,1,1,1,1,1,1,1,1,1,1,1,1,1,1,1,1,1,1,1,1,1,1,1,1,1,1,1,1,1,1,1,1,1,1,1,1,1,1,1,1,1,1,1,1,1,1,1,1,1,1,1,1,1,1,1,1,1,1
ben 1,1,1,1,1,1,1,1,1,1,1,1,1,1,1,1,1,1,1,1,1,1,1,1,1,1,1,1
vines 1,1,1,1,1,1,1
welts 1
orneriest 1
steering 1,1,1
Widows 1,1
Ohio 1,1,1,1,1
bit 1,1,1,1,1,1,1,1,1,1,1,1,1,1,1,1,1,1,1,1,1,1,1,1,1,1,1,1,1,1
striking 1
rummaging 1
bragging 1
angel 1
posts 1
Petersburg 1,1,1
_give_ 1
hounds 1,1,1
box 1,1,1,1
Hungry 1
clerk 1,1
shaded 1
closest 1,1
murderers 1,1,1
stops 1,1
managed 1,1
makes 1,1,1,1,1,1,1,1,1,1,1,1,1,1,1,1,1,1,1,1,1,1,1,1,1,1,1,1,1,1,1
gallon 1,1
noises 1
tuck 1,1,1,1,1,1,1,1,1,1,1
bending 1
doing 1,1,1,1,1,1,1,1,1,1,1,1,1,1,1,1,1,1,1,1,1,1,1,1,1,1,1,1,1,1
proprietary 1
lovely 1,1,1,1,1,1,1,1,1,1,1,1
_amounted_ 1
flinders 1
flattery 1,1
begun 1,1,1,1,1,1,1,1,1,1,1,1,1,1,1,1,1,1,1,1,1,1,1,1,1,1,1,1,1,1,1,1,1,1,1,1,1,1,1,1,1,1,1,1,1,1,1,1,1,1,1,1,1,1,1,1,1,1,1,1,1,1,1,1,1,1,1,1,1,1,1
verse 1
tat 1
ugly 1,1
chances 1,1
capering 1
schooliest 1
pitifulest 1
Dick 1
carries 1
bulged 1
