Folk 1
energy 1,1,1,1,1,1,1
8 1,1,1,1,1,1
B 1,1,1,1,1,1,1,1
L 1,1
selfish 1
V 1,1
salt 1
laden 1
entering 1,1,1,1
t 1,1,1,1,1,1,1,1,1,1,1,1,1,1,1,1,1,1,1,1,1,1,1,1,1,1,1,1,1,1,1,1,1,1,1,1,1,1,1,1,1,1,1,1,1,1,1,1,1,1,1,1,1,1,1,1,1,1,1,1,1,1,1,1,1,1,1,1,1,1,1,1,1,1,1,1,1,1,1,1,1,1,1,1,1,1,1,1,1,1,1,1,1,1,1,1,1
regain 1
sufferer 1,1
obese 1
blotted 1
disturbed 1,1,1,1
motive 1,1,1,1
umbrella 1,1
haggard 1,1
fountain 1
pile 1,1,1,1
dummy 1,1,1
pressed 1,1,1
gainer 1
woman 1,1,1,1,1,1,1,1,1,1,1,1,1,1,1,1,1,1,1,1,1,1,1,1,1,1,1,1,1,1,1,1,1,1,1,1,1,1,1,1,1,1,1,1,1,1,1,1,1,1,1,1,1,1,1,1,1,1,1,1,1,1,1,1,1,1,1,1,1,1,1
jagged 1
question 1,1,1,1,1,1,1,1,1,1,1,1,1,1,1,1,1,1,1,1,1,1,1,1,1,1,1,1,1,1,1,1,1,1,1
warmed 1
bruise 1
crinkled 1
circumstances 1,1,1,1,1,1,1,1,1
AGREEMENT 1
200 1
Any 1,1
times 1,1,1,1,1,1,1,1,1,1,1,1,1,1,1,1
Endell 1
tug 1
Bloomsbury 1
element 1
Gross 1
sweeping 1,1
two 1,1,1,1,1,1,1,1,1,1,1,1,1,1,1,1,1,1,1,1,1,1,1,1,1,1,1,1,1,1,1,1,1,1,1,1,1,1,1,1,1,1,1,1,1,1,1,1,1,1,1,1,1,1,1,1,1,1,1,1,1,1,1,1,1,1,1,1,1,1,1,1,1,1,1,1,1,1,1,1,1,1,1,1,1,1,1,1,1,1,1,1,1,1,1,1,1,1,1,1,1,1,1,1,1,1,1,1,1,1,1,1,1,1,1,1,1,1,1,1,1,1,1,1,1,1,1,1,1,1,1,1,1,1,1,1,1,1,1
kitchen 1,1,1,1,1,1
OTHER 1
mistress 1,1,1,1
donation 1
Alpha 1,1,1,1,1,1,1
downward 1,1
measured 1,1,1
BACHELOR 1
NOTICE 1
bright 1,1,1,1,1,1,1,1,1,1,1,1,1,1,1,1,1,1
planned 1
unknown 1,1,1,1,1
performer 1
blown 1
bedside 1
speedy 1
pointing 1,1,1,1,1,1,1
keeps 1,1,1
drinking 1
introduction 1,1
heaving 1
diamond 1,1
cheerless 1
examining 1,1,1,1,1,1
shock 1,1,1,1,1,1
bodies 1,1,1
virtues 1
shoes 1,1,1,1,1,1
die 1,1
later 1,1,1,1,1,1,1,1,1,1,1,1,1,1,1
Ordering 1
business@pglaf 1
publicly 1
propagation 1
states 1,1,1,1,1,1,1,1
balance 1
pitch 1,1,1,1,1
bade 1,1
curse 1
brim 1
pavement 1,1,1,1,1,1,1,1,1,1
bandy 1
NORTON 1
nostrils 1,1
alter 1
Bow 1,1
conundrums 1
varieties 1
stake 1,1,1
pestered 1
observed 1,1,1,1,1,1,1,1,1,1,1,1,1,1,1,1,1,1,1,1,1,1
curt 1,1
IDENTITY 1
highest 1,1,1,1,1,1,1
creases 1,1,1
Lloyd 1
affectation 1
bark 1,1
wont 1,1
64 1
Secretary 1,1
mass 1,1
82 1
bedded 1,1
8d 1
loud 1,1,1
SCANDAL 1
soldier 1
expressive 1,1
EXPRESS 1
disappearance 1,1,1,1,1,1,1,1,1,1
squeezed 1
weaver 1
clouds 1,1,1,1,1,1
hands 1,1,1,1,1,1,1,1,1,1,1,1,1,1,1,1,1,1,1,1,1,1,1,1,1,1,1,1,1,1,1,1,1,1,1,1,1,1,1,1,1,1,1,1,1,1,1,1,1,1,1,1,1,1,1,1,1,1,1,1,1,1,1,1,1,1,1,1,1,1,1,1,1
ARAT 1
Ay 1
severe 1,1,1
brandy 1,1,1,1,1,1,1
disown 1
abandons 1
loose 1,1,1,1,1,1,1
useful 1,1,1,1,1,1
Aldersgate 1
engine 1,1
Replacement 1
education 1,1,1
springs 1
tried 1,1,1,1,1,1,1,1,1,1,1,1,1
II 1,1,1
Fleet 1,1
IS 1,1
Too 1,1,1
cell 1,1
ere 1
cent 1
screen 1
etc 1,1
tucked 1
moist 1,1,1
woods 1,1,1,1,1,1,1
MY 1,1,1
smearing 1,1
complying 1,1,1
Indians 1
vacantly 1
disturbance 1,1,1,1
wealthy 1,1
dwell 1,1
sounded 1,1
cousins 1
submit 1,1,1
Affairs 1
wax 1,1
Behind 1
quickly 1,1,1,1,1
tugged 1,1,1
comfortably 1
lowest 1,1
hushing 1
comfortable 1,1,1,1,1
fever 1
burned 1,1,1,1,1
Thames 1
alleys 1
wet 1,1,1,1
continuously 1
sides 1,1,1
foil 1
rain 1,1,1,1,1,1,1,1,1
sums 1,1,1
buttoning 1,1
died 1,1,1,1,1,1,1,1,1,1,1,1,1,1
lawyer 1,1,1,1,1,1,1
escapade 1
Bordeaux 1
Pooh 1,1
am 1,1,1,1,1,1,1,1,1,1,1,1,1,1,1,1,1,1,1,1,1,1,1,1,1,1,1,1,1,1,1,1,1,1,1,1,1,1,1,1,1,1,1,1,1,1,1,1,1,1,1,1,1,1,1,1,1,1,1,1,1,1,1,1,1,1,1,1,1,1,1,1,1,1,1,1,1,1,1,1,1,1,1,1,1,1,1,1,1,1,1,1,1,1,1,1,1,1,1,1,1,1,1,1,1,1,1,1,1,1,1,1,1,1,1,1,1,1,1,1,1,1,1,1,1,1,1,1,1,1,1,1,1,1,1,1,1,1,1,1,1,1,1,1,1,1,1,1,1,1,1,1,1,1,1,1,1,1,1,1,1,1,1,1,1,1,1,1,1,1,1,1,1,1,1,1,1,1,1,1,1,1,1,1,1
prove 1,1,1,1,1,1,1,1,1
steadings 1
intimacy 1
Poor 1
forgery 1
observe 1,1,1,1,1,1,1,1,1,1,1,1,1,1,1,1,1,1,1
accomplished 1,1
rare 1,1,1
Contralto 1
inexplicable 1,1
screams 1
fog 1,1
dine 1
alert 1
contrary 1,1,1,1,1,1,1,1,1,1,1
form 1,1,1,1,1,1,1,1,1,1,1,1,1
depose 1
withdraw 1,1
likely 1,1,1,1,1,1,1,1,1,1,1,1,1,1,1,1,1,1,1,1,1,1,1,1
marshy 1
writhing 1,1,1
footman 1
James 1,1,1,1,1,1,1,1,1,1,1,1,1,1,1,1,1,1,1,1,1
patentee 1
ll 1,1,1,1,1,1,1,1,1,1,1,1,1,1,1,1,1,1,1,1,1,1,1,1,1,1,1,1,1,1,1,1,1,1
Perfectly 1
inimitably 1
hear 1,1,1,1,1,1,1,1,1,1,1,1,1,1,1,1,1,1,1,1,1,1,1,1,1,1,1,1,1,1,1,1,1
sitting 1,1,1,1,1,1,1,1,1,1,1,1,1,1,1,1,1,1,1,1,1,1,1,1,1,1,1,1,1,1,1,1,1
January 1,1,1,1
imprudence 1,1
obtained 1
seem 1,1,1,1,1,1,1,1,1,1,1,1,1,1,1,1,1
so 1,1,1,1,1,1,1,1,1,1,1,1,1,1,1,1,1,1,1,1,1,1,1,1,1,1,1,1,1,1,1,1,1,1,1,1,1,1,1,1,1,1,1,1,1,1,1,1,1,1,1,1,1,1,1,1,1,1,1,1,1,1,1,1,1,1,1,1,1,1,1,1,1,1,1,1,1,1,1,1,1,1,1,1,1,1,1,1,1,1,1,1,1,1,1,1,1,1,1,1,1,1,1,1,1,1,1,1,1,1,1,1,1,1,1,1,1,1,1,1,1,1,1,1,1,1,1,1,1,1,1,1,1,1,1,1,1,1,1,1,1,1,1,1,1,1,1,1,1,1,1,1,1,1,1,1,1,1,1,1,1,1,1,1,1,1,1,1,1,1,1,1,1,1,1,1,1,1,1,1,1,1,1,1,1,1,1,1,1,1,1,1,1,1,1,1,1,1,1,1,1,1,1,1,1,1,1,1,1,1,1,1,1,1,1,1,1,1,1,1,1,1,1,1,1,1,1,1,1,1,1,1,1,1,1,1,1,1,1,1,1,1,1,1,1,1,1,1,1,1,1,1,1,1,1,1,1,1,1,1,1,1,1,1,1,1,1,1,1,1,1,1,1,1,1,1,1,1,1,1,1,1,1,1,1,1,1,1,1,1,1,1,1,1,1,1,1,1,1,1,1,1,1,1,1,1,1,1,1,1,1,1,1,1,1,1,1,1,1,1,1,1,1,1,1,1,1,1,1,1,1,1,1,1,1,1,1,1,1,1,1,1,1,1,1,1,1,1,1,1,1,1,1,1,1,1,1,1,1,1,1,1,1,1,1,1,1,1,1,1,1,1,1,1,1,1,1,1,1,1,1,1,1,1,1,1,1,1,1,1,1,1,1,1,1,1,1,1,1,1,1,1,1,1,1,1,1,1,1,1,1,1,1,1,1
apart 1,1
souls 1
Norton 1,1,1,1,1,1
heed 1
reasonable 1,1
thoughtless 1
silhouette 1
securing 1
reading 1,1,1,1,1
accessory 1
shilling 1
insight 1,1,1
combinations 1
self 1,1,1,1,1,1,1,1,1,1,1,1,1
send 1,1,1,1,1,1,1,1,1,1,1,1
costs 1,1
numerous 1,1
whatsoever 1,1
Surrey 1,1,1,1,1
tattooed 1
avert 1,1,1
ingenuity 1
Naturally 1
halfway 1,1
lady 1,1,1,1,1,1,1,1,1,1,1,1,1,1,1,1,1,1,1,1,1,1,1,1,1,1,1,1,1,1,1,1,1,1,1,1,1,1,1,1,1,1,1,1,1,1,1,1,1,1,1,1,1,1,1,1,1,1,1,1,1,1,1,1,1,1,1,1,1,1,1,1,1
injustice 1
approach 1,1,1,1,1
groping 1,1
queer 1
loomed 1,1
sorely 1
lane 1,1,1,1,1,1,1,1,1,1,1,1,1,1,1
imposing 1
lamp 1,1,1,1,1,1,1,1,1,1,1,1,1,1,1,1,1,1,1,1,1,1,1,1,1,1,1,1
conduct 1,1,1,1,1,1,1,1,1
rifled 1,1
deserts 1,1
forebodings 1
chase 1,1,1,1,1
beating 1,1,1
attend 1,1,1
has 1,1,1,1,1,1,1,1,1,1,1,1,1,1,1,1,1,1,1,1,1,1,1,1,1,1,1,1,1,1,1,1,1,1,1,1,1,1,1,1,1,1,1,1,1,1,1,1,1,1,1,1,1,1,1,1,1,1,1,1,1,1,1,1,1,1,1,1,1,1,1,1,1,1,1,1,1,1,1,1,1,1,1,1,1,1,1,1,1,1,1,1,1,1,1,1,1,1,1,1,1,1,1,1,1,1,1,1,1,1,1,1,1,1,1,1,1,1,1,1,1,1,1,1,1,1,1,1,1,1,1,1,1,1,1,1,1,1,1,1,1,1,1,1,1,1,1,1,1,1,1,1,1,1,1,1,1,1,1,1,1,1,1,1,1,1,1,1,1,1,1,1,1,1,1,1,1,1,1,1,1,1,1,1,1,1,1,1,1,1,1,1,1,1,1,1,1,1,1,1,1,1,1,1,1,1,1,1,1,1,1,1,1,1,1,1,1,1,1,1,1,1,1,1,1,1,1,1,1,1,1,1,1,1,1,1,1,1,1,1,1,1,1,1,1,1,1,1,1,1,1,1,1,1,1,1,1,1,1,1,1,1,1,1,1,1,1,1,1,1,1,1,1,1,1,1,1,1,1,1,1,1
last 1,1,1,1,1,1,1,1,1,1,1,1,1,1,1,1,1,1,1,1,1,1,1,1,1,1,1,1,1,1,1,1,1,1,1,1,1,1,1,1,1,1,1,1,1,1,1,1,1,1,1,1,1,1,1,1,1,1,1,1,1,1,1,1,1,1,1,1,1,1,1,1,1,1,1,1,1,1,1,1,1,1,1,1,1,1,1,1,1,1,1,1
measure 1
outskirts 1,1
brute 1,1,1
settling 1,1
weapon 1,1,1,1,1,1,1,1
venomous 1
cocktail 1
ends 1,1
steady 1
vote 1
colour 1,1,1,1,1,1,1,1,1,1,1,1,1,1,1,1,1,1,1
Wooden 1
happy 1,1,1,1,1,1,1,1,1,1,1,1,1,1,1,1,1,1
McCarthys 1,1,1
House 1,1,1,1
Web 1,1,1
Crime 1
tire 1
chat 1,1
grandfather 1,1
bean 1
colony 1
shutters 1,1,1,1,1,1,1,1,1,1
slavey 1
murderous 1,1,1
uncouth 1
Southampton 1,1,1
spellbound 1
reply 1,1,1,1,1,1
muttered 1,1,1,1
oscillated 1
tangible 1
tomfoolery 1
although 1,1,1,1,1,1,1,1,1,1
bedtime 1
750 1
fabrication 1
snuff 1,1,1,1
acting 1,1,1,1
boomed 1
PURPOSE 1
codes 1
conscience 1,1
guineas 1,1,1
bequeathed 1
coronet 1,1,1,1,1,1,1,1,1,1,1,1,1,1,1,1,1,1,1,1,1,1,1,1,1
regulating 1
stern 1
concerning 1,1,1
Carlsbad 1
unnatural 1,1,1,1
wears 1
showed 1,1,1,1,1,1,1,1,1,1,1,1,1,1,1,1,1,1,1,1
ruin 1,1,1,1,1,1,1
inspect 1
org/donate 1
nickel 1
Captain 1,1
foreign 1,1
blaze 1,1
mysterious 1,1,1,1,1
pictured 1
enwrapped 1
runs 1,1,1,1,1
descending 1,1,1
from 1,1,1,1,1,1,1,1,1,1,1,1,1,1,1,1,1,1,1,1,1,1,1,1,1,1,1,1,1,1,1,1,1,1,1,1,1,1,1,1,1,1,1,1,1,1,1,1,1,1,1,1,1,1,1,1,1,1,1,1,1,1,1,1,1,1,1,1,1,1,1,1,1,1,1,1,1,1,1,1,1,1,1,1,1,1,1,1,1,1,1,1,1,1,1,1,1,1,1,1,1,1,1,1,1,1,1,1,1,1,1,1,1,1,1,1,1,1,1,1,1,1,1,1,1,1,1,1,1,1,1,1,1,1,1,1,1,1,1,1,1,1,1,1,1,1,1,1,1,1,1,1,1,1,1,1,1,1,1,1,1,1,1,1,1,1,1,1,1,1,1,1,1,1,1,1,1,1,1,1,1,1,1,1,1,1,1,1,1,1,1,1,1,1,1,1,1,1,1,1,1,1,1,1,1,1,1,1,1,1,1,1,1,1,1,1,1,1,1,1,1,1,1,1,1,1,1,1,1,1,1,1,1,1,1,1,1,1,1,1,1,1,1,1,1,1,1,1,1,1,1,1,1,1,1,1,1,1,1,1,1,1,1,1,1,1,1,1,1,1,1,1,1,1,1,1,1,1,1,1,1,1,1,1,1,1,1,1,1,1,1,1,1,1,1,1,1,1,1,1,1,1,1,1,1,1,1,1,1,1,1,1,1,1,1,1,1,1,1,1,1,1,1,1,1,1,1,1,1,1,1,1,1,1,1,1,1,1,1,1,1,1,1,1,1,1,1,1,1,1,1,1,1,1,1,1,1,1,1,1,1,1,1,1,1,1,1,1,1,1,1,1,1,1,1,1,1,1,1,1,1,1,1,1,1,1,1,1,1,1,1,1,1,1,1,1,1,1,1,1,1,1,1,1,1,1,1,1,1,1,1,1,1,1,1,1,1,1,1,1,1,1,1,1,1,1,1,1,1,1,1,1,1,1,1,1,1,1,1,1,1,1,1,1,1,1,1,1,1,1,1,1,1,1,1,1,1,1,1,1,1,1,1,1,1,1,1,1,1,1,1,1,1,1,1,1,1,1,1,1,1,1,1,1,1,1,1,1,1,1,1,1
1661 1,1
spinning 1,1
replacement 1,1,1
advice 1,1,1,1,1,1,1,1,1,1,1,1,1,1,1,1,1,1,1
brassy 1
paper 1,1,1,1,1,1,1,1,1,1,1,1,1,1,1,1,1,1,1,1,1,1,1,1,1,1,1,1,1,1,1,1,1,1,1,1,1,1,1,1,1,1,1,1,1,1
sweating 1,1
weave 1
lenses 1
persons 1,1
fate 1,1,1,1,1,1,1,1,1
grating 1,1
nine 1,1,1,1,1,1,1,1,1,1,1,1,1,1
annoyance 1,1,1
Portsdown 1
Southern 1,1
concluding 1
its 1,1,1,1,1,1,1,1,1,1,1,1,1,1,1,1,1,1,1,1,1,1,1,1,1,1,1,1,1,1,1,1,1,1,1,1,1,1,1,1,1,1,1,1,1,1,1,1,1,1,1,1,1,1,1,1,1,1,1,1,1,1,1,1,1,1,1,1,1,1,1,1,1,1,1,1,1,1,1,1,1,1,1,1
article 1,1,1,1
monarch 1
secreting 1
uncompromising 1
obedience 1
handle 1,1
fathomed 1
implored 1,1
courage 1
assertion 1
cathedral 1
shan 1
semicircle 1
mister 1
ship 1,1,1,1,1,1,1,1,1,1,1
reed 1
Freemason 1
doubting 1
takes 1,1,1,1,1,1
fitted 1,1,1,1,1
settee 1
prosecuted 1
Pennsylvania 1
watched 1,1,1,1,1,1
architects 1
Yet 1,1,1,1,1,1,1,1,1,1,1,1
shot 1,1,1,1,1,1,1,1,1,1,1,1,1,1
planter 1
gentlemanly 1
vehicle 1
mischief 1
Principal 1
episodes 1
crusted 1
daughter 1,1,1,1,1,1,1,1,1,1,1,1,1,1,1,1,1,1,1,1,1,1,1
bustling 1
America 1,1,1,1,1,1,1,1,1,1
denouement 1
rest 1,1,1,1,1,1,1,1,1,1,1,1,1,1,1,1,1,1,1
comply 1,1,1,1,1,1,1
Turner 1,1,1,1,1,1,1,1,1,1,1,1,1,1,1,1,1,1,1,1,1,1
Spies 1
perpetual 1,1
metropolis 1,1,1
HOLMES 1,1,1,1,1,1
florid 1
stained 1,1,1,1
sailor 1
jug 1
barometric 1
nearest 1,1
anxiety 1,1,1,1,1
western 1
however 1,1,1,1,1,1,1,1,1,1,1,1,1,1,1,1,1,1,1,1,1,1,1,1,1,1,1,1,1,1,1,1,1,1,1,1,1,1,1,1,1,1,1,1,1,1,1,1,1,1,1,1,1,1,1,1,1,1,1,1,1,1,1,1,1,1,1,1,1,1,1,1,1,1,1,1,1,1,1,1,1,1,1,1,1,1,1,1,1,1,1,1,1,1,1,1,1,1
MISS 1
dinner 1,1,1,1
peasant 1
sick 1,1
drink 1,1,1,1,1
attracted 1,1,1,1,1
narrowed 1
works 1,1,1,1,1,1,1,1,1,1,1,1,1,1,1,1,1,1,1,1,1,1,1,1,1,1,1,1,1,1,1,1
misses 1
countryman 1
4000 1
composer 1
comfort 1
high 1,1,1,1,1,1,1,1,1,1,1,1,1,1,1,1,1,1,1,1,1
lust 1,1,1
directly 1,1
level 1,1,1,1
adjusted 1,1
preserve 1,1,1,1,1,1
morocco 1,1
consumed 1
niece 1,1,1,1,1,1
acknowledge 1
decrepit 1
scored 1,1
upper 1,1,1,1,1,1,1
scene 1,1,1,1,1,1,1,1,1,1,1,1,1,1
accomplishments 1,1
remaining 1,1,1
clasped 1
sill 1,1,1,1,1,1
Master 1
inflamed 1
clergyman 1,1,1,1,1,1,1
degree 1,1,1
vivid 1
Eton 1
Trafalgar 1
Petrified 1
1869 1,1,1
lean 1,1
1878 1
informed 1,1,1,1
observation 1,1,1,1,1,1
tired 1
lead 1,1,1,1,1,1,1,1,1,1
1887 1,1
Noble 1
Roylotts 1,1
Felstein 1
gigantic 1,1,1,1
bloodstains 1,1
conventionalities 1
limited 1,1,1
studied 1,1
spoke 1,1,1,1,1,1,1,1,1,1,1,1,1,1,1,1,1,1,1,1,1,1,1,1,1,1,1
fifty 1,1,1,1,1,1,1,1,1,1,1,1
withdrawn 1
legible 1
plush 1,1,1
stirring 1,1,1
highroad 1,1,1,1
Precisely 1,1,1,1,1,1,1,1,1,1,1,1
gbnewby@pglaf 1
hungrily 1
disclaimers 1
nobleman 1,1
scummed 1
well 1,1,1,1,1,1,1,1,1,1,1,1,1,1,1,1,1,1,1,1,1,1,1,1,1,1,1,1,1,1,1,1,1,1,1,1,1,1,1,1,1,1,1,1,1,1,1,1,1,1,1,1,1,1,1,1,1,1,1,1,1,1,1,1,1,1,1,1,1,1,1,1,1,1,1,1,1,1,1,1,1,1,1,1,1,1,1,1,1,1,1,1,1,1,1,1,1,1,1
went 1,1,1,1,1,1,1,1,1,1,1,1,1,1,1,1,1,1,1,1,1,1,1,1,1,1,1,1,1,1,1,1,1,1,1,1,1,1,1,1,1,1,1,1,1,1,1,1,1,1,1,1,1,1,1,1,1,1,1,1,1,1,1,1,1,1,1,1
bringing 1,1,1,1,1,1
Evening 1
walks 1,1,1,1,1
arrows 1
contemptuous 1
lay 1,1,1,1,1,1,1,1,1,1,1,1,1,1,1,1,1,1,1,1,1,1,1,1,1,1,1,1,1,1,1,1,1,1,1,1,1,1,1,1,1,1
desirous 1
Death 1
generous 1
floor 1,1,1,1,1,1,1,1,1,1,1,1,1,1,1,1,1,1,1,1,1,1,1,1,1,1,1,1,1
glisten 1
adviser 1,1
cares 1
jewels 1,1
items 1
tailing 1
Rucastles 1,1,1,1
refused 1,1,1,1,1,1,1
moods 1
equal 1,1,1
Edgeware 1,1
palm 1,1,1,1,1
three 1,1,1,1,1,1,1,1,1,1,1,1,1,1,1,1,1,1,1,1,1,1,1,1,1,1,1,1,1,1,1,1,1,1,1,1,1,1,1,1,1,1,1,1,1,1,1,1,1,1,1,1,1,1,1,1,1,1,1,1,1,1,1,1,1,1,1
tenant 1
piled 1
Dane 1
reliability 1
Cook 1
door 1,1,1,1,1,1,1,1,1,1,1,1,1,1,1,1,1,1,1,1,1,1,1,1,1,1,1,1,1,1,1,1,1,1,1,1,1,1,1,1,1,1,1,1,1,1,1,1,1,1,1,1,1,1,1,1,1,1,1,1,1,1,1,1,1,1,1,1,1,1,1,1,1,1,1,1,1,1,1,1,1,1,1,1,1,1,1,1,1,1,1,1,1,1,1,1,1,1,1,1,1,1,1,1,1,1,1,1,1,1,1,1,1,1,1,1,1,1,1,1,1,1,1,1,1,1,1,1,1,1,1,1,1,1,1,1,1,1,1,1,1,1,1,1
experience 1,1,1,1,1,1,1,1,1,1,1,1,1,1,1,1,1,1,1
Yours 1,1,1
Countess 1,1,1,1,1,1,1,1
Dark 1
crudest 1
splendour 1
gaping 1,1
crack 1,1,1
pate 1
accepting 1
smear 1
October 1
annoyed 1,1
seated 1,1,1,1,1,1
acres 1,1
recommence 1
title 1,1
dawdling 1
signet 1
feat 1
inferences 1,1,1,1
printed 1,1,1,1,1,1,1
field 1,1,1,1,1,1,1,1,1
glanced 1,1,1,1,1,1,1,1,1,1,1,1,1,1,1,1,1,1,1,1,1,1
mad 1,1,1,1,1,1,1,1,1,1,1,1,1,1,1,1
man 1,1,1,1,1,1,1,1,1,1,1,1,1,1,1,1,1,1,1,1,1,1,1,1,1,1,1,1,1,1,1,1,1,1,1,1,1,1,1,1,1,1,1,1,1,1,1,1,1,1,1,1,1,1,1,1,1,1,1,1,1,1,1,1,1,1,1,1,1,1,1,1,1,1,1,1,1,1,1,1,1,1,1,1,1,1,1,1,1,1,1,1,1,1,1,1,1,1,1,1,1,1,1,1,1,1,1,1,1,1,1,1,1,1,1,1,1,1,1,1,1,1,1,1,1,1,1,1,1,1,1,1,1,1,1,1,1,1,1,1,1,1,1,1,1,1,1,1,1,1,1,1,1,1,1,1,1,1,1,1,1,1,1,1,1,1,1,1,1,1,1,1,1,1,1,1,1,1,1,1,1,1,1,1,1,1,1,1,1,1,1,1,1,1,1,1,1,1,1,1,1,1,1,1,1,1,1,1,1,1,1,1,1,1,1,1,1,1,1,1,1,1,1,1,1,1,1,1,1,1,1,1,1,1,1,1,1,1,1,1,1,1,1,1,1,1,1,1,1,1,1,1,1,1,1,1,1,1,1,1,1,1,1,1,1,1,1,1,1,1,1,1,1,1,1,1,1,1,1,1,1,1,1,1,1,1,1,1,1,1,1,1,1,1,1,1,1,1,1,1,1,1
presumably 1,1,1
aisle 1
busier 1
cocaine 1,1,1
breath 1,1,1,1,1,1,1
met 1,1,1,1,1,1,1,1,1,1,1,1,1,1,1,1,1,1,1,1,1,1,1,1,1,1,1,1,1,1,1,1,1,1,1,1,1,1,1,1,1
invent 1,1,1,1
occipital 1
dirty 1,1,1,1,1,1
inst 1,1
displaying 1,1,1,1
gospel 1
trimmed 1,1
bitter 1,1,1,1
patron 1
shapeless 1,1
pokers 1
attempts 1,1,1,1,1
specified 1,1
strayed 1
excursion 1
gipsy 1
Juryman 1
moistened 1
mud 1,1,1,1,1
commonplace 1,1,1,1,1,1,1,1
leading 1,1,1
counsellor 1
agreement 1,1,1,1,1,1,1,1,1,1,1,1,1,1,1,1,1
stoutly 1
selection 1
science 1,1
BLUE 1
gazing 1,1,1,1,1,1
refuse 1,1,1,1,1,1
absolved 1
descent 1
eager 1,1,1,1,1,1
jerkily 1
ventilate 1
purveyor 1
WITH 1,1
frenzy 1,1
swear 1,1,1,1,1,1
gift 1
Gottsreich 1
bushes 1,1,1,1,1
logic 1
clumps 1
intense 1,1
tool 1
pillows 1,1
lethargy 1
slop 1
employment 1
risks 1
Fine 1
cheery 1,1
fully 1,1,1,1
Hunter 1,1,1,1,1,1,1,1,1,1,1,1,1,1,1,1,1,1,1
widened 1,1
flash 1,1
maybe 1,1
19th 1
slut 1
Hullo 1,1,1
stalked 1
Drive 1
town 1,1,1,1,1,1,1,1,1,1,1,1,1,1,1,1,1,1,1,1,1,1,1
whatever 1,1,1,1,1,1,1,1,1,1,1,1,1
ignorance 1,1,1
hidden 1
tempered 1
thoughts 1,1,1,1,1,1
what 1,1,1,1,1,1,1,1,1,1,1,1,1,1,1,1,1,1,1,1,1,1,1,1,1,1,1,1,1,1,1,1,1,1,1,1,1,1,1,1,1,1,1,1,1,1,1,1,1,1,1,1,1,1,1,1,1,1,1,1,1,1,1,1,1,1,1,1,1,1,1,1,1,1,1,1,1,1,1,1,1,1,1,1,1,1,1,1,1,1,1,1,1,1,1,1,1,1,1,1,1,1,1,1,1,1,1,1,1,1,1,1,1,1,1,1,1,1,1,1,1,1,1,1,1,1,1,1,1,1,1,1,1,1,1,1,1,1,1,1,1,1,1,1,1,1,1,1,1,1,1,1,1,1,1,1,1,1,1,1,1,1,1,1,1,1,1,1,1,1,1,1,1,1,1,1,1,1,1,1,1,1,1,1,1,1,1,1,1,1,1,1,1,1,1,1,1,1,1,1,1,1,1,1,1,1,1,1,1,1,1,1,1,1,1,1,1,1,1,1,1,1,1,1,1,1,1,1,1,1,1,1,1,1,1,1,1,1,1,1,1,1,1,1,1,1,1,1,1,1,1,1,1,1,1,1,1,1,1,1,1,1,1,1,1,1,1,1,1,1,1,1,1
detailed 1
promising 1
liver 1
livid 1
wharf 1,1
certain 1,1,1,1,1,1,1,1,1,1,1,1,1,1,1,1,1
effects 1,1,1
dipped 1
search 1,1,1,1,1,1,1,1,1,1,1,1
furnished 1,1,1,1,1,1,1,1
lurking 1
barmaid 1,1,1
pallor 1
thinness 1
exclude 1
softened 1
rashers 1
mistaken 1,1,1,1,1,1,1,1
burden 1
kept 1,1,1,1,1,1,1,1,1,1,1,1
index 1,1
Thrust 1
escaping 1
chronic 1
confronted 1
chosen 1,1,1
pretty 1,1,1,1,1,1,1,1,1,1,1,1
cock 1
speaking 1,1,1
lowered 1
blew 1,1
attained 1
Tiptoes 1
//pglaf 1,1,1,1
devotedly 1,1
details 1,1,1,1,1,1,1,1,1,1,1,1,1,1,1,1,1,1,1
wardrobe 1,1
Bankers 1
life 1,1,1,1,1,1,1,1,1,1,1,1,1,1,1,1,1,1,1,1,1,1,1,1,1,1,1,1,1,1,1,1,1,1,1,1,1,1,1,1,1,1,1,1,1,1,1,1,1
Uffa 1
chains 1
convoy 1
ominous 1,1,1
Murdered 1
emaciation 1
Mrs 1,1,1,1,1,1,1,1,1,1,1,1,1,1,1,1,1,1,1,1,1,1,1,1,1,1,1,1,1,1,1,1,1,1,1,1,1,1,1,1,1,1,1,1
Kill 1
theoretical 1
grinning 1,1
realistic 1
blow 1,1,1,1,1,1,1,1,1,1,1,1
detracted 1
bloc 1
proposed 1
dash 1,1
Tudor 1
retrogression 1,1
cosy 1
dawn 1
Artillery 1
photograph 1,1,1,1,1,1,1,1,1,1,1,1,1,1,1,1,1,1,1,1,1,1,1,1,1
shuddered 1
child 1,1,1,1,1,1,1,1,1,1,1,1,1,1,1,1,1,1,1,1,1
secrecy 1,1,1,1,1,1,1
responded 1,1,1
there 1,1,1,1,1,1,1,1,1,1,1,1,1,1,1,1,1,1,1,1,1,1,1,1,1,1,1,1,1,1,1,1,1,1,1,1,1,1,1,1,1,1,1,1,1,1,1,1,1,1,1,1,1,1,1,1,1,1,1,1,1,1,1,1,1,1,1,1,1,1,1,1,1,1,1,1,1,1,1,1,1,1,1,1,1,1,1,1,1,1,1,1,1,1,1,1,1,1,1,1,1,1,1,1,1,1,1,1,1,1,1,1,1,1,1,1,1,1,1,1,1,1,1,1,1,1,1,1,1,1,1,1,1,1,1,1,1,1,1,1,1,1,1,1,1,1,1,1,1,1,1,1,1,1,1,1,1,1,1,1,1,1,1,1,1,1,1,1,1,1,1,1,1,1,1,1,1,1,1,1,1,1,1,1,1,1,1,1,1,1,1,1,1,1,1,1,1,1,1,1,1,1,1,1,1,1,1,1,1,1,1,1,1,1,1,1,1,1,1,1,1,1,1,1,1,1,1,1,1,1,1,1,1,1,1,1,1,1,1,1,1,1,1,1,1,1,1,1,1,1,1,1,1,1,1,1,1,1,1,1,1,1,1,1,1,1,1,1,1,1,1,1,1,1,1,1,1,1,1,1,1,1,1,1,1,1,1,1,1,1,1,1,1,1,1,1,1,1,1,1,1,1,1,1,1,1,1,1,1,1,1,1,1,1,1,1,1,1,1,1,1,1,1,1,1,1,1,1,1,1,1,1,1,1,1,1,1,1,1,1,1,1,1
Nay 1
barque 1,1
wrack 1
plied 1
proceed 1,1,1,1
eBook 1,1,1,1,1,1
Insensibly 1
peep 1
cabman 1,1,1,1,1
impressions 1,1,1
verbs 1
sloping 1
terror 1,1,1,1,1,1,1
chagrin 1,1
civilisation 1
wickedness 1,1
Problems 1
Anything 1
guilty 1,1,1
assembled 1
nocturnal 1,1
notorious 1
freckled 1
conclusions 1,1,1,1,1,1,1,1
Amoy 1
light 1,1,1,1,1,1,1,1,1,1,1,1,1,1,1,1,1,1,1,1,1,1,1,1,1,1,1,1,1,1,1,1,1,1,1,1,1,1,1,1,1,1,1,1,1,1,1,1,1,1,1,1,1,1,1,1,1,1,1,1,1,1,1,1,1,1,1,1,1,1,1,1,1,1,1
footpaths 1
cumbrous 1
suburban 1
Mansions 1
unfortunately 1,1,1
disgrace 1,1
Puzzle 1
defeated 1
hurts 1,1
deserted 1,1,1,1,1
thrusting 1,1
fuller 1,1,1,1,1,1,1
banking 1,1,1
mostly 1,1,1
innocent 1,1,1,1,1,1,1,1,1,1,1,1,1,1,1,1,1
California 1,1,1
bottle 1
tail 1,1,1,1,1,1
shipwreck 1
prior 1
vault 1,1,1
Slowly 1
some 1,1,1,1,1,1,1,1,1,1,1,1,1,1,1,1,1,1,1,1,1,1,1,1,1,1,1,1,1,1,1,1,1,1,1,1,1,1,1,1,1,1,1,1,1,1,1,1,1,1,1,1,1,1,1,1,1,1,1,1,1,1,1,1,1,1,1,1,1,1,1,1,1,1,1,1,1,1,1,1,1,1,1,1,1,1,1,1,1,1,1,1,1,1,1,1,1,1,1,1,1,1,1,1,1,1,1,1,1,1,1,1,1,1,1,1,1,1,1,1,1,1,1,1,1,1,1,1,1,1,1,1,1,1,1,1,1,1,1,1,1,1,1,1,1,1,1,1,1,1,1,1,1,1,1,1,1,1,1,1,1,1,1,1,1,1,1,1,1,1,1,1,1,1,1,1,1,1,1,1,1,1,1,1,1,1,1,1,1,1,1,1,1,1,1,1,1,1,1,1,1,1,1,1,1,1,1,1,1,1,1,1,1,1,1,1,1,1,1,1,1,1,1,1,1,1,1
2011 1
2002 1
amalgam 1
passed 1,1,1,1,1,1,1,1,1,1,1,1,1,1,1,1,1,1,1,1,1,1,1,1,1,1,1,1,1,1,1,1,1,1,1,1,1,1,1,1,1
International 1
loading 1
file 1,1
together 1,1,1,1,1,1,1,1,1,1,1,1,1,1,1,1,1,1,1,1,1,1,1,1,1,1,1,1,1,1,1,1,1,1
Calhoun 1,1
health 1,1,1,1,1
Farintosh 1,1
Armitage 1,1,1
cheetah 1,1,1,1,1,1
host 1
pleasant 1,1,1,1,1,1,1
sort 1,1,1,1,1,1,1,1,1,1,1,1,1,1,1,1,1,1,1,1,1,1,1
leaning 1,1,1,1,1,1,1
petty 1,1
hour 1,1,1,1,1,1,1,1,1,1,1,1,1,1,1,1,1,1,1,1,1,1,1,1,1,1,1,1,1,1,1,1,1,1,1
singularly 1
heard 1,1,1,1,1,1,1,1,1,1,1,1,1,1,1,1,1,1,1,1,1,1,1,1,1,1,1,1,1,1,1,1,1,1,1,1,1,1,1,1,1,1,1,1,1,1,1,1,1,1,1,1,1,1,1,1,1,1,1,1,1,1,1,1,1,1,1,1,1,1,1,1,1,1,1,1,1,1,1,1,1,1,1,1,1,1,1,1,1,1,1,1,1,1,1,1,1,1,1,1,1,1,1,1,1,1,1,1,1,1,1,1,1
writes 1
villa 1,1,1
Counties 1
Threatens 1
enthusiastic 1,1
outline 1
fish 1,1
maids 1,1,1
leaves 1,1,1,1,1,1
unbreakable 1
five 1,1,1,1,1,1,1,1,1,1,1,1,1,1,1,1,1,1,1,1,1,1,1,1,1,1,1,1,1,1,1,1,1,1,1,1
beforehand 1
staples 1
grimly 1
agree 1,1,1,1,1,1,1,1,1
welcomed 1
anyone 1,1,1,1,1,1,1,1,1,1,1,1,1,1,1,1,1,1,1,1,1,1,1,1,1,1,1,1,1
damages 1,1
event 1,1,1,1
constables 1,1,1
chamber 1,1,1,1,1,1,1,1,1,1,1,1,1,1,1
accidents 1
munificent 1
horses 1,1,1,1
vague 1,1,1,1,1,1,1,1,1,1
favoured 1,1
ringing 1,1
sentimental 1
aspect 1,1
fanciful 1
caraffe 1
helper 1,1
therefore 1,1,1,1,1,1,1,1,1,1,1,1,1
unopened 1
pleading 1
muscles 1
AGREE 1,1
other 1,1,1,1,1,1,1,1,1,1,1,1,1,1,1,1,1,1,1,1,1,1,1,1,1,1,1,1,1,1,1,1,1,1,1,1,1,1,1,1,1,1,1,1,1,1,1,1,1,1,1,1,1,1,1,1,1,1,1,1,1,1,1,1,1,1,1,1,1,1,1,1,1,1,1,1,1,1,1,1,1,1,1,1,1,1,1,1,1,1,1,1,1,1,1,1,1,1,1,1,1,1,1,1,1,1,1,1,1,1,1,1,1,1,1,1,1,1,1,1,1,1,1,1,1,1,1,1,1,1,1,1,1,1,1,1,1,1,1,1,1,1,1,1,1,1,1,1,1,1,1,1,1,1,1,1,1,1,1,1
air 1,1,1,1,1,1,1,1,1,1,1,1,1,1,1,1,1,1,1,1,1,1,1,1,1,1
burnished 1
impressed 1,1,1,1,1,1
PIPS 1
ladyship 1
leakage 1
jumping 1,1
crib 1,1
duly 1
ladder 1,1,1
until 1,1,1,1,1,1,1,1,1,1,1,1,1,1,1,1,1,1,1,1,1,1,1,1,1,1,1,1,1,1,1,1,1,1,1,1,1,1,1,1,1,1,1,1,1,1,1,1,1,1,1,1,1,1,1,1,1,1,1,1,1,1,1,1,1,1,1,1,1,1,1,1,1,1
severed 1
meditative 1
Strand 1
came 1,1,1,1,1,1,1,1,1,1,1,1,1,1,1,1,1,1,1,1,1,1,1,1,1,1,1,1,1,1,1,1,1,1,1,1,1,1,1,1,1,1,1,1,1,1,1,1,1,1,1,1,1,1,1,1,1,1,1,1,1,1,1,1,1,1,1,1,1,1,1,1,1,1,1,1,1,1,1,1,1,1,1,1,1,1,1,1,1,1,1,1,1,1,1,1,1,1,1,1,1,1,1,1,1,1,1,1,1,1,1,1,1,1,1,1,1,1,1,1,1,1,1,1,1,1,1,1,1,1,1,1,1,1,1,1,1,1,1,1,1,1,1,1,1,1
thoughtful 1,1
Several 1
calf 1
ash 1,1
Honoria 1
agitation 1,1,1,1,1
volunteer 1,1,1
crop 1,1,1,1,1,1,1,1,1,1
boot 1,1,1,1,1
cart 1,1,1,1,1,1,1
truly 1,1,1
outhouse 1
Doctors 1
parted 1,1,1,1,1,1
simple 1,1,1,1,1,1,1,1,1,1,1,1,1,1,1,1,1,1,1
rogue 1,1
ascertain 1
forbid 1
profit 1
amount 1,1,1,1,1,1
cloudless 1,1
simply 1,1,1
symptoms 1,1
chemical 1,1,1,1
deal 1,1,1,1,1,1,1,1,1,1,1,1,1,1,1
advertisements 1
responsibility 1
litter 1
sex 1
WARRANTY 1,1
beauty 1,1,1,1,1,1,1,1
splendidly 1
instructive 1,1,1
capable 1,1,1,1,1
sit 1,1,1,1,1,1,1,1,1,1,1,1,1,1,1
bound 1,1,1,1,1,1,1,1,1
implicate 1,1
fresh 1,1,1,1,1,1,1,1,1,1,1,1,1,1,1,1,1,1,1
comprehensive 1
big 1,1,1,1,1
amazement 1
select 1,1,1
advanced 1,1
improved 1,1
beside 1,1,1,1,1,1,1,1,1,1,1,1,1,1,1,1,1,1,1,1,1,1,1
foolish 1,1,1,1
beauties 1
discovery 1,1,1
office 1,1,1,1,1,1,1,1,1,1,1,1,1,1,1,1,1,1,1,1,1,1,1,1,1,1,1
son 1,1,1,1,1,1,1,1,1,1,1,1,1,1,1,1,1,1,1,1,1,1,1,1,1,1,1,1,1,1,1,1,1,1,1,1,1,1,1,1,1,1,1,1,1,1,1,1,1,1,1
Something 1
redder 1
boa 1
1/2 1
chance 1,1,1,1,1,1,1,1,1,1,1,1,1,1,1,1,1,1,1,1,1,1,1,1
restive 1
repartee 1
hoard 1
miserable 1,1,1,1
conditions 1,1,1,1
buy 1,1,1,1,1,1,1
flush 1,1,1,1
successful 1,1,1,1,1,1,1
Hugh 1,1,1,1
roar 1,1
guide 1,1,1,1
wreaths 1,1
stately 1,1,1
flaw 1,1
Grit 1
responses 1
Allegro 1,1
readable 1,1
filed 1
unwound 1
destined 1
balls 1
can 1,1,1,1,1,1,1,1,1,1,1,1,1,1,1,1,1,1,1,1,1,1,1,1,1,1,1,1,1,1,1,1,1,1,1,1,1,1,1,1,1,1,1,1,1,1,1,1,1,1,1,1,1,1,1,1,1,1,1,1,1,1,1,1,1,1,1,1,1,1,1,1,1,1,1,1,1,1,1,1,1,1,1,1,1,1,1,1,1,1,1,1,1,1,1,1,1,1,1,1,1,1,1,1,1,1,1,1,1,1,1,1,1,1,1,1,1,1,1,1,1,1,1,1,1,1,1,1,1,1,1,1,1,1,1,1,1,1,1,1,1,1,1,1,1,1,1,1,1,1,1,1,1,1,1,1,1,1,1,1,1,1,1,1,1,1,1,1,1,1,1,1,1,1,1,1,1,1,1,1,1,1,1,1,1
floating 1,1
marriage 1,1,1,1,1,1,1,1,1,1,1,1,1,1,1,1,1,1,1,1,1,1,1,1,1,1,1
whipcord 1,1,1
fragment 1,1
