Sure 1
forestalled 1
7 1,1,1
A 1,1,1,1,1,1,1,1,1,1,1,1,1,1,1,1,1,1,1,1,1,1,1,1,1,1,1,1,1,1,1,1,1,1,1,1,1,1,1,1,1,1,1,1,1,1,1,1,1,1,1,1,1,1,1,1,1,1,1,1,1,1,1,1,1,1,1,1,1,1,1,1,1,1,1,1,1,1,1,1,1,1,1,1,1,1,1,1,1,1,1,1,1,1
result 1,1,1,1,1,1,1,1,1,1,1
U 1,1,1
_ 1,1,1,1,1
Nights 1
hams 1
s 1,1,1,1,1,1,1,1,1,1,1,1,1,1,1,1,1,1,1,1,1,1,1,1,1,1,1,1,1,1,1,1,1,1,1,1,1,1,1,1,1,1,1,1,1,1,1,1,1,1,1,1,1,1,1,1,1,1,1,1,1,1,1,1,1,1,1,1,1,1,1,1,1,1,1,1,1,1,1,1,1,1,1,1,1,1,1,1,1,1,1,1,1,1,1,1,1,1,1,1,1,1,1,1,1,1,1,1,1,1,1,1,1,1,1,1,1,1,1,1,1,1,1,1,1,1,1,1,1,1,1,1,1,1,1,1,1,1,1,1,1,1,1,1,1,1,1,1,1,1,1,1,1,1,1,1,1,1,1,1,1,1,1,1,1,1,1,1,1,1,1,1,1,1,1,1,1,1,1,1,1,1,1,1,1,1,1,1,1,1,1,1,1,1,1,1,1,1,1,1,1,1,1,1,1,1,1,1,1,1,1,1,1,1,1,1,1,1,1,1,1,1,1,1,1,1,1,1,1,1,1,1,1,1,1,1,1,1,1,1,1,1,1,1,1,1,1,1,1,1,1,1,1,1,1,1,1,1,1,1,1,1,1,1,1,1,1,1,1,1,1,1,1,1,1,1,1,1,1,1,1,1,1,1,1,1,1,1,1,1,1,1,1,1,1,1,1,1,1,1,1,1,1,1,1,1,1,1,1,1,1,1,1,1,1,1,1,1,1,1,1,1,1,1,1,1,1,1,1,1,1,1,1,1,1,1,1,1,1,1,1,1,1,1,1,1,1,1,1,1,1,1,1,1,1,1,1,1,1,1,1,1,1,1,1,1,1,1,1,1,1,1,1,1,1,1,1,1,1,1,1,1,1,1,1,1,1,1,1,1,1,1,1,1,1,1,1,1,1,1,1,1,1,1,1,1,1,1,1,1,1,1,1,1,1,1,1,1,1,1,1,1,1,1,1,1,1,1,1,1,1,1,1,1,1,1,1,1,1,1,1,1,1,1,1,1,1,1,1,1,1,1,1,1,1,1,1,1,1,1,1,1,1,1,1,1,1,1,1,1,1,1,1,1,1,1,1,1,1,1,1,1,1,1,1,1,1,1,1,1,1,1,1,1,1,1,1,1,1,1,1,1,1,1,1,1,1,1,1,1,1,1,1,1,1,1,1,1,1,1,1,1,1,1,1,1,1,1,1,1,1,1,1,1,1,1,1,1,1,1,1,1,1,1,1,1,1,1,1,1,1,1,1,1,1,1,1,1,1,1,1,1,1,1,1,1,1,1,1,1,1,1,1,1,1,1,1,1,1,1,1,1,1,1,1,1,1,1,1,1,1,1,1,1,1,1,1,1,1,1,1,1,1,1,1,1,1,1,1,1,1,1,1,1,1,1,1,1,1,1,1,1,1,1,1,1,1,1,1,1,1,1,1,1,1,1,1,1,1,1,1,1,1,1,1,1,1,1,1,1,1,1,1,1,1,1,1,1,1,1,1,1,1,1,1,1,1,1,1,1,1,1,1,1,1,1,1,1,1,1,1,1,1,1,1,1,1,1,1,1,1,1,1,1,1,1,1,1,1,1,1,1,1,1,1,1,1,1,1,1,1,1,1,1,1,1,1,1,1,1,1,1,1,1,1,1,1,1,1,1,1,1,1,1,1,1,1,1,1,1,1,1,1,1,1,1,1,1,1,1,1,1,1,1,1,1,1,1,1,1,1,1,1,1,1,1,1,1,1,1,1,1,1,1,1,1,1,1,1,1,1,1,1,1,1,1,1,1,1,1,1,1,1,1,1,1,1,1,1,1,1,1,1,1,1,1,1,1,1,1,1,1,1,1,1,1,1,1,1,1,1,1,1,1,1,1,1,1,1,1,1,1,1,1,1,1,1,1,1,1,1,1,1,1,1,1,1,1,1,1,1,1,1,1,1,1,1,1,1,1,1,1,1,1,1,1,1,1
good 1,1,1,1,1,1,1,1,1,1,1,1,1,1,1,1,1,1,1,1,1,1,1,1,1,1,1,1,1,1,1,1,1,1,1,1,1,1,1,1,1,1,1,1,1,1,1,1,1,1,1,1,1,1,1,1,1,1,1,1,1,1,1,1,1,1,1,1,1,1,1,1,1,1,1,1,1,1,1,1,1,1,1,1,1,1,1,1,1,1,1,1,1,1,1,1
skeleton 1
copying 1,1,1,1
adoration 1,1
Barlow 1,1,1,1,1
gone 1,1,1,1,1,1,1,1,1,1,1,1,1,1,1,1,1,1,1,1,1,1,1,1,1,1,1,1,1,1,1,1,1,1,1,1,1,1,1,1,1,1,1
scholars 1,1,1,1,1,1,1
Courtship 1
hard 1,1,1,1,1,1,1,1,1,1,1,1,1,1,1,1,1,1,1,1,1,1,1,1
lapels 1
plotting 1
room 1,1,1,1,1,1,1,1,1,1,1,1,1,1,1,1,1,1,1,1,1
lisped 1
tripping 1,1
Sabbath 1,1,1,1
timid 1
Overshadowed 1
reform 1,1
indecision 1
grated 1
famous 1,1
additions 1,1,1
irresolutely 1
gaudier 1
owns 1,1
including 1,1,1,1,1,1,1,1
initials 1
20% 1
Amy 1,1,1,1,1,1,1,1,1,1,1,1,1,1,1
And 1,1,1,1,1,1,1,1,1,1,1,1,1,1,1,1,1,1,1,1,1,1,1,1,1,1,1,1,1,1,1,1,1,1,1,1,1,1,1,1,1,1,1,1,1,1,1,1,1,1,1,1,1,1,1,1,1,1,1,1,1,1,1,1,1,1,1,1,1,1,1,1,1,1,1,1,1,1,1,1,1,1,1,1,1,1,1,1,1,1,1,1,1,1,1,1,1,1,1,1,1,1,1,1,1,1,1,1,1,1,1,1,1,1,1,1,1,1,1,1,1,1,1,1,1,1,1,1,1,1,1,1,1,1,1,1,1,1,1,1
Major 1
_did_ 1,1,1,1,1
activities 1
state 1,1,1,1,1,1,1,1,1,1,1,1
wasting 1
manly 1,1
twould 1
creation 1,1
BUT 1,1
desires 1
_he_ 1,1
watch 1,1,1,1,1,1,1,1,1,1,1,1,1,1,1
tedious 1,1,1,1,1,1
reflection 1
Felicity 1
These 1,1,1,1,1,1,1
disaster 1
Hooper 1
shore 1,1,1,1,1,1,1,1,1,1,1,1,1
unholy 1
CONSEQUENTIAL 1
Twain 1,1,1,1
attain 1
drowsiness 1,1
cuffed 1
toppling 1
parentage 1
goodnight 1,1
_would_ 1,1,1
raising 1
nimble 1
whippings 1
critical 1,1
flushed 1,1,1
crisp 1
See 1,1,1,1,1,1
average 1
THE 1,1,1,1,1,1,1,1,1,1,1,1
did 1,1,1,1,1,1,1,1,1,1,1,1,1,1,1,1,1,1,1,1,1,1,1,1,1,1,1,1,1,1,1,1,1,1,1,1,1,1,1,1,1,1,1,1,1,1,1,1,1,1,1,1,1,1,1,1,1,1,1,1,1,1,1,1,1,1,1,1,1,1,1,1,1,1,1,1,1,1,1,1,1,1,1,1,1,1,1,1,1,1,1,1,1,1,1,1,1,1,1,1,1,1,1,1,1,1,1,1,1,1,1,1,1,1,1,1,1,1,1,1,1,1,1,1,1,1,1,1,1,1,1
fragrant 1
din 1
$1 1
midst 1,1,1,1,1
sumptuous 1
parcel 1
remained 1,1,1,1,1,1,1,1,1,1
laced 1
occasion 1,1,1
pumped 1
shoal 1,1
Expedition 1,1
armies 1,1
bullier 1
lock 1,1,1
_Might_ 1
warned 1
trading 1,1
forward 1,1,1,1,1,1,1,1,1,1
THAT 1,1,1,1
Bob 1,1,1,1
slicked 1
dry 1,1,1,1
Wait 1,1,1,1,1
napkin 1
incrusted 1
waking 1
band 1
released 1,1
PROVIDED 1
shelter 1,1,1,1,1,1
remember 1,1,1,1,1,1,1,1,1,1,1,1,1
Baker 1
cheeriness 1
hearties 1
wholly 1,1,1,1,1,1
seven 1,1,1
TUESDAY 1
bass 1
landing 1,1,1,1,1,1
disgust 1
intonation 1
90 1,1
cretur 1
lose 1,1
wore 1,1,1,1,1,1,1
across 1,1,1,1,1,1,1
whooping 1,1
whacks 1
martyr 1
BEFORE 1
stolen 1,1,1,1,1
Ten 1,1
temporary 1
sufficiently 1
anguish 1,1
silence 1,1,1,1,1,1,1,1,1,1,1,1,1,1,1,1,1,1,1,1,1,1,1,1,1,1,1,1,1,1,1
planning 1
unsought 1
flirt 1
BE 1
An 1,1,1,1,1,1,1,1
hopping 1,1
scooped 1,1
floundering 1
leave 1,1,1,1,1,1,1,1,1,1,1,1,1,1,1,1,1,1,1,1
DAMAGE 1
obtaining 1,1
kindly 1
sleeping 1,1,1
horizon 1
fullest 1,1
gradually 1,1,1,1,1,1,1,1
gravel 1,1
charming 1
weapons 1
If 1,1,1,1,1,1,1,1,1,1,1,1,1,1,1,1,1,1,1,1,1,1,1,1,1,1,1,1,1,1,1,1,1,1,1,1,1,1,1,1,1,1,1,1,1,1,1,1,1,1,1,1,1
appeased 1
hatchet 1
shadowless 1
naked 1,1,1
links 1,1,1
careers 1
racer 1
amusement 1,1
running 1,1
overflowed 1
whispers 1,1,1,1,1,1
needle 1
talkative 1
Cautious 1
companies 1
waved 1
gray 1,1,1,1,1,1,1,1,1
SH 1,1,1
such 1,1,1,1,1,1,1,1,1,1,1,1,1,1,1,1,1,1,1,1,1,1,1,1,1,1,1,1,1,1,1,1,1,1,1,1,1,1,1,1,1,1,1,1,1,1,1,1,1,1,1,1,1,1,1,1,1,1,1,1,1,1,1,1,1,1,1,1,1,1,1,1
avariciously 1
gnawing 1
white 1,1,1,1,1,1,1,1,1,1,1,1,1,1,1,1,1,1,1,1,1,1,1,1,1,1,1,1,1,1,1,1
To 1,1,1,1,1,1,1
Truth 1,1
trumpet 1,1
huff 1
snatch 1,1,1,1
summit 1,1,1,1
news 1,1,1,1,1,1,1,1,1,1,1,1,1,1
reverberations 1
denial 1,1,1,1
portion 1,1,1
gain 1
dupes 1
memories 1,1,1
explore 1,1,1,1,1,1,1
Dad 1
aisles 1,1,1,1,1,1
happened 1,1,1,1,1,1,1,1,1,1,1,1,1
rage 1,1
_bet_ 1
sung 1,1,1,1,1
voyage 1
effect 1,1,1,1,1,1,1,1,1,1,1,1
oiled 1
didn 1,1,1,1,1,1,1,1,1,1,1,1,1,1,1,1,1,1,1,1,1,1,1,1,1,1,1,1,1,1,1,1,1,1,1,1,1,1,1,1,1,1,1
sycamore 1,1,1,1,1
diminish 1
mocker 1
pleasanter 1
trembled 1,1,1
Story 1,1
former 1
scrawled 1,1
Sometime 1
d_ 1,1,1
di 1,1,1,1
furnish 1,1
caricature 1
er 1
profound 1,1,1
Beaded 1
END 1
mightily 1,1
limbs 1,1
watching 1,1,1,1,1,1,1,1
thence 1
chewing 1,1
dime 1
he 1,1,1,1,1,1,1,1,1,1,1,1,1,1,1,1,1,1,1,1,1,1,1,1,1,1,1,1,1,1,1,1,1,1,1,1,1,1,1,1,1,1,1,1,1,1,1,1,1,1,1,1,1,1,1,1,1,1,1,1,1,1,1,1,1,1,1,1,1,1,1,1,1,1,1,1,1,1,1,1,1,1,1,1,1,1,1,1,1,1,1,1,1,1,1,1,1,1,1,1,1,1,1,1,1,1,1,1,1,1,1,1,1,1,1,1,1,1,1,1,1,1,1,1,1,1,1,1,1,1,1,1,1,1,1,1,1,1,1,1,1,1,1,1,1,1,1,1,1,1,1,1,1,1,1,1,1,1,1,1,1,1,1,1,1,1,1,1,1,1,1,1,1,1,1,1,1,1,1,1,1,1,1,1,1,1,1,1,1,1,1,1,1,1,1,1,1,1,1,1,1,1,1,1,1,1,1,1,1,1,1,1,1,1,1,1,1,1,1,1,1,1,1,1,1,1,1,1,1,1,1,1,1,1,1,1,1,1,1,1,1,1,1,1,1,1,1,1,1,1,1,1,1,1,1,1,1,1,1,1,1,1,1,1,1,1,1,1,1,1,1,1,1,1,1,1,1,1,1,1,1,1,1,1,1,1,1,1,1,1,1,1,1,1,1,1,1,1,1,1,1,1,1,1,1,1,1,1,1,1,1,1,1,1,1,1,1,1,1,1,1,1,1,1,1,1,1,1,1,1,1,1,1,1,1,1,1,1,1,1,1,1,1,1,1,1,1,1,1,1,1,1,1,1,1,1,1,1,1,1,1,1,1,1,1,1,1,1,1,1,1,1,1,1,1,1,1,1,1,1,1,1,1,1,1,1,1,1,1,1,1,1,1,1,1,1,1,1,1,1,1,1,1,1,1,1,1,1,1,1,1,1,1,1,1,1,1,1,1,1,1,1,1,1,1,1,1,1,1,1,1,1,1,1,1,1,1,1,1,1,1,1,1,1,1,1,1,1,1,1,1,1,1,1,1,1,1,1,1,1,1,1,1,1,1,1,1,1,1,1,1,1,1,1,1,1,1,1,1,1,1,1,1,1,1,1,1,1,1,1,1,1,1,1,1,1,1,1,1,1,1,1,1,1,1,1,1,1,1,1,1,1,1,1,1,1,1,1,1,1,1,1,1,1,1,1,1,1,1,1,1,1,1,1,1,1,1,1,1,1,1,1,1,1,1,1,1,1,1,1,1,1,1,1,1,1,1,1,1,1,1,1,1,1,1,1,1,1,1,1,1,1,1,1,1,1,1,1,1,1,1,1,1,1,1,1,1,1,1,1,1,1,1,1,1,1,1,1,1,1,1,1,1,1,1,1,1,1,1,1,1,1,1,1,1,1,1,1,1,1,1,1,1,1,1,1,1,1,1,1,1,1,1,1,1,1,1,1,1,1,1,1,1,1,1,1,1,1,1,1,1,1,1,1,1,1,1,1,1,1,1,1,1,1,1,1,1,1,1,1,1,1,1,1,1,1,1,1,1,1,1,1,1,1,1,1,1,1,1,1,1,1,1,1,1,1,1,1,1,1,1,1,1,1,1,1,1,1,1,1,1,1,1,1,1,1,1,1,1,1,1,1,1,1,1,1,1,1,1,1,1,1,1,1,1,1,1,1,1,1,1,1,1,1,1,1,1,1,1,1,1,1,1,1,1,1,1,1,1,1,1,1,1,1,1,1,1,1,1,1,1,1,1,1,1,1,1,1,1,1,1,1,1,1,1,1,1,1,1,1,1,1,1,1,1,1,1,1,1,1,1,1,1,1,1,1,1,1,1,1,1,1,1,1,1,1,1,1,1,1,1,1,1,1,1,1,1,1,1,1,1,1,1,1,1,1,1,1,1,1,1,1,1,1,1,1,1,1,1,1,1,1,1,1,1,1,1,1,1,1,1,1,1,1,1,1,1,1,1,1,1,1,1,1,1,1,1,1,1,1,1,1,1,1,1,1,1,1,1,1,1,1,1,1,1,1,1,1,1,1,1,1,1,1,1,1,1,1,1,1,1,1,1,1,1,1,1,1,1,1,1,1,1,1,1,1
wildeyed 1
Dares 1
hy 1
else 1,1,1,1,1,1,1,1,1,1,1,1,1,1,1,1,1,1,1,1
thankfullest 1
in 1,1,1,1,1,1,1,1,1,1,1,1,1,1,1,1,1,1,1,1,1,1,1,1,1,1,1,1,1,1,1,1,1,1,1,1,1,1,1,1,1,1,1,1,1,1,1,1,1,1,1,1,1,1,1,1,1,1,1,1,1,1,1,1,1,1,1,1,1,1,1,1,1,1,1,1,1,1,1,1,1,1,1,1,1,1,1,1,1,1,1,1,1,1,1,1,1,1,1,1,1,1,1,1,1,1,1,1,1,1,1,1,1,1,1,1,1,1,1,1,1,1,1,1,1,1,1,1,1,1,1,1,1,1,1,1,1,1,1,1,1,1,1,1,1,1,1,1,1,1,1,1,1,1,1,1,1,1,1,1,1,1,1,1,1,1,1,1,1,1,1,1,1,1,1,1,1,1,1,1,1,1,1,1,1,1,1,1,1,1,1,1,1,1,1,1,1,1,1,1,1,1,1,1,1,1,1,1,1,1,1,1,1,1,1,1,1,1,1,1,1,1,1,1,1,1,1,1,1,1,1,1,1,1,1,1,1,1,1,1,1,1,1,1,1,1,1,1,1,1,1,1,1,1,1,1,1,1,1,1,1,1,1,1,1,1,1,1,1,1,1,1,1,1,1,1,1,1,1,1,1,1,1,1,1,1,1,1,1,1,1,1,1,1,1,1,1,1,1,1,1,1,1,1,1,1,1,1,1,1,1,1,1,1,1,1,1,1,1,1,1,1,1,1,1,1,1,1,1,1,1,1,1,1,1,1,1,1,1,1,1,1,1,1,1,1,1,1,1,1,1,1,1,1,1,1,1,1,1,1,1,1,1,1,1,1,1,1,1,1,1,1,1,1,1,1,1,1,1,1,1,1,1,1,1,1,1,1,1,1,1,1,1,1,1,1,1,1,1,1,1,1,1,1,1,1,1,1,1,1,1,1,1,1,1,1,1,1,1,1,1,1,1,1,1,1,1,1,1,1,1,1,1,1,1,1,1,1,1,1,1,1,1,1,1,1,1,1,1,1,1,1,1,1,1,1,1,1,1,1,1,1,1,1,1,1,1,1,1,1,1,1,1,1,1,1,1,1,1,1,1,1,1,1,1,1,1,1,1,1,1,1,1,1,1,1,1,1,1,1,1,1,1,1,1,1,1,1,1,1,1,1,1,1,1,1,1,1,1,1,1,1,1,1,1,1,1,1,1,1,1,1,1,1,1,1,1,1,1,1,1,1,1,1,1,1,1,1,1,1,1,1,1,1,1,1,1,1,1,1,1,1,1,1,1,1,1,1,1,1,1,1,1,1,1,1,1,1,1,1,1,1,1,1,1,1,1,1,1,1,1,1,1,1,1,1,1,1,1,1,1,1,1,1,1,1,1,1,1,1,1,1,1,1,1,1,1,1,1,1,1,1,1,1,1,1,1,1,1,1,1,1,1,1,1,1,1,1,1,1,1,1,1,1,1,1,1,1,1,1,1,1,1,1,1,1,1,1,1,1,1,1,1,1,1,1,1,1,1,1,1,1,1,1,1,1,1,1,1,1,1,1,1,1,1,1,1,1,1,1,1,1,1,1,1,1,1,1,1,1,1,1,1,1,1,1,1,1,1,1,1,1,1,1,1,1,1,1,1,1,1,1,1,1,1,1,1,1,1,1,1,1,1,1,1,1,1,1,1,1,1,1,1,1,1,1,1,1,1,1,1,1,1,1,1,1,1,1,1,1,1,1,1,1,1,1,1,1,1,1,1,1,1,1,1,1,1,1,1,1,1,1,1,1,1,1,1,1,1,1,1,1,1,1,1,1,1,1,1,1,1,1,1,1,1,1,1,1,1,1,1,1,1,1,1,1,1,1,1,1,1,1,1,1,1,1,1,1,1,1,1,1,1,1,1,1,1,1,1,1,1,1,1,1,1,1,1,1,1,1,1,1,1,1,1,1,1,1,1,1,1,1,1,1,1,1,1,1,1,1,1,1,1,1,1,1,1,1,1,1,1,1,1,1,1,1,1,1,1,1,1,1,1,1,1,1,1,1,1,1,1,1,1,1,1,1,1,1,1,1,1,1,1,1,1,1,1,1,1,1,1,1,1,1,1,1,1,1,1,1,1,1,1,1,1,1,1,1,1,1,1,1,1,1,1,1,1,1,1,1,1,1,1,1,1,1,1,1,1,1,1,1,1,1,1,1,1,1,1,1
dismissed 1
lively 1,1
literature 1
roaming 1
pansy 1,1
fasten 1,1
dirt 1,1,1
mixed 1,1
oh 1,1,1,1
or 1,1,1,1,1,1,1,1,1,1,1,1,1,1,1,1,1,1,1,1,1,1,1,1,1,1,1,1,1,1,1,1,1,1,1,1,1,1,1,1,1,1,1,1,1,1,1,1,1,1,1,1,1,1,1,1,1,1,1,1,1,1,1,1,1,1,1,1,1,1,1,1,1,1,1,1,1,1,1,1,1,1,1,1,1,1,1,1,1,1,1,1,1,1,1,1,1,1,1,1,1,1,1,1,1,1,1,1,1,1,1,1,1,1,1,1,1,1,1,1,1,1,1,1,1,1,1,1,1,1,1,1,1,1,1,1,1,1,1,1,1,1,1,1,1,1,1,1,1,1,1,1,1,1,1,1,1,1,1,1,1,1,1,1,1,1,1,1,1,1,1,1,1,1,1,1,1,1,1,1,1,1,1,1,1,1,1,1,1,1,1,1,1,1,1,1,1,1,1,1,1,1,1,1,1,1,1,1,1,1,1,1,1,1,1,1,1,1
splendid 1,1,1,1,1,1
retribution 1
cobwebs 1
hundreds 1,1,1,1
re 1,1,1,1,1,1,1,1,1,1,1,1,1,1,1,1,1,1,1,1,1,1,1,1,1,1,1,1,1,1,1,1,1,1,1,1,1,1,1,1,1,1,1,1,1,1,1,1,1,1,1,1,1,1,1,1,1,1,1,1,1,1,1,1,1,1,1,1,1,1,1,1,1,1,1,1,1,1,1,1
wander 1
donors 1
bridge 1
ry 1
inquest 1,1
compelled 1
thanked 1
tm 1,1,1,1,1,1,1,1,1,1,1,1,1,1,1,1,1,1,1,1,1,1,1,1,1,1,1,1,1,1,1,1,1,1,1,1,1,1,1,1,1,1,1,1,1,1,1,1,1,1,1,1,1,1,1,1,1
flowed 1,1
separate 1,1
generations 1,1
rules 1,1
_like_ 1,1
snuffled 1,1
hides 1
thin 1,1,1,1,1,1,1
quake 1
ingenious 1
slight 1,1
Attacked 1
scuffling 1
beyond 1,1,1,1,1,1,1,1,1,1,1,1,1,1,1,1
terms 1,1,1,1,1,1,1,1,1,1,1,1,1,1,1,1,1,1,1,1
splendor 1,1,1,1,1,1,1
gee 1
north 1
continued 1,1,1,1,1,1,1,1,1,1,1,1,1,1
suspect 1
jingled 1
idling 1
help 1,1,1,1,1,1,1,1,1,1,1,1,1,1,1,1,1,1,1,1,1
dress 1,1,1
thro 1
tossing 1
Glory 1
feeble 1,1,1,1,1,1
Egg 1
feebly 1,1,1,1,1
conned 1
edged 1
Water 1
Things 1
overflowings 1
belting 1
lights 1,1,1,1,1,1,1,1,1,1,1,1,1
dragging 1,1,1,1
authority 1,1,1
haunches 1
plaited 1,1
uncushioned 1
flashed 1
heaved 1
suspended 1,1
heaven 1,1,1
consequence 1,1,1
inconsistent 1
possibilities 1,1
tonight 1,1,1,1,1
basin 1,1,1,1
arms 1,1,1,1,1,1,1,1,1,1,1,1,1,1
appalled 1
land 1,1,1,1,1,1
doubtful 1
lame 1
marry 1,1,1,1
religion 1
forsaken 1
lath 1,1
frescoed 1,1
wash 1,1,1,1,1,1
Doubts 1
carelessly 1
chalk 1,1
Way 1
wages 1
doublet 1
beam 1,1,1
hit 1,1,1,1,1,1,1,1,1,1
pleaded 1,1,1,1,1
ceiling 1
meal 1,1,1
valued 1,1
XXIV 1,1
bees 1,1
cleancut 1
profaned 1
Omission 1
subjects 1
_could_ 1,1
putting 1,1,1
burglar 1,1
For 1,1,1,1,1,1,1,1,1,1,1,1,1
beginning 1,1,1
waiting 1,1,1,1,1,1,1,1,1,1,1
dominie 1
encouragement 1
nough 1,1,1
nudged 1
Truthfulness 1
bell 1,1,1,1,1,1,1,1,1,1
impression 1
anatomy 1,1
whereupon 1
thunderblasts 1
could 1,1,1,1,1,1,1,1,1,1,1,1,1,1,1,1,1,1,1,1,1,1,1,1,1,1,1,1,1,1,1,1,1,1,1,1,1,1,1,1,1,1,1,1,1,1,1,1,1,1,1,1,1,1,1,1,1,1,1,1,1,1,1,1,1,1,1,1,1,1,1,1,1,1,1,1,1,1,1,1,1,1,1,1,1,1,1,1,1,1,1,1,1,1,1,1,1,1,1,1,1,1,1,1,1,1,1,1,1,1,1,1,1,1,1,1,1,1,1,1,1,1,1,1,1,1,1,1,1,1,1,1,1,1,1,1,1,1,1,1,1,1,1,1,1,1,1,1,1,1,1,1,1,1,1,1,1,1,1,1,1,1,1,1,1,1,1,1,1,1,1,1,1,1,1,1,1,1
bent 1,1,1,1,1,1,1,1,1,1
vastness 1
XXVI 1
cities 1
Elysian 1
friends 1,1,1,1,1,1,1,1,1,1
present 1,1,1,1,1,1,1,1
belong 1,1,1
genuine 1,1
mere 1,1,1,1
originality 1,1
oughtn 1
expectantly 1
covet 1
impulse 1,1,1,1,1,1,1
unpalatable 1
intervening 1
actually 1,1
bulletin 1
ice 1
icy 1
_work_ 1,1
Does 1
soothing 1
guns 1,1,1
softy 1
dresses 1,1,1
softness 1
steep 1,1,1
shroud 1
fall 1,1,1,1,1,1,1,1,1,1,1,1,1
nice 1,1,1,1,1,1,1,1,1,1,1,1,1
cuffs 1
Repentance 1
imperishable 1
Might 1
grief 1,1,1,1,1,1
glimpsed 1,1
shortly 1,1,1,1,1,1,1,1,1
halfhour 1
linked 1
grieving 1,1,1
telltale 1
breakers 1
frogs 1
retreat 1,1,1
sumach 1,1,1,1,1,1
raged 1
treachery 1
choose 1,1,1
Gregory 1
Donations 1,1
boarded 1
distributed 1,1,1,1,1
urged 1,1
silver 1,1,1,1
yield 1,1,1,1
eBooks 1,1,1,1,1,1,1
pumps 1
sham 1
catches 1
unlocked 1,1,1
frowned 1,1,1
today 1,1,1,1
saying 1,1,1,1,1,1,1,1,1,1,1,1,1,1,1
fifteen 1,1,1,1
Least 1,1,1
Foundation 1,1,1,1,1,1,1,1,1,1,1,1,1,1,1,1,1,1,1,1,1,1,1,1
menagerie 1
fertile 1
broken 1,1,1,1,1,1,1,1,1,1,1,1,1,1,1
belated 1
treacherous 1,1,1
either 1,1,1,1,1,1,1,1,1,1,1,1
worst 1,1,1,1
distance 1,1,1,1,1,1,1,1,1,1,1,1,1,1,1,1,1,1
Scripture 1,1
prospects 1
Yes 1,1,1,1,1,1,1,1,1,1,1,1,1,1,1,1,1,1,1,1,1,1,1,1,1,1,1,1,1,1,1,1,1,1,1,1,1,1,1,1,1,1,1,1,1,1,1,1,1,1,1,1,1,1,1,1,1,1,1,1,1,1,1
hence 1
fowls 1
whistling 1
rend 1
hollow 1,1,1,1,1,1,1,1
sprawling 1,1,1
wearily 1
comrade 1,1,1,1,1,1,1,1,1,1
architecture 1
leastways 1
cloud 1,1,1
wrapped 1,1
resurrection 1
bones 1
job 1,1,1,1,1,1,1,1
eaten 1,1,1,1,1
bedridden 1
sheer 1,1
gets 1
Hop 1
discouraging 1,1
difficulties 1
pillars 1
unpromising 1
vaguely 1
Lengthy 1
boisterous 1
homeward 1,1,1,1,1,1
tenderness 1
snored 1
_back_ 1
majority 1
sentence 1,1,1,1,1
economize 1
gripped 1
joke 1,1,1
bacon 1,1,1,1,1,1,1,1
Church 1,1,1,1,1,1
Nothing 1,1,1,1,1,1,1,1,1
expressed 1,1,1
Before 1,1,1
Dobbins 1,1,1,1,1,1,1
afloat 1
editions 1,1,1,1
Friends 1
threatening 1,1
composite 1
hurricane 1,1
powwow 1
silk 1,1
hill 1,1,1,1,1,1,1,1,1,1,1,1,1,1,1,1,1,1
cricket 1
available 1,1
sins 1,1
inquiries 1
especially 1,1
hint 1,1,1
figures 1
types 1
swimmers 1
CHAPTER 1,1,1,1,1,1,1,1,1,1,1,1,1,1,1,1,1,1,1,1,1,1,1,1,1,1,1,1,1,1,1,1,1,1,1,1,1,1,1,1,1,1,1,1,1,1,1,1,1,1,1,1,1,1,1,1,1,1,1,1,1,1,1,1,1,1,1,1,1,1
reach 1,1,1,1,1,1
Give 1,1,1,1
Moreover 1
Reception 1
lawless 1
snuffle 1,1
tangled 1,1
gentlemen 1,1,1,1
compliments 1
While 1,1,1,1,1,1
mistaking 1
would 1,1,1,1,1,1,1,1,1,1,1,1,1,1,1,1,1,1,1,1,1,1,1,1,1,1,1,1,1,1,1,1,1,1,1,1,1,1,1,1,1,1,1,1,1,1,1,1,1,1,1,1,1,1,1,1,1,1,1,1,1,1,1,1,1,1,1,1,1,1,1,1,1,1,1,1,1,1,1,1,1,1,1,1,1,1,1,1,1,1,1,1,1,1,1,1,1,1,1,1,1,1,1,1,1,1,1,1,1,1,1,1,1,1,1,1,1,1,1,1,1,1,1,1,1,1,1,1,1,1,1,1,1,1,1,1,1,1,1,1,1,1,1,1,1,1,1,1,1,1,1,1,1,1,1,1,1,1,1,1,1,1,1,1,1,1,1,1,1,1,1,1,1,1,1,1,1,1,1,1,1,1,1,1,1,1,1,1,1,1,1,1,1,1,1,1,1,1,1,1,1,1,1,1,1,1,1,1,1,1,1,1,1,1,1,1,1,1,1,1,1,1,1,1,1,1,1,1,1,1,1,1,1,1
object 1,1,1,1
elect 1,1,1
destroyed 1
others 1,1,1,1,1,1,1,1
making 1,1,1,1,1,1,1,1,1,1,1,1,1,1
bowlder 1
lent 1
Redistribution 1
shivering 1
rafters 1
obtruded 1
lad 1,1,1,1,1,1,1,1,1,1,1
biggest 1,1
towel 1,1,1,1,1,1,1,1,1,1
Trouble 1
were 1,1,1,1,1,1,1,1,1,1,1,1,1,1,1,1,1,1,1,1,1,1,1,1,1,1,1,1,1,1,1,1,1,1,1,1,1,1,1,1,1,1,1,1,1,1,1,1,1,1,1,1,1,1,1,1,1,1,1,1,1,1,1,1,1,1,1,1,1,1,1,1,1,1,1,1,1,1,1,1,1,1,1,1,1,1,1,1,1,1,1,1,1,1,1,1,1,1,1,1,1,1,1,1,1,1,1,1,1,1,1,1,1,1,1,1,1,1,1,1,1,1,1,1,1,1,1,1,1,1,1,1,1,1,1,1,1,1,1,1,1,1,1,1,1,1,1,1,1,1,1,1,1,1,1,1,1,1,1,1,1,1,1,1,1,1,1,1,1,1,1,1,1,1,1,1,1,1,1,1,1,1,1,1,1,1,1,1,1,1,1,1,1,1,1,1,1,1,1,1,1,1,1,1,1,1,1,1,1,1,1,1,1,1,1,1,1,1,1,1,1,1,1,1,1,1,1,1,1,1,1,1,1,1,1,1,1,1,1,1,1,1,1,1,1,1,1,1,1,1,1,1,1,1,1,1,1,1,1,1,1,1,1,1,1,1,1,1,1,1,1,1,1,1
doctor 1,1,1,1,1,1,1,1,1,1,1,1
robbing 1
let 1,1,1,1,1,1,1,1,1,1,1,1,1,1,1,1,1,1,1,1,1,1,1,1,1,1,1,1,1,1,1,1,1,1,1,1,1,1,1,1,1,1,1,1,1,1,1,1,1,1,1,1,1,1,1,1,1,1,1,1,1,1,1,1,1,1,1,1,1,1,1,1,1,1,1,1,1,1,1
throwed 1,1
Punishment 1,1
clay 1,1,1,1,1,1,1,1,1,1
Creating 1
Court 1,1
unable 1
lip 1,1,1,1,1,1
Gimme 1
chest 1,1
full 1,1,1,1,1,1,1,1,1,1,1,1,1,1,1,1,1,1,1,1,1,1,1,1,1,1,1,1,1,1,1,1,1,1
center 1
titles 1
supper 1,1,1,1,1,1,1,1,1
ordeal 1
Drop 1,1,1
lot 1,1,1,1,1
ALABAMA 1
centre 1,1
Detective 1
mien 1
checked 1,1
curiosity 1,1,1,1,1,1
minutes 1,1,1,1,1,1,1,1,1,1,1,1,1,1,1,1
particular 1,1,1,1,1,1,1,1
piratical 1
Contemplating 1
relief 1,1,1,1,1,1,1
wildly 1
persuaded 1
terrors 1,1
intangible 1
DISTRIBUTOR 1
swarmed 1
whichever 1
oatmeal 1
miny 1
mine 1,1,1,1,1,1,1
breathless 1,1
regarding 1
gratefully 1,1,1
papers 1,1
permission 1,1,1,1,1,1,1
Nottingham 1
virtuous 1
XXVIII 1,1
sprung 1
sheltering 1
Unbutton 1
handsome 1
nonsense 1
wicked 1,1,1
structure 1
surveyed 1,1,1,1
breast 1,1,1,1,1,1,1
character 1,1,1
Forewarnings 1
above 1,1,1,1,1,1,1,1,1,1,1,1,1,1
jingo 1
shared 1
trooped 1
monds 1,1,1,1
alloy 1,1
gesture 1
overlook 1
Sudden 1
gutenberg 1,1,1,1,1
sunshine 1,1
eyeing 1
stile 1,1,1,1,1
persecution 1
altogether 1,1,1,1,1
alley 1,1,1,1,1,1,1,1,1,1,1,1,1
discover 1
mum 1,1,1,1,1,1,1,1,1,1,1
agin 1,1
selfishness 1
music 1,1,1,1,1
Street 1
Trip 1
scratched 1,1,1
stretch 1,1,1,1,1,1,1
vagrant 1,1,1,1
medal 1
drifting 1,1,1,1,1,1,1
referred 1,1
hogshead 1,1,1
told 1,1,1,1,1,1,1,1,1,1,1,1,1,1,1,1,1,1,1,1,1,1,1,1,1,1,1,1,1,1,1,1,1,1,1,1,1,1,1,1,1,1,1,1,1,1,1,1
thousands 1,1,1,1,1
tollable 1
manufactured 1
linger 1
scorched 1
Soon 1,1,1
admiring 1,1,1
took 1,1,1,1,1,1,1,1,1,1,1,1,1,1,1,1,1,1,1,1,1,1,1,1,1,1,1,1,1,1,1,1,1,1,1,1,1,1,1,1,1,1,1,1,1,1,1,1,1,1,1,1,1,1,1,1,1,1,1,1,1,1,1,1,1,1,1,1,1,1,1,1,1,1,1,1,1,1,1,1,1,1
Finn 1,1,1,1,1,1,1,1,1,1,1,1,1,1,1,1,1,1
joyous 1
reddened 1
prouder 1
Sour 1
palpable 1
boring 1
gossip 1
swears 1
flaky 1
nearly 1,1,1,1,1,1,1,1,1,1,1,1
patting 1
nor 1,1,1,1,1,1,1,1,1,1,1
glorified 1,1
statement 1,1,1
rise 1,1,1,1
haired 1
catch 1,1,1,1,1,1,1,1,1,1
counsel 1,1
determined 1,1,1,1,1
gloating 1
befitted 1
ruinous 1
awoke 1,1,1,1,1,1,1
_she 1,1
contained 1,1
shiny 1
aversion 1
Questions 1
turning 1,1,1,1,1
wended 1,1
Place 1
vent 1
girls 1,1,1,1,1,1,1,1,1,1,1,1,1,1,1,1,1
image 1
knife 1,1,1,1,1,1,1,1,1,1,1,1,1,1,1,1,1,1,1,1,1,1,1,1,1,1
carry 1,1,1,1,1,1,1,1,1
dozing 1
random 1,1
oak 1,1,1
trouble 1,1,1,1,1,1,1,1,1,1,1,1,1,1,1,1,1,1,1,1,1,1,1,1,1,1,1,1,1,1,1
transcribe 1
burnt 1,1
thunderpeals 1
ornery 1
off 1,1,1,1,1,1,1,1,1,1,1,1,1,1,1,1,1,1,1,1,1,1,1,1,1,1,1,1,1,1,1,1,1,1,1,1,1,1,1,1,1,1,1,1,1,1,1,1,1,1,1,1,1,1,1,1,1,1,1,1,1,1,1,1,1,1,1,1,1,1,1,1,1,1,1,1,1,1,1,1,1,1,1,1,1,1,1,1,1,1,1,1,1,1,1,1,1,1,1,1,1,1,1,1,1
Considering 1
edge 1,1,1,1,1,1,1
coal 1
bushy 1
promised 1,1,1,1,1,1,1,1,1,1,1
pillared 1
_Your_ 1
drownded 1,1,1,1,1
pull 1,1,1
Name 1
enclosed 1,1
sprang 1,1,1,1,1,1,1,1,1,1,1,1,1
treated 1
Camp 1,1,1,1
coin 1,1
wide 1,1,1,1,1,1,1,1,1,1,1,1,1
Nance 1
fiercely 1
displays 1
wartiest 1
closing 1,1,1,1
Book 1
method 1
Those 1,1
sensibly 1
consuming 1,1
firmness 1
ails 1,1
hospitable 1
climbing 1,1,1
core 1
chips 1
contributions 1
_deaf 1
_Ain 1
_then_ 1
merciful 1,1
licensed 1
echoes 1,1,1
foliage 1,1,1,1
overwhelm 1
combined 1,1
skipping 1,1
scenes 1
medium 1,1,1,1,1,1
Deck 1
cheerfulness 1,1
scarum 1,1
rowed 1
arrow 1,1,1
Rousing 1
manner 1,1,1,1,1,1,1
dismally 1
skull 1,1
Amen 1,1
groan 1,1,1,1,1
interested 1,1,1,1,1,1,1,1
liberty 1
smothers 1
snug 1,1,1
Project 1,1,1,1,1,1,1,1,1,1,1,1,1,1,1,1,1,1,1,1,1,1,1,1,1,1,1,1,1,1,1,1,1,1,1,1,1,1,1,1,1,1,1,1,1,1,1,1,1,1,1,1,1,1,1,1,1,1,1,1,1,1,1,1,1,1,1,1,1,1,1,1,1,1,1,1,1,1,1,1,1,1,1
banisters 1
Devils 1,1
realism 1
mornings 1
receive 1,1,1,1
Waylay 1
feelings 1,1,1
subsidence 1
quivered 1
uncomfortable 1,1,1,1,1,1,1,1
Not 1,1,1,1,1,1,1,1,1,1
employees 1,1
pipes 1,1,1,1,1
attentions 1,1
genius 1
circles 1,1
put 1,1,1,1,1,1,1,1,1,1,1,1,1,1,1,1,1,1,1,1,1,1,1,1,1,1,1,1,1,1,1,1,1,1,1,1,1,1,1,1,1,1,1,1,1,1,1,1,1,1,1,1,1,1,1,1
VIII 1,1
lately 1,1,1,1
adventurers 1
cravat 1
companions 1,1
groped 1,1,1,1
nibbling 1
animosity 1
soap 1,1
Adventures 1,1,1,1
caved 1
frostwork 1
clean 1,1,1,1,1,1,1,1,1
uneasy 1,1,1,1,1
ticking 1,1,1
Sundays 1,1,1
sofa 1
Said 1,1,1
souring 1
millions 1
comes 1,1,1,1,1,1,1,1,1,1,1,1,1,1,1,1
modesty 1
absurd 1,1
Course 1,1
2001 1
Turn 1,1
additional 1,1,1
owner 1,1,1,1,1,1,1,1
solo 1
foreshadowed 1
home 1,1,1,1,1,1,1,1,1,1,1,1,1,1,1,1,1,1,1,1,1,1,1,1,1,1,1,1,1,1,1,1,1,1,1,1,1,1,1,1,1,1,1,1,1,1,1,1,1,1,1
paragraphs 1,1,1
lacerate 1
XXIII 1,1
culprit 1
hardest 1
Introduced 1
grease 1,1,1,1,1
rustle 1
refugee 1
experiences 1
toils 1
Hays 1
sown 1
jewel 1
excess 1
clump 1,1
labboard 1,1
tranquilly 1,1
graveyard 1,1,1,1,1,1,1
announced 1
derivative 1,1,1
every 1,1,1,1,1,1,1,1,1,1,1,1,1,1,1,1,1,1,1,1,1,1,1,1,1,1,1,1,1,1,1,1,1,1,1,1,1,1,1,1,1,1,1,1,1,1,1,1,1,1,1,1,1,1,1,1,1,1,1,1,1,1,1
consound 1
wisest 1,1
consist 1
SATURDAY 1
outlying 1
winging 1
bottom 1,1,1,1,1
spade 1,1
healed 1
deafen 1
authorities 1
rolling 1,1,1,1,1,1
unwinding 1
slink 1
reconciliation 1
astonishment 1,1,1,1
dreamily 1
red 1,1,1,1,1,1,1,1,1,1,1
finish 1,1,1
_bad_ 1,1
sociables 1
Becuz 1,1,1,1
sorry 1,1,1,1,1,1,1,1,1,1
whitewashin 1
absentmindedness 1
Made 1
6221541 1
hairs 1
unsolicited 1
ruination 1
fishin 1
commenced 1
amongst 1
maintaining 1
mended 1
toiled 1,1
rod 1,1
louder 1,1,1
doodle 1,1
taste 1,1,1
Twas 1
sorer 1
Many 1,1,1
stirred 1,1,1,1,1,1,1,1
Sleep 1
swallowing 1
Scat 1
yourself 1,1,1,1,1,1,1,1,1,1,1,1
Look 1,1,1,1,1,1,1,1,1,1,1,1,1,1
Murrel 1
counterfeited 1
Judge 1,1,1,1,1,1,1,1,1,1,1,1,1,1,1,1,1,1,1,1,1,1,1,1,1,1
Mark 1,1,1,1
negative 1
Cracky 1
adherent 1
saturated 1
vestibule 1,1,1
auditory 1
participating 1
cash 1
protect 1,1,1,1
Examination 1,1,1,1,1
more 1,1,1,1,1,1,1,1,1,1,1,1,1,1,1,1,1,1,1,1,1,1,1,1,1,1,1,1,1,1,1,1,1,1,1,1,1,1,1,1,1,1,1,1,1,1,1,1,1,1,1,1,1,1,1,1,1,1,1,1,1,1,1,1,1,1,1,1,1,1,1,1,1,1,1,1,1,1,1,1,1,1,1,1,1,1,1,1,1,1,1,1,1,1,1,1,1,1,1,1,1,1,1,1,1,1,1,1,1,1,1,1,1,1,1,1,1,1,1,1,1,1,1,1,1,1,1,1,1,1,1,1,1,1,1,1,1,1,1,1
dauntless 1
deathbed 1
playthings 1
momentarily 1
cave 1,1,1,1,1,1,1,1,1,1,1,1,1,1,1,1,1,1,1,1,1,1,1,1,1,1,1,1,1,1,1,1,1,1,1,1,1,1,1,1
king 1
rudely 1,1
yawl 1
Mayn 1
facetious 1
_won 1
bad 1,1,1,1,1,1,1,1,1,1,1,1,1,1,1,1
boys 1,1,1,1,1,1,1,1,1,1,1,1,1,1,1,1,1,1,1,1,1,1,1,1,1,1,1,1,1,1,1,1,1,1,1,1,1,1,1,1,1,1,1,1,1,1,1,1,1,1,1,1,1,1,1,1,1,1,1,1,1,1,1,1,1,1,1,1,1,1,1,1,1,1,1,1,1,1,1,1,1,1,1,1,1,1,1,1,1,1,1,1,1,1,1,1,1,1,1,1,1,1,1,1,1,1,1,1,1,1,1,1,1,1,1,1,1,1,1,1,1,1,1,1,1,1,1,1,1,1,1,1,1,1,1,1,1,1,1,1,1,1,1,1,1,1,1,1,1,1,1,1,1,1,1,1
suffer 1,1,1,1,1
soaked 1,1
angry 1,1,1,1,1,1
submitted 1
onslaught 1
Enjoying 1
compared 1
slicing 1
sew 1
auspices 1
bet 1,1,1,1,1,1,1,1,1,1,1,1,1,1,1,1,1,1,1,1,1,1,1,1,1
_That_ 1
uttered 1,1,1
Sighing 1
tiptoe 1,1,1
surface 1,1
India 1
woodshed 1,1,1,1
thunderbolt 1,1
resisted 1,1
lonesomest 1
som 1
dismantled 1,1
sow 1
mental 1,1,1,1
Terrible 1
unfortunate 1
tearful 1,1
mould 1
OWNER 1
encouraged 1
draws 1
afeard 1,1,1,1,1,1,1
pleasure 1,1,1
horse 1,1,1,1
current 1,1,1,1,1,1,1,1
dern 1,1,1,1,1,1
storm 1,1,1,1,1,1
strangling 1,1
Huck 1,1,1,1,1,1,1,1,1,1,1,1,1,1,1,1,1,1,1,1,1,1,1,1,1,1,1,1,1,1,1,1,1,1,1,1,1,1,1,1,1,1,1,1,1,1,1,1,1,1,1,1,1,1,1,1,1,1,1,1,1,1,1,1,1,1,1,1,1,1,1,1,1,1,1,1,1,1,1,1,1,1,1,1,1,1,1,1,1,1,1,1,1,1,1,1,1,1,1,1,1,1,1,1,1,1,1,1,1,1,1,1,1,1,1,1,1,1,1,1,1,1,1,1,1,1,1,1,1,1,1,1,1,1,1,1,1,1,1,1,1,1,1,1,1,1,1,1,1,1,1,1,1,1,1,1,1,1,1,1,1,1,1,1,1,1,1,1,1,1,1,1,1,1,1,1,1,1,1,1,1,1,1,1,1,1,1,1,1,1,1,1,1,1,1,1,1,1,1,1,1,1,1,1,1,1,1,1,1,1,1,1,1,1,1,1,1,1,1,1,1,1,1,1,1,1,1,1,1,1,1,1,1,1,1,1,1,1,1,1,1,1,1,1,1,1,1,1,1,1,1,1,1,1,1,1,1
novelties 1
higher 1,1,1,1,1,1
mortar 1
nightfall 1,1,1
children 1,1,1,1,1,1,1,1,1,1,1,1,1,1,1,1,1,1,1,1,1,1,1,1,1,1,1
nobody 1,1,1,1,1,1,1,1,1,1,1,1,1,1,1
Next 1,1,1,1,1,1,1,1
range 1
sickening 1
safe 1,1,1,1,1,1,1,1,1,1
sail 1,1,1,1,1,1
marvellously 1
alarm 1
